Time (seconds), Duration (seconds),pred_(unlabeled),pred_imbalance,pred_working,pred_impact
0.00000,3.01194,0.78865,0.00000,0.02393,0.18742
0.20000,3.01194,0.84290,0.00814,0.05988,0.08908
0.40000,3.01194,0.78856,0.12207,0.00634,0.08304
0.60000,3.01194,0.95250,0.00590,0.00197,0.03963
0.80000,3.01194,0.91682,0.00055,0.00105,0.08158
1.00000,3.01194,0.90442,0.00031,0.00025,0.09502
1.20000,3.01194,0.79276,0.00002,0.00512,0.20210
1.40000,3.01194,0.86828,0.00044,0.04019,0.09108
1.60000,3.01194,0.92989,0.00025,0.01117,0.05869
1.80000,3.01194,0.99553,0.00011,0.00326,0.00111
2.00000,3.01194,0.96764,0.00001,0.03136,0.00100
2.20000,3.01194,0.85697,0.00026,0.13888,0.00388
2.40000,3.01194,0.66586,0.01589,0.30466,0.01359
2.60000,3.01194,0.41331,0.09649,0.46784,0.02236
2.80000,3.01194,0.72815,0.10486,0.08782,0.07916
3.00000,3.01194,0.73519,0.04301,0.06240,0.15940
3.20000,3.01194,0.78363,0.01131,0.11646,0.08861
3.40000,3.01194,0.92190,0.00169,0.02744,0.04897
3.60000,3.01194,0.83281,0.01907,0.03284,0.11528
3.80000,3.01194,0.52978,0.39060,0.01473,0.06489
4.00000,3.01194,0.69834,0.26646,0.00232,0.03288
4.20000,3.01194,0.99377,0.00114,0.00029,0.00480
4.40000,3.01194,0.97551,0.00004,0.00136,0.02309
4.60000,3.01194,0.79626,0.00000,0.00097,0.20277
4.80000,3.01194,0.78393,0.00001,0.00368,0.21237
5.00000,3.01194,0.94257,0.03913,0.00837,0.00994
5.20000,3.01194,0.99880,0.00048,0.00040,0.00032
5.40000,3.01194,0.99322,0.00012,0.00644,0.00021
5.60000,3.01194,0.90153,0.00001,0.09468,0.00378
5.80000,3.01194,0.74232,0.00106,0.22768,0.02895
6.00000,3.01194,0.65837,0.12416,0.18998,0.02749
6.20000,3.01194,0.71447,0.13205,0.06815,0.08534
6.40000,3.01194,0.60301,0.33336,0.01481,0.04882
6.60000,3.01194,0.96771,0.00786,0.01125,0.01318
6.80000,3.01194,0.41588,0.55740,0.01013,0.01658
7.00000,3.01194,0.68665,0.25579,0.01697,0.04059
7.20000,3.01194,0.50932,0.48644,0.00043,0.00381
7.40000,3.01194,0.97993,0.01446,0.00007,0.00554
7.60000,3.01194,0.99379,0.00004,0.00006,0.00610
7.80000,3.01194,0.92623,0.00001,0.00026,0.07351
8.00000,3.01194,0.91304,0.00008,0.00170,0.08518
8.20000,3.01194,0.92964,0.00083,0.01822,0.05131
8.40000,3.01194,0.99805,0.00002,0.00086,0.00107
8.60000,3.01194,0.99567,0.00003,0.00421,0.00009
8.80000,3.01194,0.96475,0.00002,0.03225,0.00298
9.00000,3.01194,0.87404,0.00002,0.12155,0.00439
9.20000,3.01194,0.94426,0.00107,0.05175,0.00292
9.40000,3.01194,0.73744,0.00098,0.24899,0.01260
9.60000,3.01194,0.63691,0.16001,0.16195,0.04113
9.80000,3.01194,0.77036,0.07310,0.03761,0.11893
10.00000,3.01194,0.95912,0.02003,0.00771,0.01314
10.20000,3.01194,0.72360,0.15059,0.04397,0.08184
10.40000,3.01194,0.69873,0.21996,0.03789,0.04342
10.60000,3.01194,0.74898,0.24057,0.00145,0.00901
10.80000,3.01194,0.99885,0.00099,0.00007,0.00009
11.00000,3.01194,0.99420,0.00103,0.00021,0.00456
11.20000,3.01194,0.75015,0.00004,0.00068,0.24913
11.40000,3.01194,0.71228,0.00024,0.00488,0.28261
11.60000,3.01194,0.98070,0.00077,0.00636,0.01217
11.80000,3.01194,0.99900,0.00004,0.00091,0.00006
12.00000,3.01194,0.99376,0.00008,0.00614,0.00002
12.20000,3.01194,0.88183,0.00010,0.10935,0.00871
12.40000,3.01194,0.78025,0.00264,0.16311,0.05400
12.60000,3.01194,0.71287,0.00305,0.24919,0.03489
12.80000,3.01194,0.78538,0.00407,0.19231,0.01824
13.00000,3.01194,0.59173,0.12296,0.26397,0.02134
13.20000,3.01194,0.98648,0.00793,0.00045,0.00514
13.40000,3.01194,0.93547,0.03701,0.00060,0.02691
13.60000,3.01194,0.99425,0.00011,0.00236,0.00328
13.80000,3.01194,0.42237,0.01389,0.04968,0.51406
14.00000,3.01194,0.97698,0.00001,0.00725,0.01576
14.20000,3.01194,0.66292,0.00057,0.05107,0.28544
14.40000,3.01194,0.96102,0.00004,0.00407,0.03487
14.60000,3.01194,0.26295,0.00000,0.00063,0.73641
14.80000,3.01194,0.43925,0.00001,0.00642,0.55431
15.00000,3.01194,0.95632,0.00001,0.04364,0.00003
15.20000,3.01194,0.99902,0.00000,0.00091,0.00007
15.40000,3.01194,0.96447,0.00281,0.02580,0.00692
15.60000,3.01194,0.83912,0.02018,0.08473,0.05597
15.80000,3.01194,0.66778,0.00016,0.31582,0.01624
16.00000,3.01194,0.99885,0.00000,0.00063,0.00052
16.20000,3.01194,0.80581,0.00010,0.19385,0.00024
16.40000,3.01194,0.99755,0.00057,0.00141,0.00048
16.60000,3.01194,0.96196,0.02659,0.00251,0.00893
16.80000,3.01194,0.65754,0.33441,0.00134,0.00671
17.00000,3.01194,0.85956,0.05683,0.02427,0.05933
17.20000,3.01194,0.86144,0.01394,0.01099,0.11363
17.40000,3.01194,0.99919,0.00000,0.00011,0.00070
17.60000,3.01194,0.99368,0.00002,0.00290,0.00340
17.80000,3.01194,0.83187,0.00001,0.00132,0.16680
18.00000,3.01194,0.73310,0.00000,0.00228,0.26462
18.20000,3.01194,0.87010,0.00048,0.00937,0.12006
18.40000,3.01194,0.99863,0.00002,0.00110,0.00025
18.60000,3.01194,0.99848,0.00002,0.00146,0.00004
18.80000,3.01194,0.96961,0.00000,0.03032,0.00006
19.00000,3.01194,0.95209,0.00013,0.04593,0.00184
19.20000,3.01194,0.57549,0.03582,0.33575,0.05295
19.40000,3.01194,0.76930,0.10887,0.11630,0.00553
19.60000,3.01194,0.95281,0.03144,0.00864,0.00711
19.80000,3.01194,0.99937,0.00010,0.00016,0.00037
20.00000,3.01194,0.97801,0.00491,0.00336,0.01372
20.20000,3.01194,0.57063,0.35761,0.03400,0.03776
20.40000,3.01194,0.39273,0.54741,0.00814,0.05173
20.60000,3.01194,0.50401,0.48775,0.00196,0.00629
20.80000,3.01194,0.99254,0.00191,0.00090,0.00465
21.00000,3.01194,0.99766,0.00056,0.00026,0.00153
21.20000,3.01194,0.83482,0.00008,0.00442,0.16068
21.40000,3.01194,0.33854,0.00001,0.00118,0.66026
21.60000,3.01194,0.52195,0.00133,0.00254,0.47418
21.80000,3.01194,0.99834,0.00022,0.00020,0.00124
22.00000,3.01194,0.99353,0.00036,0.00597,0.00013
22.20000,3.01194,0.99348,0.00008,0.00597,0.00047
22.40000,3.01194,0.84148,0.00726,0.13002,0.02123
22.60000,3.01194,0.81071,0.07405,0.08750,0.02774
22.80000,3.01194,0.73707,0.08117,0.17403,0.00772
23.00000,3.01194,0.76453,0.22735,0.00384,0.00427
23.20000,3.01194,0.98516,0.01202,0.00109,0.00173
23.40000,3.01194,0.97402,0.00931,0.00065,0.01601
23.60000,3.01194,0.66546,0.30509,0.00345,0.02600
23.80000,3.01194,0.47877,0.47533,0.00125,0.04466
24.00000,3.01194,0.96649,0.02198,0.00028,0.01125
24.20000,3.01194,0.99858,0.00010,0.00002,0.00130
24.40000,3.01194,0.99757,0.00009,0.00012,0.00222
24.60000,3.01194,0.89882,0.00001,0.00198,0.09919
24.80000,3.01194,0.69364,0.00003,0.00349,0.30284
25.00000,3.01194,0.98809,0.00004,0.00392,0.00795
25.20000,3.01194,0.99746,0.00003,0.00236,0.00014
25.40000,3.01194,0.99863,0.00001,0.00132,0.00004
25.60000,3.01194,0.97550,0.00011,0.01973,0.00466
25.80000,3.01194,0.78779,0.00079,0.20346,0.00797
26.00000,3.01194,0.85296,0.01510,0.10801,0.02394
26.20000,3.01194,0.62578,0.05044,0.31857,0.00520
26.40000,3.01194,0.96438,0.01971,0.00318,0.01273
26.60000,3.01194,0.99247,0.00318,0.00343,0.00092
26.80000,3.01194,0.96768,0.00378,0.00496,0.02359
27.00000,3.01194,0.60651,0.27746,0.03247,0.08357
27.20000,3.01194,0.69778,0.16404,0.01591,0.12227
27.40000,3.01194,0.97967,0.00497,0.00136,0.01401
27.60000,3.01194,0.99700,0.00084,0.00064,0.00152
27.80000,3.01194,0.98092,0.00077,0.00095,0.01735
28.00000,3.01194,0.94565,0.00007,0.00329,0.05099
28.20000,3.01194,0.28598,0.00358,0.00160,0.70884
28.40000,3.01194,0.96340,0.00022,0.03482,0.00156
28.60000,3.01194,0.99337,0.00043,0.00616,0.00005
28.80000,3.01194,0.99826,0.00002,0.00168,0.00003
29.00000,3.01194,0.95206,0.00388,0.03306,0.01100
29.20000,3.01194,0.70259,0.01378,0.13698,0.14664
29.40000,3.01194,0.77132,0.05170,0.16286,0.01413
29.60000,3.01194,0.97038,0.00177,0.01891,0.00894
29.80000,3.01194,0.99558,0.00015,0.00389,0.00037
30.00000,3.01194,0.89339,0.07828,0.00357,0.02476
30.20000,3.01194,0.38220,0.57102,0.00600,0.04078
30.40000,3.01194,0.69555,0.16313,0.03557,0.10575
30.60000,3.01194,0.42760,0.50764,0.05433,0.01042
30.80000,3.01194,0.58238,0.39351,0.01478,0.00932
31.00000,3.01194,0.98482,0.00986,0.00207,0.00326
31.20000,3.01194,0.91651,0.07513,0.00030,0.00806
31.40000,3.01194,0.96194,0.02720,0.00014,0.01072
31.60000,3.01194,0.97792,0.00242,0.00049,0.01918
31.80000,3.01194,0.95243,0.00002,0.00046,0.04709
32.00000,3.01194,0.98963,0.00002,0.00473,0.00562
32.20000,3.01194,0.77295,0.00002,0.21724,0.00980
32.40000,3.01194,0.97435,0.00004,0.01968,0.00593
32.60000,3.01194,0.98894,0.00003,0.00992,0.00111
32.80000,3.01194,0.99829,0.00001,0.00139,0.00030
33.00000,3.01194,0.99836,0.00003,0.00157,0.00004
33.20000,3.01194,0.98816,0.00004,0.01142,0.00038
33.40000,3.01194,0.90813,0.00018,0.08799,0.00371
33.60000,3.01194,0.95007,0.00217,0.04217,0.00559
33.80000,3.01194,0.72727,0.04919,0.21653,0.00702
34.00000,3.01194,0.96215,0.00331,0.03247,0.00207
34.20000,3.01194,0.98820,0.00286,0.00880,0.00015
34.40000,3.01194,0.88874,0.10418,0.00103,0.00605
34.60000,3.01194,0.50301,0.44390,0.00845,0.04463
34.80000,3.01194,0.73130,0.10999,0.04179,0.11692
35.00000,3.01194,0.45978,0.09002,0.37954,0.07067
35.20000,3.01194,0.40463,0.27010,0.30479,0.02048
35.40000,3.01194,0.73443,0.11354,0.12607,0.02596
35.60000,3.01194,0.68810,0.25731,0.02941,0.02519
35.80000,3.01194,0.88006,0.05881,0.00430,0.05683
36.00000,3.01194,0.94043,0.01315,0.00234,0.04407
36.20000,3.01194,0.94174,0.00184,0.00152,0.05491
36.40000,3.01194,0.96406,0.00168,0.00107,0.03318
36.60000,3.01194,0.96847,0.00248,0.00187,0.02718
36.80000,3.01194,0.97381,0.00008,0.00131,0.02479
37.00000,3.01194,0.96039,0.00012,0.00344,0.03605
37.20000,3.01194,0.96599,0.00029,0.02232,0.01140
37.40000,3.01194,0.84822,0.00055,0.08827,0.06296
37.60000,3.01194,0.95135,0.00017,0.02010,0.02838
37.80000,3.01194,0.97982,0.00029,0.01227,0.00762
38.00000,3.01194,0.97963,0.00003,0.01756,0.00278
38.20000,3.01194,0.98900,0.00002,0.01053,0.00045
38.40000,3.01194,0.91397,0.00002,0.08398,0.00203
38.60000,3.01194,0.68413,0.00113,0.28512,0.02962
38.80000,3.01194,0.75753,0.04744,0.08698,0.10805
39.00000,3.01194,0.58367,0.27552,0.03768,0.10313
39.20000,3.01194,0.65470,0.12433,0.07862,0.14235
39.40000,3.01194,0.69577,0.08339,0.13802,0.08281
39.60000,3.01194,0.17099,0.08198,0.73095,0.01607
39.80000,3.01194,0.62993,0.20822,0.09588,0.06597
40.00000,3.01194,0.57214,0.36017,0.01993,0.04776
40.20000,3.01194,0.81718,0.12348,0.00421,0.05513
40.40000,3.01194,0.18458,0.79373,0.00097,0.02072
40.60000,3.01194,0.26009,0.71739,0.00329,0.01923
40.80000,3.01194,0.61391,0.36052,0.00137,0.02420
41.00000,3.01194,0.90614,0.07981,0.00091,0.01314
41.20000,3.01194,0.96906,0.01366,0.00144,0.01584
41.40000,3.01194,0.75872,0.01810,0.00289,0.22029
41.60000,3.01194,0.89335,0.05491,0.00187,0.04987
41.80000,3.01194,0.98797,0.01118,0.00065,0.00019
42.00000,3.01194,0.99758,0.00209,0.00029,0.00004
42.20000,3.01194,0.96190,0.01848,0.01468,0.00494
42.40000,3.01194,0.66980,0.00440,0.19880,0.12700
42.60000,3.01194,0.39692,0.42053,0.11018,0.07237
42.80000,3.01194,0.64159,0.33418,0.00722,0.01700
43.00000,3.01194,0.86167,0.10158,0.00316,0.03360
43.20000,3.01194,0.81211,0.17971,0.00096,0.00723
43.40000,3.01194,0.28857,0.70413,0.00153,0.00577
43.60000,3.01194,0.15938,0.83335,0.00151,0.00576
43.80000,3.01194,0.93276,0.06307,0.00025,0.00391
44.00000,3.01194,0.99894,0.00062,0.00003,0.00042
44.20000,3.01194,0.99371,0.00088,0.00017,0.00525
44.40000,3.01194,0.77354,0.00199,0.00075,0.22372
44.60000,3.01194,0.94566,0.00237,0.00190,0.05008
44.80000,3.01194,0.99769,0.00129,0.00095,0.00008
45.00000,3.01194,0.99960,0.00007,0.00032,0.00002
45.20000,3.01194,0.97192,0.00010,0.02707,0.00091
45.40000,3.01194,0.72833,0.00129,0.23651,0.03387
45.60000,3.01194,0.62379,0.06847,0.21191,0.09583
45.80000,3.01194,0.76487,0.17017,0.04040,0.02456
46.00000,3.01194,0.91100,0.03749,0.00353,0.04798
46.20000,3.01194,0.88985,0.09826,0.00089,0.01100
46.40000,3.01194,0.87922,0.09331,0.00448,0.02299
46.60000,3.01194,0.35546,0.59560,0.01713,0.03181
46.80000,3.01194,0.54663,0.43044,0.00324,0.01968
47.00000,3.01194,0.99228,0.00367,0.00024,0.00382
47.20000,3.01194,0.99814,0.00013,0.00012,0.00161
47.40000,3.01194,0.97313,0.00008,0.00015,0.02663
47.60000,3.01194,0.83310,0.00000,0.00012,0.16678
47.80000,3.01194,0.97266,0.00003,0.00890,0.01841
48.00000,3.01194,0.95473,0.00002,0.02404,0.02122
48.20000,3.01194,0.92630,0.00001,0.02939,0.04430
48.40000,3.01194,0.96654,0.00000,0.02113,0.01232
48.60000,3.01194,0.97522,0.00000,0.01987,0.00491
48.80000,3.01194,0.98865,0.00023,0.01073,0.00039
49.00000,3.01194,0.97313,0.00034,0.02345,0.00309
49.20000,3.01194,0.93452,0.00487,0.04770,0.01290
49.40000,3.01194,0.75817,0.11568,0.07971,0.04643
49.60000,3.01194,0.27416,0.44344,0.27606,0.00634
49.80000,3.01194,0.72775,0.25919,0.00160,0.01146
50.00000,3.01194,0.99347,0.00178,0.00355,0.00120
50.20000,3.01194,0.99857,0.00047,0.00011,0.00085
50.40000,3.01194,0.64824,0.34502,0.00034,0.00640
50.60000,3.01194,0.51057,0.44936,0.00104,0.03903
50.80000,3.01194,0.96665,0.01639,0.00064,0.01632
51.00000,3.01194,0.99985,0.00006,0.00002,0.00008
51.20000,3.01194,0.99119,0.00132,0.00176,0.00573
51.40000,3.01194,0.90294,0.00002,0.00209,0.09495
51.60000,3.01194,0.57931,0.00125,0.00560,0.41383
51.80000,3.01194,0.99362,0.00005,0.00044,0.00590
52.00000,3.01194,0.99972,0.00001,0.00025,0.00001
52.20000,3.01194,0.99910,0.00001,0.00088,0.00001
52.40000,3.01194,0.92946,0.00042,0.06112,0.00900
52.60000,3.01194,0.87276,0.01254,0.07088,0.04382
52.80000,3.01194,0.57181,0.01126,0.39197,0.02495
53.00000,3.01194,0.95962,0.00812,0.02187,0.01039
53.20000,3.01194,0.95003,0.03389,0.01092,0.00515
53.40000,3.01194,0.99912,0.00039,0.00007,0.00041
53.60000,3.01194,0.84937,0.14512,0.00043,0.00507
53.80000,3.01194,0.50085,0.47351,0.00396,0.02168
54.00000,3.01194,0.88987,0.09394,0.01119,0.00499
54.20000,3.01194,0.97243,0.02103,0.00543,0.00111
54.40000,3.01194,0.98422,0.01228,0.00046,0.00304
54.60000,3.01194,0.97895,0.01464,0.00015,0.00626
54.80000,3.01194,0.98525,0.00606,0.00016,0.00853
55.00000,3.01194,0.95286,0.03882,0.00122,0.00710
55.20000,3.01194,0.96935,0.00099,0.00603,0.02363
55.40000,3.01194,0.94152,0.00020,0.02658,0.03171
55.60000,3.01194,0.94496,0.00000,0.05007,0.00497
55.80000,3.01194,0.95598,0.00000,0.03852,0.00549
56.00000,3.01194,0.98740,0.00003,0.01189,0.00068
56.20000,3.01194,0.99506,0.00002,0.00485,0.00007
56.40000,3.01194,0.98218,0.00017,0.01733,0.00031
56.60000,3.01194,0.89560,0.00492,0.08421,0.01527
56.80000,3.01194,0.83666,0.01007,0.13621,0.01705
57.00000,3.01194,0.58417,0.19838,0.19554,0.02191
57.20000,3.01194,0.52550,0.45471,0.00622,0.01356
57.40000,3.01194,0.77320,0.22408,0.00039,0.00233
57.60000,3.01194,0.42005,0.57076,0.00017,0.00902
57.80000,3.01194,0.93472,0.06191,0.00030,0.00307
58.00000,3.01194,0.56064,0.29075,0.00409,0.14452
58.20000,3.01194,0.99160,0.00630,0.00013,0.00197
58.40000,3.01194,0.98078,0.00209,0.00105,0.01608
58.60000,3.01194,0.36601,0.02033,0.00024,0.61342
58.80000,3.01194,0.94086,0.01217,0.00262,0.04434
59.00000,3.01194,0.99163,0.00380,0.00419,0.00038
59.20000,3.01194,0.99424,0.00486,0.00072,0.00018
59.40000,3.01194,0.95180,0.00272,0.03654,0.00894
59.60000,3.01194,0.61250,0.00277,0.23187,0.15286
59.80000,3.01194,0.95534,0.02788,0.00515,0.01163
60.00000,3.01194,0.81187,0.15398,0.00825,0.02590
60.20000,3.01194,0.99640,0.00191,0.00043,0.00125
60.40000,3.01194,0.43181,0.54719,0.00119,0.01982
60.60000,3.01194,0.91466,0.07835,0.00029,0.00670
60.80000,3.01194,0.99636,0.00111,0.00021,0.00232
61.00000,3.01194,0.99411,0.00065,0.00005,0.00519
61.20000,3.01194,0.94005,0.00032,0.00042,0.05921
61.40000,3.01193,0.93774,0.00486,0.00413,0.05328
61.60000,3.01194,0.98751,0.00821,0.00323,0.00105
61.80000,3.01194,0.99223,0.00009,0.00632,0.00137
62.00000,3.01194,0.98675,0.00019,0.01153,0.00154
62.20000,3.01194,0.91834,0.00008,0.05689,0.02469
62.40000,3.01193,0.84380,0.00369,0.13157,0.02094
62.60000,3.01194,0.65936,0.01779,0.31987,0.00298
62.80000,3.01194,0.91767,0.00786,0.04867,0.02581
63.00000,3.01194,0.86930,0.03778,0.05142,0.04150
63.20000,3.01194,0.79354,0.19698,0.00141,0.00807
63.40000,3.01193,0.63531,0.35371,0.00011,0.01087
63.60000,3.01194,0.99797,0.00076,0.00007,0.00120
63.80000,3.01194,0.99638,0.00029,0.00007,0.00326
64.00000,3.01194,0.83070,0.00458,0.00007,0.16465
64.20000,3.01194,0.78157,0.00026,0.00104,0.21713
64.40000,3.01193,0.90087,0.02524,0.00685,0.06704
64.60000,3.01194,0.94438,0.00342,0.00901,0.04319
64.80000,3.01193,0.81581,0.00044,0.15280,0.03095
65.00000,3.01194,0.73002,0.00023,0.16201,0.10774
65.20000,3.01194,0.91624,0.00195,0.02081,0.06100
65.40000,3.01193,0.97247,0.01203,0.01034,0.00515
65.60000,3.01194,0.95339,0.00215,0.04214,0.00233
65.80000,3.01193,0.76564,0.01168,0.22056,0.00212
66.00000,3.01194,0.64951,0.08474,0.17344,0.09231
66.20000,3.01194,0.82238,0.00319,0.09872,0.07571
66.40000,3.01193,0.96076,0.02852,0.00300,0.00772
66.60000,3.01194,0.94021,0.03642,0.00523,0.01813
66.80000,3.01193,0.82147,0.16172,0.00392,0.01289
67.00000,3.01194,0.97196,0.02763,0.00001,0.00040
67.20000,3.01194,0.99978,0.00000,0.00000,0.00022
67.40000,3.01193,0.99926,0.00000,0.00001,0.00073
67.60000,3.01194,0.85030,0.00000,0.00336,0.14634
67.80000,3.01193,0.90291,0.00008,0.00420,0.09281
68.00000,3.01194,0.99161,0.00005,0.00093,0.00741
68.20000,3.01194,0.99862,0.00010,0.00127,0.00001
68.40000,3.01193,0.99746,0.00000,0.00250,0.00004
68.60000,3.01194,0.98936,0.00000,0.00885,0.00178
68.80000,3.01193,0.84878,0.00026,0.14642,0.00454
69.00000,3.01194,0.78433,0.00398,0.19743,0.01426
69.20000,3.01194,0.52138,0.16054,0.30571,0.01237
69.40000,3.01193,0.94161,0.04548,0.00120,0.01171
69.60000,3.01194,0.99834,0.00065,0.00093,0.00008
69.80000,3.01193,0.99460,0.00515,0.00005,0.00020
70.00000,3.01194,0.75218,0.08044,0.00579,0.16158
70.20000,3.01194,0.82522,0.13259,0.01108,0.03111
70.40000,3.01193,0.38483,0.61332,0.00032,0.00153
70.60000,3.01194,0.99316,0.00635,0.00008,0.00041
70.80000,3.01193,0.99008,0.00611,0.00002,0.00379
71.00000,3.01194,0.98230,0.00010,0.00001,0.01758
71.20000,3.01194,0.99238,0.00093,0.00037,0.00632
71.40000,3.01193,0.97010,0.00037,0.00371,0.02582
71.60000,3.01194,0.93330,0.00097,0.05042,0.01531
71.80000,3.01193,0.81867,0.00007,0.17681,0.00445
72.00000,3.01194,0.97325,0.00000,0.02589,0.00086
72.20000,3.01194,0.98950,0.00000,0.01020,0.00030
72.40000,3.01193,0.99212,0.00000,0.00761,0.00027
72.60000,3.01194,0.98290,0.00003,0.01643,0.00064
72.80000,3.01193,0.90528,0.00038,0.08633,0.00800
73.00000,3.01194,0.66870,0.00665,0.30115,0.02351
73.20000,3.01194,0.79511,0.04507,0.11024,0.04959
73.40000,3.01193,0.78227,0.10385,0.04750,0.06638
73.60000,3.01194,0.41427,0.55452,0.00280,0.02841
73.80000,3.01193,0.57390,0.31872,0.01364,0.09375
74.00000,3.01194,0.89934,0.04948,0.01250,0.03869
74.20000,3.01194,0.67329,0.30045,0.01406,0.01221
74.40000,3.01193,0.09068,0.89850,0.00728,0.00353
74.60000,3.01194,0.17014,0.82340,0.00454,0.00193
74.80000,3.01193,0.90279,0.08515,0.00834,0.00372
75.00000,3.01194,0.99310,0.00553,0.00016,0.00121
75.20000,3.01194,0.99529,0.00212,0.00001,0.00259
75.40000,3.01193,0.97894,0.00001,0.00003,0.02102
75.60000,3.01194,0.99195,0.00011,0.00078,0.00716
75.80000,3.01193,0.89662,0.00002,0.00990,0.09346
76.00000,3.01194,0.95665,0.00004,0.01839,0.02491
76.20000,3.01194,0.96626,0.00000,0.02728,0.00646
76.40000,3.01193,0.99266,0.00000,0.00629,0.00104
76.60000,3.01194,0.99623,0.00000,0.00371,0.00006
76.80000,3.01193,0.99367,0.00002,0.00605,0.00025
77.00000,3.01194,0.88081,0.00971,0.09456,0.01492
77.20000,3.01194,0.91276,0.00624,0.06269,0.01831
77.40000,3.01193,0.58461,0.09180,0.28748,0.03610
77.60000,3.01194,0.64341,0.30111,0.03492,0.02057
77.80000,3.01193,0.66541,0.31904,0.00546,0.01009
78.00000,3.01194,0.76332,0.21440,0.00254,0.01974
78.20000,3.01194,0.35576,0.60034,0.00334,0.04057
78.40000,3.01193,0.66640,0.30520,0.00312,0.02528
78.60000,3.01194,0.12529,0.86552,0.00657,0.00262
78.80000,3.01193,0.20297,0.76510,0.00965,0.02229
79.00000,3.01194,0.57379,0.42013,0.00178,0.00429
79.20000,3.01194,0.87676,0.12125,0.00067,0.00133
79.40000,3.01193,0.99093,0.00554,0.00009,0.00344
79.60000,3.01194,0.98359,0.01390,0.00001,0.00250
79.80000,3.01193,0.98251,0.00329,0.00010,0.01409
80.00000,3.01194,0.96799,0.00090,0.00143,0.02969
80.20000,3.01194,0.92422,0.00002,0.00884,0.06692
80.40000,3.01193,0.97610,0.00021,0.01242,0.01127
80.60000,3.01194,0.98543,0.00000,0.01246,0.00211
80.80000,3.01193,0.99553,0.00001,0.00423,0.00023
81.00000,3.01194,0.99103,0.00010,0.00881,0.00006
81.20000,3.01194,0.98679,0.00012,0.01262,0.00047
81.40000,3.01193,0.88972,0.00200,0.09714,0.01114
81.60000,3.01194,0.74232,0.03227,0.20234,0.02307
81.80000,3.01193,0.74504,0.13235,0.04689,0.07572
82.00000,3.01194,0.76659,0.15957,0.02546,0.04838
82.20000,3.01194,0.40167,0.56712,0.00886,0.02235
82.40000,3.01193,0.31911,0.63726,0.00533,0.03829
82.60000,3.01194,0.53700,0.28233,0.05608,0.12459
82.80000,3.01193,0.51643,0.35528,0.07633,0.05197
83.00000,3.01194,0.77286,0.05594,0.09939,0.07181
83.20000,3.01194,0.52239,0.45180,0.00892,0.01689
83.40000,3.01193,0.03480,0.96341,0.00115,0.00065
83.60000,3.01194,0.43357,0.55627,0.00374,0.00642
83.80000,3.01193,0.93133,0.06097,0.00054,0.00717
84.00000,3.01194,0.99740,0.00041,0.00021,0.00198
84.20000,3.01194,0.99963,0.00000,0.00004,0.00033
84.40000,3.01193,0.97281,0.00002,0.00333,0.02384
84.60000,3.01194,0.89317,0.00003,0.00717,0.09963
84.80000,3.01193,0.80345,0.00003,0.01726,0.17927
85.00000,3.01194,0.99943,0.00000,0.00051,0.00005
85.20000,3.01194,0.99968,0.00000,0.00032,0.00000
85.40000,3.01193,0.99710,0.00000,0.00280,0.00010
85.60000,3.01194,0.94165,0.00076,0.04855,0.00904
85.80000,3.01193,0.94947,0.00635,0.03587,0.00831
86.00000,3.01194,0.55885,0.16359,0.24269,0.03487
86.20000,3.01194,0.94716,0.03384,0.00805,0.01095
86.40000,3.01193,0.89102,0.06701,0.03658,0.00539
86.60000,3.01194,0.96472,0.02779,0.00186,0.00563
86.80000,3.01193,0.60090,0.37531,0.00356,0.02023
87.00000,3.01194,0.53617,0.39474,0.01496,0.05413
87.20000,3.01194,0.57727,0.16083,0.06097,0.20092
87.40000,3.01193,0.43424,0.48982,0.01190,0.06404
87.60000,3.01194,0.63623,0.32271,0.00552,0.03554
87.80000,3.01193,0.07378,0.92442,0.00038,0.00142
88.00000,3.01194,0.09184,0.90644,0.00005,0.00167
88.20000,3.01194,0.73515,0.25848,0.00012,0.00625
88.40000,3.01193,0.99072,0.00378,0.00006,0.00544
88.60000,3.01194,0.98362,0.00896,0.00005,0.00737
88.80000,3.01193,0.89595,0.00466,0.00041,0.09899
89.00000,3.01194,0.90786,0.00666,0.00593,0.07955
89.20000,3.01194,0.99695,0.00094,0.00068,0.00143
89.40000,3.01193,0.99699,0.00012,0.00269,0.00020
89.60000,3.01194,0.99101,0.00002,0.00875,0.00022
89.80000,3.01193,0.93776,0.00144,0.05671,0.00410
90.00000,3.01194,0.90533,0.02283,0.05528,0.01657
90.20000,3.01194,0.91991,0.03700,0.03774,0.00535
90.40000,3.01193,0.89642,0.06600,0.02300,0.01457
90.60000,3.01194,0.77310,0.18276,0.01825,0.02589
90.80000,3.01193,0.34695,0.63996,0.00389,0.00920
91.00000,3.01194,0.26256,0.73138,0.00122,0.00484
91.20000,3.01194,0.19750,0.79273,0.00138,0.00839
91.40000,3.01193,0.27616,0.68911,0.00743,0.02729
91.60000,3.01194,0.45670,0.42809,0.06347,0.05174
91.80000,3.01193,0.35050,0.48783,0.06812,0.09355
92.00000,3.01194,0.64608,0.24959,0.03634,0.06799
92.20000,3.01194,0.54710,0.40497,0.00800,0.03992
92.40000,3.01193,0.46136,0.50993,0.00605,0.02265
92.60000,3.01194,0.46065,0.51553,0.00131,0.02251
92.80000,3.01193,0.89127,0.06027,0.00058,0.04787
93.00000,3.01194,0.99880,0.00005,0.00009,0.00106
93.20000,3.01194,0.97078,0.00031,0.00242,0.02649
93.40000,3.01193,0.96837,0.00058,0.00224,0.02881
93.60000,3.01194,0.87254,0.00784,0.01095,0.10868
93.80000,3.01193,0.98604,0.00304,0.00093,0.00998
94.00000,3.01194,0.99840,0.00010,0.00128,0.00022
94.20000,3.01194,0.98508,0.00010,0.01440,0.00043
94.40000,3.01193,0.93397,0.00714,0.02790,0.03099
94.60000,3.01194,0.93767,0.02589,0.02892,0.00752
94.80000,3.01193,0.91539,0.04254,0.03032,0.01175
95.00000,3.01194,0.87087,0.01569,0.10377,0.00967
95.20000,3.01194,0.86524,0.03119,0.09221,0.01136
95.40000,3.01193,0.99919,0.00017,0.00050,0.00013
95.60000,3.01194,0.95808,0.03760,0.00059,0.00373
95.80000,3.01193,0.68756,0.29400,0.00103,0.01740
96.00000,3.01194,0.27800,0.68382,0.00567,0.03252
96.20000,3.01194,0.53044,0.21855,0.10122,0.14979
96.40000,3.01193,0.70548,0.08406,0.09932,0.11114
96.60000,3.01194,0.34708,0.63952,0.00915,0.00424
96.80000,3.01193,0.47203,0.51940,0.00549,0.00307
97.00000,3.01194,0.30308,0.67429,0.01287,0.00976
97.20000,3.01194,0.42092,0.55893,0.00187,0.01828
97.40000,3.01193,0.86325,0.10549,0.00133,0.02993
97.60000,3.01194,0.98563,0.00526,0.00055,0.00855
97.80000,3.01193,0.97363,0.00023,0.00015,0.02599
98.00000,3.01194,0.97776,0.00002,0.00079,0.02143
98.20000,3.01194,0.95923,0.00009,0.02898,0.01170
98.40000,3.01193,0.99682,0.00002,0.00179,0.00137
98.60000,3.01194,0.97441,0.00019,0.02298,0.00242
98.80000,3.01193,0.99368,0.00001,0.00598,0.00033
99.00000,3.01194,0.99442,0.00007,0.00540,0.00011
99.20000,3.01194,0.99218,0.00058,0.00584,0.00140
99.40000,3.01193,0.98151,0.00010,0.01680,0.00160
99.60000,3.01194,0.95751,0.00673,0.02229,0.01347
99.80000,3.01193,0.79828,0.07319,0.09382,0.03471
100.00000,3.01194,0.80618,0.16321,0.02456,0.00605
100.20000,3.01194,0.94917,0.04165,0.00745,0.00173
100.40000,3.01193,0.99540,0.00331,0.00042,0.00086
100.60000,3.01194,0.93598,0.05473,0.00097,0.00833
100.80000,3.01193,0.59350,0.33872,0.00331,0.06447
101.00000,3.01194,0.86641,0.06779,0.00774,0.05806
101.20000,3.01194,0.92658,0.01298,0.00870,0.05174
101.40000,3.01193,0.39060,0.60721,0.00015,0.00204
101.60000,3.01194,0.95169,0.04373,0.00078,0.00380
101.80000,3.01193,0.99936,0.00043,0.00012,0.00009
102.00000,3.01194,0.99122,0.00003,0.00314,0.00562
102.20000,3.01194,0.98714,0.00003,0.00198,0.01085
102.40000,3.01193,0.37219,0.00086,0.00358,0.62336
102.60000,3.01194,0.97621,0.00096,0.00464,0.01819
102.80000,3.01193,0.99949,0.00002,0.00048,0.00001
103.00000,3.01194,0.99842,0.00005,0.00154,0.00000
103.20000,3.01194,0.94980,0.00046,0.04561,0.00413
103.40000,3.01193,0.87490,0.00894,0.07903,0.03712
103.60000,3.01194,0.43384,0.33848,0.14700,0.08068
103.80000,3.01193,0.94793,0.01032,0.01739,0.02436
104.00000,3.01194,0.98874,0.00029,0.01031,0.00066
104.20000,3.01194,0.98035,0.01611,0.00183,0.00171
104.40000,3.01193,0.94708,0.02688,0.00323,0.02281
104.60000,3.01194,0.61882,0.26933,0.01356,0.09829
104.80000,3.01193,0.66029,0.04382,0.04233,0.25356
105.00000,3.01194,0.68725,0.00905,0.07148,0.23221
105.20000,3.01194,0.86817,0.01232,0.03873,0.08078
105.40000,3.01193,0.95176,0.00042,0.01113,0.03669
105.60000,3.01194,0.94334,0.00122,0.01803,0.03741
105.80000,3.01193,0.85867,0.02666,0.02961,0.08507
106.00000,3.01194,0.88867,0.02594,0.01319,0.07220
106.20000,3.01194,0.68951,0.29565,0.00201,0.01283
106.40000,3.01193,0.98369,0.00924,0.00109,0.00598
106.60000,3.01194,0.90991,0.00064,0.00018,0.08927
106.80000,3.01193,0.94114,0.00001,0.00036,0.05850
107.00000,3.01194,0.91769,0.00027,0.05256,0.02948
107.20000,3.01194,0.99389,0.00090,0.00329,0.00193
107.40000,3.01193,0.99476,0.00007,0.00469,0.00047
107.60000,3.01194,0.99229,0.00014,0.00651,0.00106
107.80000,3.01193,0.99882,0.00002,0.00102,0.00014
108.00000,3.01194,0.97832,0.00097,0.01913,0.00157
108.20000,3.01194,0.90234,0.00045,0.09623,0.00099
108.40000,3.01193,0.81508,0.01878,0.12304,0.04310
108.60000,3.01194,0.43460,0.26812,0.28320,0.01408
108.80000,3.01193,0.82874,0.13093,0.00488,0.03544
109.00000,3.01194,0.90710,0.07660,0.00727,0.00904
109.20000,3.01194,0.95089,0.00415,0.00352,0.04144
109.40000,3.01193,0.72743,0.13541,0.02664,0.11052
109.60000,3.01194,0.71861,0.01941,0.07568,0.18629
109.80000,3.01193,0.73180,0.00713,0.05357,0.20750
110.00000,3.01194,0.95682,0.00964,0.00746,0.02608
110.20000,3.01194,0.71389,0.26891,0.00291,0.01429
110.40000,3.01193,0.67744,0.29864,0.00232,0.02160
110.60000,3.01194,0.80627,0.07820,0.00298,0.11255
110.80000,3.01193,0.99312,0.00130,0.00239,0.00318
111.00000,3.01194,0.94244,0.00018,0.00348,0.05390
111.20000,3.01194,0.90975,0.00001,0.00063,0.08960
111.40000,3.01193,0.55929,0.00140,0.00586,0.43345
111.60000,3.01194,0.95373,0.03691,0.00285,0.00651
111.80000,3.01193,0.99742,0.00231,0.00022,0.00005
112.00000,3.01194,0.99847,0.00005,0.00144,0.00005
112.20000,3.01194,0.85671,0.00007,0.13469,0.00853
112.40000,3.01193,0.74547,0.00174,0.19750,0.05529
112.60000,3.01194,0.52533,0.04321,0.35926,0.07221
112.80000,3.01193,0.81108,0.15751,0.00188,0.02953
113.00000,3.01194,0.68108,0.30087,0.00264,0.01541
113.20000,3.01194,0.54639,0.43681,0.00222,0.01458
113.40000,3.01193,0.41677,0.51119,0.01965,0.05239
113.60000,3.01194,0.56681,0.00366,0.12348,0.30605
113.80000,3.01193,0.90426,0.01523,0.02164,0.05887
114.00000,3.01194,0.44230,0.53713,0.00254,0.01804
114.20000,3.01194,0.37756,0.61518,0.00125,0.00600
114.40000,3.01193,0.45853,0.50088,0.00093,0.03967
114.60000,3.01194,0.99952,0.00000,0.00032,0.00016
114.80000,3.01193,0.93549,0.00005,0.00849,0.05596
115.00000,3.01194,0.63555,0.00001,0.00127,0.36316
115.20000,3.01194,0.75007,0.00080,0.00734,0.24179
115.40000,3.01193,0.97891,0.00257,0.00145,0.01707
115.60000,3.01194,0.99862,0.00090,0.00043,0.00004
115.80000,3.01193,0.99009,0.00034,0.00952,0.00005
116.00000,3.01194,0.99788,0.00000,0.00202,0.00009
116.20000,3.01194,0.94267,0.00648,0.03969,0.01115
116.40000,3.01193,0.71489,0.00751,0.21592,0.06168
116.60000,3.01194,0.85947,0.01531,0.11330,0.01192
116.80000,3.01193,0.96189,0.01102,0.01823,0.00886
117.00000,3.01194,0.99981,0.00005,0.00005,0.00009
117.20000,3.01194,0.94503,0.04394,0.00168,0.00936
117.40000,3.01193,0.43170,0.47462,0.01667,0.07700
117.60000,3.01194,0.74929,0.08038,0.03507,0.13526
117.80000,3.01193,0.85249,0.03548,0.02625,0.08578
118.00000,3.01194,0.77059,0.08295,0.09056,0.05590
118.20000,3.01194,0.84866,0.01169,0.04898,0.09068
118.40000,3.01193,0.86899,0.02136,0.04183,0.06782
118.60000,3.01194,0.90584,0.03923,0.01541,0.03952
118.80000,3.01193,0.68402,0.27118,0.00332,0.04148
119.00000,3.01194,0.84561,0.07291,0.00545,0.07604
119.20000,3.01194,0.99854,0.00013,0.00045,0.00088
119.40000,3.01193,0.98044,0.00068,0.00300,0.01588
119.60000,3.01194,0.89858,0.00106,0.00237,0.09799
119.80000,3.01193,0.51502,0.00290,0.00328,0.47880
120.00000,3.01194,0.98941,0.00073,0.00055,0.00930
120.20000,3.01194,0.99943,0.00015,0.00036,0.00006
120.40000,3.01193,0.99817,0.00006,0.00174,0.00003
120.60000,3.01194,0.96039,0.00011,0.03496,0.00454
120.80000,3.01193,0.93439,0.00982,0.04153,0.01426
121.00000,3.01194,0.53661,0.18103,0.22488,0.05748
121.20000,3.01194,0.91272,0.06293,0.00427,0.02007
121.40000,3.01193,0.89674,0.07831,0.01915,0.00580
121.60000,3.01194,0.83011,0.16411,0.00077,0.00500
121.80000,3.01193,0.76809,0.19557,0.00750,0.02884
122.00000,3.01194,0.32104,0.62686,0.01128,0.04082
122.20000,3.01194,0.46219,0.42705,0.02593,0.08484
122.40000,3.01193,0.86831,0.02827,0.03604,0.06737
122.60000,3.01194,0.88372,0.06443,0.01268,0.03917
122.80000,3.01193,0.78410,0.18369,0.00429,0.02791
123.00000,3.01194,0.84024,0.07686,0.01324,0.06966
123.20000,3.01194,0.13093,0.86316,0.00166,0.00425
123.40000,3.01193,0.54052,0.43522,0.00353,0.02073
123.60000,3.01194,0.96121,0.00814,0.00104,0.02961
123.80000,3.01193,0.98501,0.00020,0.00061,0.01417
124.00000,3.01194,0.98436,0.00008,0.00185,0.01371
124.20000,3.01194,0.90922,0.00151,0.01159,0.07767
124.40000,3.01193,0.85665,0.02271,0.01982,0.10082
124.60000,3.01194,0.92917,0.00395,0.00862,0.05827
124.80000,3.01193,0.99368,0.00025,0.00523,0.00085
125.00000,3.01193,0.99768,0.00042,0.00182,0.00008
125.20000,3.01195,0.98567,0.00010,0.01369,0.00054
125.40000,3.01194,0.92559,0.00045,0.06885,0.00511
125.60000,3.01194,0.82485,0.05367,0.07646,0.04502
125.80000,3.01193,0.54095,0.20673,0.22153,0.03079
126.00000,3.01193,0.93418,0.04018,0.00550,0.02015
126.20000,3.01195,0.99912,0.00046,0.00020,0.00023
126.40000,3.01194,0.94939,0.03134,0.00557,0.01370
126.60000,3.01194,0.75255,0.05185,0.05271,0.14290
126.80000,3.01193,0.79789,0.01032,0.05098,0.14081
127.00000,3.01193,0.86444,0.00645,0.04670,0.08241
127.20000,3.01195,0.85536,0.01999,0.03370,0.09095
127.40000,3.01194,0.40059,0.58149,0.00200,0.01592
127.60000,3.01194,0.61278,0.36120,0.00849,0.01753
127.80000,3.01193,0.96297,0.00542,0.00581,0.02580
128.00000,3.01193,0.94143,0.00162,0.01487,0.04207
128.20000,3.01195,0.95274,0.00248,0.01174,0.03304
128.39999,3.01195,0.84834,0.00159,0.01297,0.13709
128.60001,3.01193,0.89680,0.00474,0.01461,0.08385
128.80000,3.01193,0.96707,0.00061,0.01283,0.01948
129.00000,3.01193,0.98071,0.00020,0.01191,0.00718
129.20000,3.01195,0.96390,0.00021,0.03036,0.00554
129.39999,3.01195,0.92114,0.00204,0.07367,0.00316
129.60001,3.01193,0.80697,0.00183,0.18209,0.00911
129.80000,3.01193,0.73889,0.02659,0.18196,0.05256
130.00000,3.01193,0.79488,0.14854,0.01958,0.03701
130.20000,3.01195,0.70749,0.17173,0.02193,0.09886
130.39999,3.01195,0.73495,0.09771,0.03153,0.13580
130.60001,3.01193,0.97439,0.01493,0.00059,0.01010
130.80000,3.01193,0.99517,0.00040,0.00013,0.00430
131.00000,3.01193,0.97800,0.00166,0.00014,0.02019
131.20000,3.01195,0.97314,0.00001,0.00011,0.02674
131.39999,3.01195,0.87160,0.00032,0.00023,0.12784
131.60001,3.01193,0.81752,0.04235,0.00265,0.13748
131.80000,3.01193,0.97768,0.00024,0.00812,0.01396
132.00000,3.01193,0.92730,0.00028,0.05699,0.01543
132.20000,3.01195,0.92415,0.00013,0.06254,0.01317
132.39999,3.01195,0.92037,0.00189,0.06160,0.01614
132.60001,3.01193,0.95402,0.00346,0.03565,0.00687
132.80000,3.01193,0.93618,0.00239,0.04913,0.01231
133.00000,3.01193,0.90299,0.00025,0.09482,0.00194
133.20000,3.01195,0.68061,0.00231,0.30652,0.01056
133.39999,3.01195,0.61706,0.18094,0.12093,0.08107
133.60001,3.01193,0.51506,0.36716,0.02829,0.08949
133.80000,3.01193,0.56722,0.29864,0.03295,0.10119
134.00000,3.01193,0.63663,0.17777,0.04291,0.14269
134.20000,3.01195,0.57240,0.01209,0.20730,0.20822
134.39999,3.01195,0.66841,0.02306,0.15503,0.15349
134.60001,3.01193,0.85522,0.01650,0.05424,0.07404
134.80000,3.01193,0.99140,0.00151,0.00243,0.00467
135.00000,3.01193,0.88343,0.00222,0.01162,0.10273
135.20000,3.01195,0.93818,0.01098,0.00948,0.04136
135.39999,3.01195,0.88567,0.00263,0.01279,0.09890
135.60001,3.01193,0.97162,0.00100,0.00196,0.02542
135.80000,3.01193,0.61187,0.08881,0.00385,0.29547
136.00000,3.01193,0.85228,0.01555,0.00466,0.12752
136.20000,3.01195,0.95668,0.02740,0.01219,0.00373
136.39999,3.01195,0.99305,0.00424,0.00216,0.00054
136.60001,3.01193,0.93036,0.00704,0.05943,0.00317
136.80000,3.01193,0.88958,0.01818,0.06270,0.02954
137.00000,3.01193,0.87713,0.00196,0.09529,0.02562
137.20000,3.01195,0.86538,0.08788,0.01810,0.02863
137.39999,3.01195,0.91478,0.00358,0.05577,0.02587
137.60001,3.01193,0.74567,0.14943,0.02127,0.08363
137.80000,3.01193,0.75031,0.12513,0.02271,0.10185
138.00000,3.01193,0.69022,0.07433,0.08485,0.15060
138.20000,3.01195,0.59799,0.01465,0.12950,0.25786
138.39999,3.01195,0.75374,0.00130,0.10615,0.13881
138.60001,3.01193,0.86954,0.00089,0.06689,0.06267
138.80000,3.01193,0.91404,0.01575,0.02617,0.04403
139.00000,3.01193,0.82447,0.01924,0.07293,0.08336
139.20000,3.01195,0.95505,0.00052,0.00436,0.04007
139.39999,3.01195,0.99342,0.00023,0.00119,0.00516
139.60001,3.01193,0.97986,0.00006,0.00285,0.01723
139.80000,3.01193,0.71483,0.00007,0.00287,0.28222
140.00000,3.01193,0.45255,0.00015,0.00098,0.54633
140.20000,3.01195,0.98337,0.00264,0.00400,0.00999
140.39999,3.01195,0.99348,0.00079,0.00567,0.00006
140.60001,3.01193,0.98927,0.00001,0.01054,0.00018
140.80000,3.01193,0.87880,0.00034,0.09604,0.02482
141.00000,3.01193,0.70001,0.08976,0.06779,0.14245
141.20000,3.01195,0.68232,0.19982,0.11240,0.00546
141.39999,3.01195,0.94494,0.03344,0.01964,0.00198
141.60001,3.01193,0.98465,0.00012,0.01517,0.00006
141.80000,3.01193,0.90319,0.00165,0.05642,0.03874
142.00000,3.01193,0.67947,0.08326,0.07735,0.15992
142.20000,3.01195,0.49157,0.23896,0.04785,0.22162
142.39999,3.01195,0.64066,0.16829,0.03427,0.15678
142.60001,3.01193,0.58012,0.02347,0.07416,0.32225
142.80000,3.01193,0.71725,0.00553,0.10395,0.17327
143.00000,3.01193,0.65736,0.00198,0.10875,0.23191
143.20000,3.01195,0.66714,0.00105,0.12412,0.20769
143.39999,3.01195,0.78485,0.00173,0.08188,0.13154
143.60001,3.01193,0.73872,0.01399,0.11564,0.13164
143.80000,3.01193,0.75132,0.01223,0.11062,0.12583
144.00000,3.01193,0.71190,0.00103,0.02519,0.26188
144.20000,3.01195,0.99704,0.00009,0.00064,0.00223
144.39999,3.01195,0.97822,0.00958,0.00302,0.00919
144.60001,3.01193,0.88876,0.01445,0.00631,0.09049
144.80000,3.01193,0.79024,0.14125,0.00380,0.06470
145.00000,3.01193,0.91150,0.01265,0.02531,0.05055
145.20000,3.01195,0.92496,0.00013,0.05748,0.01743
145.39999,3.01195,0.93356,0.00016,0.06220,0.00408
145.60001,3.01193,0.41446,0.00029,0.56435,0.02090
145.80000,3.01193,0.71800,0.00344,0.24484,0.03372
146.00000,3.01193,0.69133,0.24399,0.03377,0.03091
146.20000,3.01195,0.61813,0.34046,0.00540,0.03601
146.39999,3.01195,0.77666,0.00417,0.03246,0.18670
146.60001,3.01193,0.84033,0.00053,0.04010,0.11904
146.80000,3.01193,0.62168,0.00005,0.10999,0.26828
147.00000,3.01193,0.66562,0.00004,0.06266,0.27168
147.20000,3.01195,0.66440,0.00015,0.06967,0.26578
147.39999,3.01195,0.86180,0.00200,0.03485,0.10135
147.60001,3.01193,0.92194,0.00160,0.00705,0.06941
147.80000,3.01193,0.98542,0.00001,0.00112,0.01345
148.00000,3.01193,0.99583,0.00000,0.00047,0.00370
148.20000,3.01195,0.93464,0.00017,0.01487,0.05032
148.39999,3.01195,0.73179,0.00077,0.01313,0.25430
148.60001,3.01193,0.90951,0.00471,0.02442,0.06136
148.80000,3.01193,0.99266,0.00087,0.00367,0.00281
149.00000,3.01193,0.99235,0.00002,0.00754,0.00009
149.20000,3.01195,0.99290,0.00008,0.00678,0.00024
149.39999,3.01195,0.94262,0.00150,0.05265,0.00323
149.60001,3.01193,0.87193,0.04648,0.05999,0.02161
149.80000,3.01193,0.63209,0.13459,0.10847,0.12485
150.00000,3.01193,0.82955,0.11065,0.01343,0.04637
150.20000,3.01195,0.87986,0.07047,0.03431,0.01537
150.39999,3.01195,0.94484,0.05074,0.00333,0.00110
150.60001,3.01193,0.85998,0.10376,0.00645,0.02981
150.80000,3.01193,0.35119,0.59439,0.01106,0.04336
151.00000,3.01193,0.64781,0.28727,0.01387,0.05104
151.20000,3.01195,0.64179,0.04808,0.08985,0.22029
151.39999,3.01195,0.72863,0.13006,0.04009,0.10121
151.60001,3.01193,0.74625,0.14123,0.01574,0.09678
151.80000,3.01193,0.83776,0.01943,0.01458,0.12823
152.00000,3.01193,0.84769,0.02564,0.02625,0.10042
152.20000,3.01195,0.72238,0.14273,0.01828,0.11661
152.39999,3.01195,0.50798,0.20097,0.00466,0.28638
152.60001,3.01193,0.98432,0.00504,0.00059,0.01004
152.80000,3.01193,0.98090,0.00257,0.00231,0.01422
153.00000,3.01193,0.88503,0.00188,0.00029,0.11281
153.20000,3.01195,0.68521,0.00195,0.00103,0.31181
153.39999,3.01195,0.67632,0.12482,0.00190,0.19697
153.60001,3.01193,0.98498,0.01385,0.00021,0.00097
153.80000,3.01193,0.99059,0.00511,0.00383,0.00047
154.00000,3.01193,0.98352,0.00064,0.01167,0.00417
154.20000,3.01195,0.93857,0.02350,0.01814,0.01979
154.39999,3.01195,0.63129,0.07080,0.12939,0.16852
154.60001,3.01193,0.92249,0.02090,0.01526,0.04134
154.80000,3.01193,0.94372,0.02472,0.01081,0.02074
155.00000,3.01193,0.99270,0.00313,0.00277,0.00140
155.20000,3.01195,0.87032,0.10053,0.00803,0.02111
155.39999,3.01195,0.52755,0.38915,0.02266,0.06064
155.60001,3.01193,0.68095,0.01476,0.09465,0.20964
155.80000,3.01193,0.74861,0.00605,0.06633,0.17902
156.00000,3.01193,0.79203,0.00260,0.06778,0.13759
156.20000,3.01195,0.85146,0.00458,0.02524,0.11872
156.39999,3.01195,0.73936,0.16101,0.00882,0.09080
156.60001,3.01193,0.61275,0.02258,0.00425,0.36041
156.80000,3.01193,0.99319,0.00066,0.00242,0.00372
157.00000,3.01193,0.98143,0.00115,0.00340,0.01401
157.20000,3.01195,0.93659,0.00094,0.00092,0.06156
157.39999,3.01195,0.42084,0.00010,0.00214,0.57692
157.60001,3.01193,0.75642,0.00365,0.00187,0.23805
157.80000,3.01193,0.99527,0.00250,0.00200,0.00023
158.00000,3.01193,0.99908,0.00020,0.00064,0.00008
158.20000,3.01195,0.97245,0.00049,0.02008,0.00699
158.39999,3.01195,0.85374,0.03131,0.05075,0.06420
158.60001,3.01193,0.69358,0.11259,0.11257,0.08126
158.80000,3.01193,0.92117,0.05252,0.00498,0.02133
159.00000,3.01193,0.82047,0.11202,0.06194,0.00557
159.20000,3.01195,0.40201,0.59413,0.00111,0.00275
159.39999,3.01195,0.56138,0.41289,0.00476,0.02097
159.60001,3.01193,0.52913,0.39615,0.01665,0.05808
159.80000,3.01193,0.66405,0.01175,0.10291,0.22130
160.00000,3.01193,0.70229,0.00506,0.08913,0.20351
160.20000,3.01195,0.85197,0.01654,0.02715,0.10435
160.39999,3.01195,0.81509,0.11072,0.00633,0.06786
160.60001,3.01193,0.79057,0.12569,0.01003,0.07371
160.80000,3.01193,0.74389,0.12817,0.00624,0.12169
161.00000,3.01193,0.99305,0.00028,0.00116,0.00551
161.20000,3.01195,0.98802,0.00150,0.00226,0.00822
161.39999,3.01195,0.92249,0.00395,0.00323,0.07033
161.60001,3.01193,0.74057,0.00100,0.01937,0.23905
161.80000,3.01193,0.95674,0.00165,0.00408,0.03753
162.00000,3.01193,0.98678,0.00071,0.00517,0.00734
162.20000,3.01195,0.98718,0.00425,0.00671,0.00186
162.39999,3.01195,0.97982,0.00044,0.01643,0.00331
162.60001,3.01193,0.86817,0.04767,0.03806,0.04611
162.80000,3.01193,0.62256,0.21617,0.08914,0.07214
163.00000,3.01193,0.89828,0.02333,0.03926,0.03913
163.20000,3.01195,0.85801,0.09446,0.02116,0.02637
163.39999,3.01195,0.96396,0.03242,0.00163,0.00200
163.60001,3.01193,0.73374,0.24528,0.00331,0.01767
163.80000,3.01193,0.21887,0.76258,0.00260,0.01595
164.00000,3.01193,0.55174,0.30100,0.04431,0.10296
164.20000,3.01195,0.62558,0.01027,0.08957,0.27459
164.39999,3.01195,0.93107,0.00554,0.01524,0.04816
164.60001,3.01193,0.53070,0.43131,0.00302,0.03497
164.80000,3.01193,0.52900,0.35022,0.00474,0.11604
165.00000,3.01193,0.90779,0.01128,0.00524,0.07568
165.20000,3.01195,0.98662,0.00125,0.00333,0.00880
165.39999,3.01195,0.99353,0.00101,0.00110,0.00435
165.60001,3.01193,0.88804,0.00420,0.00080,0.10695
165.80000,3.01193,0.49819,0.00108,0.00626,0.49447
166.00000,3.01193,0.98119,0.01265,0.00138,0.00478
166.20000,3.01195,0.96429,0.03458,0.00103,0.00010
166.39999,3.01195,0.90361,0.09069,0.00343,0.00228
166.60001,3.01193,0.88431,0.04830,0.02820,0.03918
166.80000,3.01193,0.42220,0.47978,0.02607,0.07196
167.00000,3.01193,0.50854,0.38315,0.08367,0.02465
167.20000,3.01195,0.88338,0.10513,0.00060,0.01090
167.39999,3.01195,0.87254,0.11877,0.00266,0.00603
167.60001,3.01193,0.88508,0.10123,0.00169,0.01200
167.80000,3.01193,0.18752,0.80929,0.00049,0.00270
168.00000,3.01193,0.18456,0.80678,0.00208,0.00658
168.20000,3.01195,0.41087,0.54001,0.01376,0.03535
168.39999,3.01195,0.74316,0.14947,0.02410,0.08328
168.60001,3.01193,0.85966,0.05788,0.00290,0.07956
168.80000,3.01193,0.90079,0.05513,0.00151,0.04257
169.00000,3.01193,0.57267,0.24774,0.00555,0.17404
169.20000,3.01195,0.92579,0.03112,0.00317,0.03992
169.39999,3.01195,0.91677,0.05302,0.00475,0.02545
169.60001,3.01193,0.98999,0.00091,0.00056,0.00853
169.80000,3.01193,0.68761,0.00264,0.01030,0.29945
170.00000,3.01193,0.32506,0.00016,0.00131,0.67347
170.20000,3.01195,0.98973,0.00473,0.00361,0.00193
170.39999,3.01195,0.99703,0.00220,0.00067,0.00010
170.60001,3.01193,0.84270,0.14295,0.00459,0.00976
170.80000,3.01193,0.81286,0.04605,0.03541,0.10567
171.00000,3.01193,0.55753,0.03338,0.21815,0.19094
171.20000,3.01195,0.92515,0.00770,0.01304,0.05411
171.39999,3.01195,0.87604,0.09413,0.01094,0.01888
171.60001,3.01193,0.62766,0.35649,0.00556,0.01029
171.80000,3.01193,0.20455,0.78735,0.00228,0.00582
172.00000,3.01193,0.33065,0.64145,0.00767,0.02023
172.20000,3.01195,0.63074,0.02501,0.11783,0.22642
172.39999,3.01195,0.54135,0.00154,0.16098,0.29613
172.60001,3.01193,0.88019,0.02700,0.01029,0.08253
172.80000,3.01193,0.75811,0.16566,0.00688,0.06935
173.00000,3.01193,0.88072,0.01135,0.00264,0.10529
173.20000,3.01195,0.98625,0.00514,0.00087,0.00773
173.39999,3.01195,0.97961,0.00120,0.00108,0.01811
173.60001,3.01193,0.95722,0.00088,0.00192,0.03998
173.80000,3.01193,0.32890,0.00142,0.00153,0.66815
174.00000,3.01193,0.89607,0.00120,0.00117,0.10155
174.20000,3.01195,0.99694,0.00151,0.00134,0.00021
174.39999,3.01195,0.99706,0.00203,0.00078,0.00014
174.60001,3.01193,0.86557,0.05367,0.03431,0.04645
174.80000,3.01193,0.58908,0.11165,0.07144,0.22784
175.00000,3.01193,0.52426,0.19469,0.19347,0.08758
175.20000,3.01195,0.95603,0.00547,0.01100,0.02750
175.39999,3.01195,0.95485,0.01192,0.03112,0.00211
175.60001,3.01193,0.71454,0.26441,0.00487,0.01617
175.80000,3.01193,0.28932,0.63547,0.01842,0.05680
176.00000,3.01193,0.58913,0.26819,0.02722,0.11546
176.20000,3.01195,0.79809,0.01357,0.08683,0.10151
176.39999,3.01195,0.86475,0.01027,0.04367,0.08131
176.60001,3.01193,0.68006,0.05966,0.00763,0.25265
176.80000,3.01193,0.93301,0.05145,0.00309,0.01244
177.00000,3.01193,0.95339,0.01505,0.00532,0.02624
177.20000,3.01195,0.99469,0.00026,0.00011,0.00494
177.39999,3.01195,0.72990,0.05113,0.00278,0.21619
177.60001,3.01193,0.27234,0.00550,0.00031,0.72186
177.80000,3.01193,0.98111,0.01748,0.00039,0.00103
178.00000,3.01193,0.98455,0.01495,0.00036,0.00015
178.20000,3.01195,0.93071,0.06679,0.00116,0.00134
178.39999,3.01195,0.79828,0.16388,0.01484,0.02301
178.60001,3.01193,0.67141,0.12557,0.09049,0.11253
178.80000,3.01193,0.92923,0.01771,0.02392,0.02914
179.00000,3.01193,0.94611,0.02241,0.02709,0.00438
179.20000,3.01195,0.94456,0.04645,0.00501,0.00398
179.39999,3.01195,0.56633,0.38856,0.00567,0.03944
179.60001,3.01193,0.30349,0.60306,0.02523,0.06822
179.80000,3.01193,0.74269,0.12270,0.02716,0.10745
180.00000,3.01193,0.82321,0.00678,0.08364,0.08638
180.20000,3.01195,0.89373,0.03560,0.00259,0.06808
180.39999,3.01195,0.76712,0.01431,0.00360,0.21497
180.60001,3.01193,0.98300,0.00043,0.00242,0.01416
180.80000,3.01193,0.98153,0.00213,0.00331,0.01303
181.00000,3.01193,0.98961,0.00238,0.00074,0.00726
181.20000,3.01195,0.33947,0.01300,0.00108,0.64645
181.39999,3.01195,0.58322,0.00531,0.00138,0.41009
181.60001,3.01193,0.99030,0.00752,0.00127,0.00091
181.80000,3.01193,0.99917,0.00056,0.00024,0.00003
182.00000,3.01193,0.97313,0.02314,0.00232,0.00141
182.20000,3.01195,0.50556,0.45771,0.00759,0.02914
182.39999,3.01195,0.25878,0.73001,0.00459,0.00662
182.60001,3.01193,0.94857,0.03951,0.00553,0.00640
182.80000,3.01193,0.97418,0.00187,0.02350,0.00045
183.00000,3.01193,0.94942,0.04485,0.00356,0.00217
183.20000,3.01195,0.77226,0.21760,0.00345,0.00668
183.39999,3.01195,0.20668,0.78522,0.00150,0.00660
183.60001,3.01193,0.15084,0.83738,0.00288,0.00890
183.80000,3.01193,0.22975,0.70341,0.02469,0.04215
184.00000,3.01193,0.28007,0.64530,0.02967,0.04497
