Time (seconds), Duration (seconds),pred_(unlabeled),pred_imbalance,pred_working,pred_impact
0.00000,3.01194,0.80736,0.18261,0.00103,0.00900
0.20000,3.01194,0.25555,0.74093,0.00090,0.00262
0.40000,3.01194,0.00740,0.99254,0.00002,0.00004
0.60000,3.01194,0.01722,0.98270,0.00002,0.00007
0.80000,3.01194,0.01824,0.98161,0.00004,0.00011
1.00000,3.01194,0.02276,0.97712,0.00002,0.00010
1.20000,3.01194,0.01817,0.98169,0.00002,0.00011
1.40000,3.01194,0.01427,0.98565,0.00003,0.00005
1.60000,3.01194,0.01615,0.98374,0.00004,0.00007
1.80000,3.01194,0.01185,0.98813,0.00000,0.00001
2.00000,3.01194,0.01134,0.98863,0.00001,0.00002
2.20000,3.01194,0.01980,0.98010,0.00002,0.00007
2.40000,3.01194,0.02011,0.97974,0.00005,0.00010
2.60000,3.01194,0.02369,0.97620,0.00002,0.00009
2.80000,3.01194,0.03099,0.96891,0.00002,0.00008
3.00000,3.01194,0.04320,0.95669,0.00003,0.00008
3.20000,3.01194,0.03582,0.96409,0.00002,0.00006
3.40000,3.01194,0.02110,0.97885,0.00001,0.00004
3.60000,3.01194,0.03503,0.96486,0.00003,0.00007
3.80000,3.01194,0.03485,0.96486,0.00007,0.00022
4.00000,3.01194,0.02033,0.97965,0.00000,0.00002
4.20000,3.01194,0.02369,0.97627,0.00001,0.00003
4.40000,3.01194,0.02589,0.97396,0.00003,0.00012
4.60000,3.01194,0.01067,0.98931,0.00000,0.00001
4.80000,3.01194,0.03301,0.96692,0.00002,0.00005
5.00000,3.01194,0.02165,0.97828,0.00002,0.00005
5.20000,3.01194,0.02584,0.97415,0.00000,0.00001
5.40000,3.01194,0.03725,0.96273,0.00000,0.00001
5.60000,3.01194,0.01308,0.98689,0.00001,0.00002
5.80000,3.01194,0.01186,0.98813,0.00000,0.00001
6.00000,3.01194,0.01036,0.98963,0.00000,0.00001
6.20000,3.01194,0.03272,0.96718,0.00002,0.00007
6.40000,3.01194,0.02603,0.97396,0.00000,0.00001
6.60000,3.01194,0.01196,0.98804,0.00000,0.00000
6.80000,3.01194,0.03779,0.96217,0.00001,0.00003
7.00000,3.01194,0.02664,0.97335,0.00000,0.00001
7.20000,3.01194,0.01901,0.98098,0.00000,0.00001
7.40000,3.01194,0.02511,0.97487,0.00001,0.00001
7.60000,3.01194,0.11153,0.88841,0.00001,0.00005
7.80000,3.01194,0.02747,0.97249,0.00001,0.00003
8.00000,3.01194,0.03482,0.96515,0.00001,0.00002
8.20000,3.01194,0.02230,0.97767,0.00001,0.00002
8.40000,3.01194,0.01563,0.98436,0.00000,0.00000
8.60000,3.01194,0.03326,0.96670,0.00001,0.00003
8.80000,3.01194,0.02678,0.97319,0.00001,0.00002
9.00000,3.01194,0.03087,0.96908,0.00001,0.00004
9.20000,3.01194,0.02875,0.97124,0.00000,0.00001
9.40000,3.01194,0.03796,0.96201,0.00000,0.00002
9.60000,3.01194,0.02301,0.97698,0.00000,0.00001
9.80000,3.01194,0.02583,0.97415,0.00001,0.00002
10.00000,3.01194,0.05279,0.94710,0.00003,0.00009
10.20000,3.01194,0.05083,0.94909,0.00002,0.00007
10.40000,3.01194,0.01737,0.98261,0.00001,0.00001
10.60000,3.01194,0.02175,0.97824,0.00000,0.00001
10.80000,3.01194,0.02466,0.97531,0.00001,0.00002
11.00000,3.01194,0.02427,0.97573,0.00000,0.00001
11.20000,3.01194,0.04667,0.95316,0.00004,0.00013
11.40000,3.01194,0.01530,0.98469,0.00000,0.00001
11.60000,3.01194,0.03097,0.96901,0.00000,0.00001
11.80000,3.01194,0.01626,0.98373,0.00000,0.00000
12.00000,3.01194,0.01934,0.98065,0.00000,0.00000
12.20000,3.01194,0.01833,0.98167,0.00000,0.00000
12.40000,3.01194,0.08510,0.91480,0.00002,0.00008
12.60000,3.01194,0.01563,0.98436,0.00000,0.00000
12.80000,3.01194,0.03700,0.96295,0.00001,0.00003
13.00000,3.01194,0.01504,0.98495,0.00000,0.00001
13.20000,3.01194,0.03816,0.96180,0.00001,0.00003
13.40000,3.01194,0.02238,0.97761,0.00000,0.00001
13.60000,3.01194,0.02550,0.97448,0.00000,0.00001
13.80000,3.01194,0.02385,0.97614,0.00000,0.00001
14.00000,3.01194,0.01041,0.98959,0.00000,0.00000
14.20000,3.01194,0.03211,0.96787,0.00000,0.00002
14.40000,3.01194,0.02438,0.97561,0.00000,0.00000
14.60000,3.01194,0.03112,0.96886,0.00000,0.00001
14.80000,3.01194,0.02553,0.97446,0.00000,0.00001
15.00000,3.01194,0.02828,0.97170,0.00001,0.00002
15.20000,3.01194,0.02485,0.97513,0.00001,0.00001
15.40000,3.01194,0.07322,0.92676,0.00001,0.00002
15.60000,3.01194,0.01993,0.98005,0.00000,0.00001
15.80000,3.01194,0.02470,0.97530,0.00000,0.00000
16.00000,3.01194,0.02089,0.97907,0.00001,0.00003
16.20000,3.01194,0.01707,0.98292,0.00000,0.00000
16.40000,3.01194,0.01572,0.98425,0.00001,0.00002
16.60000,3.01194,0.02111,0.97888,0.00001,0.00001
16.80000,3.01194,0.02862,0.97136,0.00001,0.00002
17.00000,3.01194,0.01909,0.98090,0.00000,0.00001
17.20000,3.01194,0.01309,0.98690,0.00000,0.00001
17.40000,3.01194,0.03663,0.96324,0.00003,0.00010
17.60000,3.01194,0.02143,0.97854,0.00001,0.00002
17.80000,3.01194,0.01779,0.98218,0.00001,0.00003
18.00000,3.01194,0.01733,0.98265,0.00000,0.00001
18.20000,3.01194,0.00733,0.99266,0.00000,0.00001
18.40000,3.01194,0.01942,0.98055,0.00001,0.00002
18.60000,3.01194,0.07183,0.92776,0.00008,0.00033
18.80000,3.01194,0.02212,0.97782,0.00001,0.00005
19.00000,3.01194,0.06036,0.93936,0.00008,0.00020
19.20000,3.01194,0.02706,0.97283,0.00003,0.00008
19.40000,3.01194,0.05245,0.94734,0.00005,0.00017
19.60000,3.01194,0.02976,0.97020,0.00001,0.00003
