Time(Seconds),Length(Seconds),Label(string),Confidence(double),Comment(string)
0.004995899999999987,3.9955369999999997,working,1,
0.2414547,2.0762711,working,1,
4.001472,0.2566344000000002,impact,1,
4.8479351,2.4611719,working,1,
7.3173484,0.5043422000000002,impact,1,
8.3028286,2.5415368,working,1,
10.8545634,0.5253242999999993,impact,1,
11.6833604,1.5394882,working,1,
13.2357279,0.292332399999999,impact,1,
14.1958441,1.2745354,working,1,
15.485408699999999,0.302904100000001,impact,1,
16.347642,1.2418296,working,1,
17.5941627,0.39961040000000003,impact,1,
18.4629463,1.1925672,working,1,
19.666685599999997,0.39705240000000097,impact,1,
20.6439123,2.4572841,working,1,
23.1046995,0.2849617999999996,impact,1,
23.9470317,3.0681566,working,1,
27.018641,0.3899651999999998,impact,1,
27.9787144,3.319805,working,1,
31.3024902,0.4889072,impact,1,
32.2992275,1.8613210999999998,working,1,
34.1617647,0.6184304999999991,impact,1,
35.1094283,1.7503213,working,1,
36.8612258,0.5245676000000026,impact,1,
37.8199554,1.7322758,working,1,
39.5567945,0.40550850000000294,impact,1,
40.6982522,1.9437147,working,1,
42.6443244,0.41677389999999925,impact,1,
43.325271,2.1367708,working,1,
45.4682,0.5510560000000025,impact,1,
46.3149891,1.158696,working,1,
47.481136,0.5602960000000026,impact,1,
48.296629,0.987756,working,1,
49.294248,0.5069999999999959,impact,1,
50.1803961,1.8764599999999998,working,1,
52.05977190000001,0.4948804999999954,impact,1,
52.8761834,1.8114193999999997,working,1,
54.6945995,0.7055803999999972,impact,1,
55.6474464,1.5948702,working,1,
57.250545699999996,0.588633600000006,impact,1,
58.0640518,1.3208481,working,1,
59.391148799999996,0.5545601000000062,impact,1,
60.2203982,1.6358128,working,1,
61.864130800000005,0.3798371999999957,impact,1,
62.6871031,1.147776,working,1,
63.8394112,0.49038079999999545,impact,1,
64.9370511,1.128605,working,1,
66.067294,0.4022541999999997,impact,1,
67.1439662,1.2250048,working,1,
68.3733191,0.6338123999999995,impact,1,
69.28456220000001,1.3886082,working,1,
70.67806900000001,0.3674559999999963,impact,1,
71.6702366,1.2422034,working,1,
72.91820849999999,0.28179150000000286,impact,1,
73.9272468,1.473446,working,1,
75.407218,0.672781999999992,impact,1,
76.52504590000001,1.0808042,working,1,
77.61321210000001,0.5700144999999921,impact,1,
78.7774688,1.1992848999999999,working,1,
79.98167959999999,0.36264760000000623,impact,1,
81.3470408,1.2349746000000001,working,1,
82.5872745,0.2643646999999938,impact,1,
83.8455653,1.4400270000000002,working,1,
85.294814,0.4631912999999955,impact,1,
86.8019041,1.2770641,working,1,
88.0904692,0.28332039999999603,impact,1,
89.6191712,1.7769212,working,1,
91.4017944,0.21626380000000628,impact,1,
92.9776301,1.15977,working,1,
94.14193619999999,0.2341562000000062,impact,1,
95.580167,0.70564,working,1,
96.29703760000001,0.17653119999999548,impact,1,
97.4309877,0.9781255,working,1,
98.41720480000001,0.22721999999999373,impact,1,
99.4284686,1.0300105,working,1,
100.4614488,0.33148829999999463,impact,1,
101.4082183,1.2754561,working,1,
102.68839679999999,0.39639360000000623,impact,1,
104.2548224,0.9233731,working,1,
105.18328869999999,0.23863249999999378,impact,1,
106.6274879,1.0717888,working,1,
107.7054198,0.16210499999999547,impact,1,
109.0103913,0.9147329,working,1,
109.9356512,0.311897600000004,impact,1,
111.6933331,1.0226661,working,1,
112.7324758,0.2814616999999908,impact,1,
113.91686499999999,1.4369352,working,1,
115.361738,0.4428746000000022,impact,1,
117.5049013,1.4453634,working,1,
118.95490850000002,0.2576773999999995,impact,1,
119.3796194,0.2275399,impact,1,
120.2908386,3.5477536,working,1,
123.8506336,0.37513510000000444,impact,1,
125.4845281,2.0107231999999997,working,1,
127.49749600000001,0.23114699999999933,impact,1,
130.4580517,5.0072885000000005,working,1,
135.47521339999997,0.5103628000000147,impact,1,
137.2008354,4.1855893,working,1,
141.39395100000002,0.45318820000000215,impact,1,
143.7778152,2.1177462,working,1,
145.90436780000002,0.5000451999999798,impact,1,
147.5459073,1.4061313,working,1,
148.95631699999998,0.18510710000001482,impact,1,
150.2430605,2.9824351,working,1,
153.230421,0.3712631000000148,impact,1,
154.7549907,4.4634046,working,1,
159.2306188,0.3337733999999943,impact,1,
160.4393634,0.2961854,working,1,
161.2489801,3.9545431000000004,working,1,
165.20692540000002,0.26379759999998637,impact,1,
166.5823789,2.2279823,working,1,
168.822226,0.36108979999998186,impact,1,
170.2372374,1.8711972000000001,working,1,
172.12063120000002,0.313595599999992,impact,1,
173.7141616,1.4525815999999998,working,1,
175.1693756,0.21541339999999765,impact,1,
176.8167589,1.2740398000000002,working,1,
178.0945898,0.1682869999999978,impact,1,
179.3958744,1.6778471,working,1,
181.07928619999998,0.23414190000002133,impact,1,
182.4436198,1.1573214,working,1,
183.608618,0.21349940000000117,impact,1,
185.0958505,0.8590914000000001,working,1,
185.9572796,0.33648899999999893,impact,1,
186.8949752,0.6578998,working,1,
188.378423,1.460477,working,1,
189.8416008,0.1733165000000012,impact,1,
192.7422759,2.6172762,working,1,
