Time (seconds), Duration (seconds),pred_(unlabeled),pred_imbalance,pred_working,pred_impact
0.00000,3.01194,0.65410,0.34218,0.00081,0.00291
0.20000,3.01194,0.39656,0.60259,0.00011,0.00074
0.40000,3.01194,0.12904,0.87089,0.00001,0.00006
0.60000,3.01194,0.11262,0.88735,0.00001,0.00003
0.80000,3.01194,0.08156,0.91840,0.00001,0.00003
1.00000,3.01194,0.00802,0.99198,0.00000,0.00000
1.20000,3.01194,0.03834,0.96165,0.00000,0.00001
1.40000,3.01194,0.06412,0.93587,0.00000,0.00001
1.60000,3.01194,0.05013,0.94986,0.00000,0.00001
1.80000,3.01194,0.03306,0.96693,0.00000,0.00001
2.00000,3.01194,0.03990,0.96009,0.00000,0.00000
2.20000,3.01194,0.06389,0.93610,0.00000,0.00001
2.40000,3.01194,0.06311,0.93688,0.00000,0.00001
2.60000,3.01194,0.02826,0.97173,0.00000,0.00000
2.80000,3.01194,0.19485,0.80508,0.00001,0.00006
3.00000,3.01194,0.05002,0.94997,0.00000,0.00001
3.20000,3.01194,0.04986,0.95014,0.00000,0.00000
3.40000,3.01194,0.02666,0.97333,0.00000,0.00000
3.60000,3.01194,0.03463,0.96536,0.00000,0.00000
3.80000,3.01194,0.07081,0.92919,0.00000,0.00001
4.00000,3.01194,0.04860,0.95139,0.00000,0.00001
4.20000,3.01194,0.04154,0.95845,0.00000,0.00000
4.40000,3.01194,0.06764,0.93235,0.00000,0.00001
4.60000,3.01194,0.01996,0.98004,0.00000,0.00000
4.80000,3.01194,0.07844,0.92155,0.00000,0.00001
5.00000,3.01194,0.00888,0.99112,0.00000,0.00000
5.20000,3.01194,0.09438,0.90560,0.00000,0.00001
5.40000,3.01194,0.01657,0.98342,0.00000,0.00000
5.60000,3.01194,0.03448,0.96552,0.00000,0.00001
5.80000,3.01194,0.01733,0.98267,0.00000,0.00000
6.00000,3.01194,0.01155,0.98845,0.00000,0.00000
6.20000,3.01194,0.01687,0.98313,0.00000,0.00000
6.40000,3.01194,0.00430,0.99570,0.00000,0.00000
6.60000,3.01194,0.05517,0.94482,0.00000,0.00001
6.80000,3.01194,0.04296,0.95703,0.00000,0.00001
7.00000,3.01194,0.03374,0.96626,0.00000,0.00000
7.20000,3.01194,0.04857,0.95142,0.00000,0.00001
7.40000,3.01194,0.01684,0.98316,0.00000,0.00000
7.60000,3.01194,0.05372,0.94627,0.00000,0.00001
7.80000,3.01194,0.00858,0.99142,0.00000,0.00000
8.00000,3.01194,0.01987,0.98012,0.00000,0.00000
8.20000,3.01194,0.00472,0.99528,0.00000,0.00000
8.40000,3.01194,0.01360,0.98640,0.00000,0.00000
8.60000,3.01194,0.02406,0.97594,0.00000,0.00000
8.80000,3.01194,0.00938,0.99062,0.00000,0.00000
9.00000,3.01194,0.02680,0.97319,0.00000,0.00000
9.20000,3.01194,0.01413,0.98587,0.00000,0.00000
9.40000,3.01194,0.00684,0.99316,0.00000,0.00000
9.60000,3.01194,0.13503,0.86494,0.00000,0.00003
9.80000,3.01194,0.01640,0.98359,0.00000,0.00001
10.00000,3.01194,0.05198,0.94802,0.00000,0.00001
10.20000,3.01194,0.12235,0.87759,0.00002,0.00004
10.40000,3.01194,0.01099,0.98901,0.00000,0.00000
10.60000,3.01194,0.01604,0.98396,0.00000,0.00000
10.80000,3.01194,0.00316,0.99684,0.00000,0.00000
11.00000,3.01194,0.06455,0.93544,0.00000,0.00001
11.20000,3.01194,0.03351,0.96648,0.00000,0.00001
11.40000,3.01194,0.01617,0.98383,0.00000,0.00000
11.60000,3.01194,0.01622,0.98377,0.00000,0.00000
11.80000,3.01194,0.06366,0.93633,0.00000,0.00001
12.00000,3.01194,0.01503,0.98497,0.00000,0.00000
12.20000,3.01194,0.01791,0.98209,0.00000,0.00000
12.40000,3.01194,0.04358,0.95641,0.00000,0.00000
12.60000,3.01194,0.01534,0.98466,0.00000,0.00000
12.80000,3.01194,0.03907,0.96093,0.00000,0.00000
13.00000,3.01194,0.00700,0.99300,0.00000,0.00000
13.20000,3.01194,0.04391,0.95609,0.00000,0.00000
13.40000,3.01194,0.01587,0.98413,0.00000,0.00000
13.60000,3.01194,0.02881,0.97119,0.00000,0.00000
13.80000,3.01194,0.01600,0.98400,0.00000,0.00000
14.00000,3.01194,0.05749,0.94250,0.00000,0.00001
14.20000,3.01194,0.02526,0.97474,0.00000,0.00000
14.40000,3.01194,0.02678,0.97322,0.00000,0.00000
14.60000,3.01194,0.02157,0.97843,0.00000,0.00000
14.80000,3.01194,0.02074,0.97926,0.00000,0.00000
15.00000,3.01194,0.05641,0.94358,0.00000,0.00001
15.20000,3.01194,0.01408,0.98592,0.00000,0.00000
15.40000,3.01194,0.06639,0.93360,0.00000,0.00000
15.60000,3.01194,0.00459,0.99541,0.00000,0.00000
15.80000,3.01194,0.00892,0.99108,0.00000,0.00000
16.00000,3.01194,0.01002,0.98998,0.00000,0.00000
16.20000,3.01194,0.01197,0.98803,0.00000,0.00000
16.40000,3.01194,0.03338,0.96661,0.00000,0.00001
16.60000,3.01194,0.01464,0.98536,0.00000,0.00000
16.80000,3.01194,0.02168,0.97831,0.00000,0.00000
17.00000,3.01194,0.01524,0.98476,0.00000,0.00000
17.20000,3.01194,0.06071,0.93928,0.00000,0.00001
17.40000,3.01194,0.02354,0.97646,0.00000,0.00000
17.60000,3.01194,0.02046,0.97954,0.00000,0.00000
17.80000,3.01194,0.03758,0.96242,0.00000,0.00000
18.00000,3.01194,0.00784,0.99216,0.00000,0.00000
18.20000,3.01194,0.00613,0.99387,0.00000,0.00000
18.40000,3.01194,0.07821,0.92176,0.00000,0.00002
18.60000,3.01194,0.02418,0.97581,0.00000,0.00000
18.80000,3.01194,0.05533,0.94466,0.00000,0.00001
19.00000,3.01194,0.07754,0.92243,0.00000,0.00002
19.20000,3.01194,0.00997,0.99003,0.00000,0.00000
19.40000,3.01194,0.02682,0.97317,0.00000,0.00000
19.60000,3.01194,0.01371,0.98629,0.00000,0.00000
19.80000,3.01194,0.00428,0.99572,0.00000,0.00000
20.00000,3.01194,0.00937,0.99063,0.00000,0.00000
20.20000,3.01194,0.00908,0.99092,0.00000,0.00000
20.40000,3.01194,0.00600,0.99400,0.00000,0.00000
20.60000,3.01194,0.01039,0.98961,0.00000,0.00000
20.80000,3.01194,0.02353,0.97647,0.00000,0.00001
21.00000,3.01194,0.01919,0.98081,0.00000,0.00000
