Time (seconds), Duration (seconds),pred_(unlabeled),pred_imbalance,pred_working,pred_impact
0.00000,3.01194,0.54365,0.00000,0.11774,0.33861
0.20000,3.01194,0.43829,0.00001,0.18686,0.37484
0.40000,3.01194,0.46238,0.00000,0.16195,0.37566
0.60000,3.01194,0.47706,0.00000,0.16003,0.36291
0.80000,3.01194,0.46756,0.00001,0.16461,0.36782
1.00000,3.01194,0.46873,0.00003,0.13186,0.39938
1.20000,3.01194,0.47352,0.00004,0.09782,0.42862
1.40000,3.01194,0.45874,0.00002,0.14028,0.40096
1.60000,3.01194,0.49645,0.00005,0.15267,0.35083
1.80000,3.01194,0.41961,0.00023,0.21459,0.36557
2.00000,3.01194,0.45693,0.00004,0.20853,0.33450
2.20000,3.01194,0.43575,0.00001,0.25499,0.30925
2.40000,3.01194,0.44077,0.00002,0.19057,0.36864
2.60000,3.01194,0.39971,0.00038,0.24525,0.35466
2.80000,3.01194,0.48424,0.00007,0.07825,0.43744
3.00000,3.01194,0.59053,0.00053,0.03534,0.37360
3.20000,3.01194,0.69701,0.00003,0.04227,0.26069
3.40000,3.01194,0.87991,0.00000,0.03720,0.08289
3.60000,3.01194,0.60056,0.00004,0.13050,0.26890
3.80000,3.01194,0.62433,0.00018,0.22656,0.14893
4.00000,3.01194,0.64803,0.00000,0.18339,0.16857
4.20000,3.01194,0.68894,0.00075,0.11151,0.19880
4.40000,3.01194,0.49824,0.00048,0.18704,0.31425
4.60000,3.01194,0.43778,0.00009,0.07497,0.48716
4.80000,3.01194,0.43548,0.00011,0.15101,0.41340
5.00000,3.01194,0.61636,0.00002,0.05153,0.33210
5.20000,3.01194,0.58674,0.00000,0.08469,0.32857
5.40000,3.01194,0.67682,0.00002,0.09428,0.22888
5.60000,3.01194,0.57948,0.00002,0.12244,0.29806
5.80000,3.01194,0.45588,0.00003,0.14179,0.40230
6.00000,3.01194,0.44939,0.00022,0.21802,0.33236
6.20000,3.01194,0.46860,0.00001,0.17175,0.35963
6.40000,3.01194,0.61916,0.00010,0.10908,0.27166
6.60000,3.01194,0.52519,0.00004,0.09381,0.38096
6.80000,3.01194,0.44755,0.00002,0.21246,0.33997
7.00000,3.01194,0.58139,0.00011,0.19597,0.22252
7.20000,3.01194,0.67460,0.00006,0.14942,0.17592
7.40000,3.01194,0.56361,0.00007,0.16246,0.27386
7.60000,3.01194,0.57865,0.00366,0.12769,0.29000
7.80000,3.01194,0.76173,0.00763,0.10769,0.12295
8.00000,3.01194,0.62403,0.00020,0.16264,0.21314
8.20000,3.01194,0.59998,0.00026,0.08974,0.31002
8.40000,3.01194,0.48822,0.00020,0.03666,0.47493
8.60000,3.01194,0.53890,0.00003,0.06137,0.39970
8.80000,3.01194,0.62798,0.00222,0.11419,0.25561
9.00000,3.01194,0.56830,0.00008,0.15233,0.27929
9.20000,3.01194,0.53722,0.00012,0.12036,0.34230
9.40000,3.01194,0.44922,0.00035,0.10407,0.44635
9.60000,3.01194,0.54146,0.00082,0.19213,0.26560
9.80000,3.01194,0.46712,0.00039,0.15159,0.38091
10.00000,3.01194,0.62384,0.00042,0.11723,0.25851
10.20000,3.01194,0.53277,0.00003,0.04019,0.42701
10.40000,3.01194,0.46747,0.00027,0.09455,0.43771
10.60000,3.01194,0.58105,0.00062,0.11865,0.29969
10.80000,3.01194,0.46623,0.00008,0.13113,0.40256
11.00000,3.01194,0.53923,0.00004,0.10910,0.35164
11.20000,3.01194,0.46056,0.00057,0.12315,0.41572
11.40000,3.01194,0.54927,0.00042,0.19344,0.25686
11.60000,3.01194,0.55133,0.00100,0.12292,0.32475
11.80000,3.01194,0.47864,0.00175,0.13367,0.38594
12.00000,3.01194,0.55255,0.00028,0.08983,0.35734
12.20000,3.01194,0.55482,0.00017,0.13008,0.31494
12.40000,3.01194,0.44148,0.00006,0.12285,0.43561
12.60000,3.01194,0.56687,0.00003,0.12560,0.30750
12.80000,3.01194,0.49639,0.00070,0.14500,0.35792
13.00000,3.01194,0.44090,0.00295,0.12060,0.43554
13.20000,3.01194,0.55768,0.01103,0.10815,0.32314
13.40000,3.01194,0.48129,0.00047,0.15625,0.36199
13.60000,3.01194,0.48959,0.00006,0.14954,0.36081
13.80000,3.01194,0.48183,0.00005,0.12645,0.39166
14.00000,3.01194,0.47909,0.00018,0.10468,0.41606
14.20000,3.01194,0.53376,0.00024,0.12408,0.34192
14.40000,3.01194,0.56700,0.00186,0.14923,0.28191
14.60000,3.01194,0.37781,0.00005,0.08756,0.53458
14.80000,3.01194,0.46002,0.00012,0.11089,0.42897
15.00000,3.01194,0.71851,0.00009,0.10887,0.17253
15.20000,3.01194,0.40865,0.00002,0.12445,0.46687
15.40000,3.01194,0.52994,0.00039,0.14221,0.32746
15.60000,3.01194,0.56236,0.00004,0.11970,0.31791
15.80000,3.01194,0.62181,0.00065,0.22027,0.15727
16.00000,3.01194,0.70195,0.00020,0.12090,0.17695
16.20000,3.01194,0.63997,0.00446,0.05261,0.30296
16.40000,3.01194,0.30712,0.00094,0.03124,0.66070
16.60000,3.01194,0.62944,0.00008,0.05812,0.31236
16.80000,3.01194,0.86564,0.00002,0.06306,0.07128
17.00000,3.01194,0.45281,0.00014,0.11081,0.43624
17.20000,3.01194,0.52507,0.00126,0.17255,0.30112
17.40000,3.01194,0.52572,0.01396,0.16807,0.29225
17.60000,3.01194,0.54999,0.00031,0.15349,0.29621
17.80000,3.01194,0.63674,0.00117,0.08612,0.27596
18.00000,3.01194,0.52179,0.00015,0.11180,0.36626
18.20000,3.01194,0.56927,0.00220,0.11103,0.31750
18.40000,3.01194,0.48459,0.00032,0.12076,0.39433
18.60000,3.01194,0.47725,0.00064,0.14162,0.38049
18.80000,3.01194,0.46337,0.00028,0.11306,0.42329
19.00000,3.01194,0.46948,0.00000,0.12565,0.40487
19.20000,3.01194,0.47268,0.00000,0.07626,0.45106
19.40000,3.01194,0.45831,0.00057,0.16274,0.37839
19.60000,3.01194,0.53448,0.00013,0.15134,0.31405
19.80000,3.01194,0.51189,0.00008,0.08047,0.40756
20.00000,3.01194,0.41063,0.00030,0.10155,0.48753
20.20000,3.01194,0.43352,0.00043,0.11006,0.45599
20.40000,3.01194,0.46485,0.00011,0.10493,0.43011
20.60000,3.01194,0.47804,0.00001,0.09097,0.43097
20.80000,3.01194,0.44802,0.00003,0.06841,0.48354
21.00000,3.01194,0.42964,0.00006,0.11707,0.45323
