Time(Seconds),Length(Seconds),Label(string),Confidence(double),Comment(string)
0.0262499,1.8344624999999999,working,1,
1.8673539,0.1458962999999999,impact,1,
2.0225044,1.0773175,working,1,
3.1080818,0.1217210000000001,impact,1,
3.2401358,0.9588184,working,1,
4.2071296,0.1337895000000001,impact,1,
4.3475608,0.8772002000000003,working,1,
5.232397,0.1437519999999996,impact,1,
5.386027,0.9837152000000003,working,1,
6.378457,0.1135455999999996,impact,1,
6.5034144,0.9311402000000004,working,1,
7.4443482,0.1232547999999996,impact,1,
7.574784,0.9266562000000004,working,1,
8.5096156,0.1120962000000006,impact,1,
8.6294322,0.8829648000000002,working,1,
9.5184148,0.1212660000000005,impact,1,
9.6500137,1.0437905000000005,working,1,
10.702519,0.1374480000000006,impact,1,
10.8486817,0.9242125000000008,working,1,
11.781609,0.1037519000000002,impact,1,
11.8935364,0.9068672000000004,working,1,
12.8070452,0.1276543999999997,impact,1,
12.9418806,0.9067827999999992,working,1,
13.8552206,0.1335877999999997,impact,1,
13.9980626,0.9066984000000002,working,1,
14.9140996,0.0993524000000005,impact,1,
15.0216274,0.8362058000000002,working,1,
15.8643904,0.1161581000000002,impact,1,
15.988724,0.7881147999999976,working,1,
16.7899532,0.1089771999999995,impact,1,
16.907729500000002,0.8316375000000005,working,1,
17.7481662,0.1224621999999995,impact,1,
17.878888200000002,0.7691513999999984,working,1,
18.6581146,0.1507690000000017,impact,1,
18.8154408,0.6927254000000003,working,1,
19.5158022,0.1014255999999995,impact,1,
19.6254032,0.6829318000000012,working,1,
20.315971,0.1028750000000012,impact,1,
20.426482,0.702265800000002,working,1,
21.1369232,0.1066507999999977,impact,1,
21.2517494,0.6716043999999975,working,1,
21.9315292,0.1271901999999973,impact,1,
22.0658582,0.6883257999999975,working,1,
22.7650564,0.1498870999999992,impact,1,
22.9241978,0.7621578000000002,working,1,
23.6955582,0.1523309999999994,impact,1,
23.856604,0.9303146000000012,working,1,
24.795094,0.1094322000000004,impact,1,
24.9138647,0.7364168999999979,working,1,
25.658457,0.1318850999999993,impact,1,
25.8001358,0.8231757999999976,working,1,
26.634184,0.1354921999999987,impact,1,
26.7789304,0.7816420000000012,working,1,
27.5671296,0.1333346000000022,impact,1,
27.7076452,0.7428052000000012,working,1,
28.457547,0.1310082000000004,impact,1,
28.5984332,0.7484571999999997,working,1,
29.3548078,0.1463646000000014,impact,1,
29.510966,0.8708961999999987,working,1,
30.3927346,0.0799339999999987,impact,1,
30.4798496,0.9677349999999976,working,1,
31.45576,0.1425888000000014,impact,1,
31.6039116,0.822636400000001,working,1,
32.4331896,0.1445775999999959,impact,1,
32.587560800000006,0.6952535999999949,working,1,
33.2920686,0.1326264000000039,impact,1,
33.432331,0.7249206000000019,working,1,
34.167584600000005,0.1176919000000011,impact,1,
34.293452,0.7677020000000002,working,1,
35.06879,0.1479827000000002,impact,1,
35.227645200000005,0.9058727999999996,working,1,
36.1449298,0.1505953000000011,impact,1,
36.303700600000006,0.794048199999994,working,1,
37.106463600000005,0.159141399999996,impact,1,
37.2732594,2.820490499999995,working,1,
