Time(Seconds),Length(Seconds),Label(string),Confidence(double),Comment(string)
0.2562512,2.1583245,working,1,
2.4147342000000003,1.1682905,impact,1,
3.6700435000000002,2.3690123,working,1,
6.0394664,0.9737680999999994,impact,1,
7.4000528999999995,1.8360777999999998,working,1,
9.2366022,1.2169223999999992,impact,1,
10.4947055,2.1553432000000003,working,1,
12.650254,0.7403351999999993,impact,1,
13.7050548,2.3609796999999997,working,1,
16.0666103,0.046385300000000566,impact,1,
16.2093804,0.2473722,impact,1,
17.0332826,2.2426774000000003,working,1,
19.276746300000003,0.6718356999999988,impact,1,
20.472407,2.1154325,working,1,
22.5881043,0.8460349000000008,impact,1,
23.908548200000002,1.8338672999999999,working,1,
25.742593,1.1116015999999977,impact,1,
27.2484958,2.3090218,working,1,
29.557840300000002,0.4365356999999979,impact,1,
30.3331701,2.3313236999999996,working,1,
32.66523839999999,1.7704346000000017,impact,1,
34.8530091,2.7515313000000003,working,1,
37.6097976,2.1095066000000027,impact,1,
39.8347673,2.9865437000000004,working,1,
42.8213626,0.860440000000001,impact,1,
43.715089400000004,2.0144285,working,1,
45.7299585,0.8214111000000012,impact,1,
46.6009464,2.2150411,working,1,
48.8165868,1.4027434000000008,impact,1,
50.5878779,2.0546186,working,1,
52.644044,0.8328218999999955,impact,1,
53.8903037,2.113808,working,1,
56.0044134,2.2052288000000018,impact,1,
58.2761586,1.8173300000000001,working,1,
60.093687,0.27114759999999705,impact,1,
60.8324716,1.6935208,working,1,
62.5260492,1.2871262999999995,impact,1,
63.8677587,1.5351723000000002,working,1,
65.4031601,1.6288127000000006,impact,1,
67.0785712,1.7318681,working,1,
68.8104801,1.0496497000000014,impact,1,
70.1473677,2.1137074,working,1,
72.26116200000001,1.791952499999994,impact,1,
74.1120004,2.5003866000000006,working,1,
76.61282779999999,1.5761275000000083,impact,1,
78.4187635,2.6020577000000005,working,1,
81.0209651,1.6857817000000028,impact,1,
82.7638846,2.9357885999999995,working,1,
85.7006964,0.9938657999999952,impact,1,
87.0605278,2.8767483,working,1,
89.9377122,1.2032106000000031,impact,1,
91.6299217,3.0990656,working,1,
94.7292267,0.8233659000000084,impact,1,
96.060436,3.1852027999999994,working,1,
99.2463009,1.2974301000000092,impact,1,
100.93934540000001,2.7825192999999997,working,1,
103.7222204,0.559692000000001,impact,1,
104.9039463,3.2192306000000004,working,1,
108.123476,1.168351800000009,impact,1,
109.6482542,2.9666691,working,1,
112.6150457,0.6532635999999874,impact,1,
113.5264027,2.8136588999999996,working,1,
116.3404262,0.8236168000000087,impact,1,
117.6500115,3.1651199000000005,working,1,
120.8164478,0.8763169000000011,impact,1,
122.1920959,2.9757873,working,1,
125.17568659999999,1.220529400000009,impact,1,
126.8535851,1.7316310000000004,working,1,
128.5855451,2.1872980999999867,impact,1,
130.9580611,1.6204258999999999,working,1,
132.581587,1.7093781999999935,impact,1,
134.3562622,3.0261192,working,1,
137.3825479,0.2341379999999932,impact,1,
137.8301525,0.2822342,impact,1,
138.15983350000002,2.9741049999999998,working,1,
141.1365948,0.7294390000000008,impact,1,
142.2086132,0.5870856999999999,impact,1,
142.8449222,3.3174723999999998,working,1,
146.1626748,0.7401886999999945,impact,1,
146.950669,2.5703885,working,1,
149.5213941,1.037244100000002,impact,1,
150.9588317,3.4585981999999995,working,1,
154.4182738,0.7276354999999946,impact,1,
155.5809186,3.0242749000000004,working,1,
158.60647690000002,0.6372127999999909,impact,1,
159.8295244,2.9721479,working,1,
162.8030115,0.7227635000000181,impact,1,
164.0920336,2.9612583,working,1,
167.0537363,0.5698902000000012,impact,1,
168.269476,2.95972,working,1,
171.22980309999997,0.4788093000000012,impact,1,
172.1783036,2.8882846,working,1,
175.0683154,0.5572654000000085,impact,1,
176.1512346,2.6531424,working,1,
178.80510819999998,0.48310940000001557,impact,1,
179.8375352,2.7245786,working,1,
182.5668889,0.4870956999999871,impact,1,
183.7076973,3.4277789000000003,working,1,
