Time (seconds), Duration (seconds),pred_(unlabeled),pred_imbalance,pred_working,pred_impact
0.00000,3.01194,0.29632,0.00001,0.13339,0.57029
0.20000,3.01194,0.34496,0.00000,0.14250,0.51253
0.40000,3.01194,0.31360,0.00021,0.15168,0.53450
0.60000,3.01194,0.41204,0.00003,0.17727,0.41066
0.80000,3.01194,0.32503,0.00001,0.13928,0.53568
1.00000,3.01194,0.33094,0.00005,0.14695,0.52206
1.20000,3.01194,0.44108,0.00002,0.15676,0.40213
1.40000,3.01194,0.37076,0.00007,0.15828,0.47090
1.60000,3.01194,0.31188,0.00015,0.10527,0.58270
1.80000,3.01194,0.40215,0.00004,0.14389,0.45391
2.00000,3.01194,0.46165,0.00006,0.21132,0.32697
2.20000,3.01194,0.45712,0.00030,0.14906,0.39352
2.40000,3.01194,0.32579,0.00001,0.12096,0.55325
2.60000,3.01194,0.30325,0.00000,0.06033,0.63641
2.80000,3.01194,0.34422,0.00005,0.12565,0.53008
3.00000,3.01194,0.41894,0.00005,0.20629,0.37472
3.20000,3.01194,0.35913,0.00000,0.08247,0.55840
3.40000,3.01194,0.50922,0.00000,0.09612,0.39465
3.60000,3.01194,0.45929,0.00000,0.11705,0.42366
3.80000,3.01194,0.35738,0.00002,0.19793,0.44466
4.00000,3.01194,0.34085,0.00002,0.16716,0.49197
4.20000,3.01194,0.38703,0.00002,0.18319,0.42976
4.40000,3.01194,0.43810,0.00000,0.15507,0.40683
4.60000,3.01194,0.33678,0.00003,0.11376,0.54943
4.80000,3.01194,0.33130,0.00000,0.11938,0.54932
5.00000,3.01194,0.35942,0.00011,0.17922,0.46125
5.20000,3.01194,0.71177,0.00001,0.13328,0.15494
5.40000,3.01194,0.36730,0.00006,0.24086,0.39178
5.60000,3.01194,0.41735,0.00000,0.11252,0.47012
5.80000,3.01194,0.34071,0.00002,0.13713,0.52213
6.00000,3.01194,0.39001,0.00003,0.22716,0.38279
6.20000,3.01194,0.34914,0.00001,0.05777,0.59309
6.40000,3.01194,0.33962,0.00000,0.15080,0.50957
6.60000,3.01194,0.48159,0.00028,0.20123,0.31691
6.80000,3.01194,0.39828,0.00001,0.24375,0.35796
7.00000,3.01194,0.36277,0.00001,0.18653,0.45069
7.20000,3.01194,0.39175,0.00014,0.24306,0.36505
7.40000,3.01194,0.31802,0.00002,0.09032,0.59164
7.60000,3.01194,0.36481,0.00039,0.09411,0.54069
7.80000,3.01194,0.49713,0.00006,0.12775,0.37506
8.00000,3.01194,0.45901,0.00002,0.16890,0.37208
8.20000,3.01194,0.66241,0.00000,0.15944,0.17815
8.40000,3.01194,0.34368,0.00079,0.19312,0.46241
8.60000,3.01194,0.67688,0.00060,0.06341,0.25911
8.80000,3.01194,0.57197,0.00019,0.15036,0.27748
9.00000,3.01194,0.49958,0.00011,0.18344,0.31688
9.20000,3.01194,0.43867,0.00000,0.07948,0.48184
9.40000,3.01194,0.35161,0.00000,0.16149,0.48689
9.60000,3.01194,0.40004,0.00003,0.17061,0.42932
9.80000,3.01194,0.40116,0.00018,0.24631,0.35235
10.00000,3.01194,0.33458,0.00008,0.21436,0.45099
10.20000,3.01194,0.32295,0.00002,0.16951,0.50752
10.40000,3.01194,0.34118,0.00000,0.14300,0.51582
10.60000,3.01194,0.45284,0.00004,0.29860,0.24852
10.80000,3.01194,0.44501,0.00002,0.19995,0.35502
11.00000,3.01194,0.26041,0.00027,0.05421,0.68511
11.20000,3.01194,0.55914,0.00000,0.06471,0.37614
11.40000,3.01194,0.45793,0.00005,0.14365,0.39837
11.60000,3.01194,0.41469,0.00002,0.47908,0.10621
11.80000,3.01194,0.79430,0.00000,0.15284,0.05286
12.00000,3.01194,0.66251,0.00001,0.20985,0.12763
12.20000,3.01194,0.37249,0.00000,0.02710,0.60041
12.40000,3.01194,0.43578,0.00000,0.09313,0.47109
12.60000,3.01194,0.39676,0.00010,0.20907,0.39408
12.80000,3.01194,0.85758,0.00148,0.05225,0.08869
13.00000,3.01194,0.46863,0.00000,0.14609,0.38527
13.20000,3.01194,0.41596,0.00015,0.17737,0.40652
13.40000,3.01194,0.49250,0.00028,0.14472,0.36250
13.60000,3.01194,0.39989,0.00002,0.20181,0.39828
13.80000,3.01194,0.40578,0.00016,0.25784,0.33622
14.00000,3.01194,0.42334,0.00002,0.19054,0.38610
14.20000,3.01194,0.39479,0.00003,0.18327,0.42190
14.40000,3.01194,0.42047,0.00000,0.15366,0.42587
14.60000,3.01194,0.36183,0.00000,0.12073,0.51744
14.80000,3.01194,0.38833,0.00001,0.18617,0.42548
15.00000,3.01194,0.52139,0.00001,0.19738,0.28122
15.20000,3.01194,0.46358,0.00000,0.17380,0.36263
15.40000,3.01194,0.42628,0.00000,0.25364,0.32008
15.60000,3.01194,0.42865,0.00000,0.19810,0.37325
15.80000,3.01194,0.43170,0.00000,0.18413,0.38417
16.00000,3.01194,0.42092,0.00002,0.21166,0.36741
16.20000,3.01194,0.43252,0.00000,0.19025,0.37723
16.40000,3.01194,0.39754,0.00000,0.15717,0.44529
16.60000,3.01194,0.46109,0.00001,0.21563,0.32327
16.80000,3.01194,0.39267,0.00000,0.22773,0.37960
17.00000,3.01194,0.41554,0.00001,0.20649,0.37796
17.20000,3.01194,0.39909,0.00001,0.17553,0.42536
17.40000,3.01194,0.40249,0.00000,0.19496,0.40254
17.60000,3.01194,0.41159,0.00001,0.20864,0.37975
17.80000,3.01194,0.38410,0.00000,0.19675,0.41915
18.00000,3.01194,0.37578,0.00002,0.25652,0.36769
18.20000,3.01194,0.38971,0.00002,0.22008,0.39019
18.40000,3.01194,0.38912,0.00001,0.19945,0.41141
