Time(Seconds),Length(Seconds),Label(string),Confidence(double),Comment(string)
0.7208734,0.4891932,impact,1,
1.2110426,0.6025741,working,1,
1.8136167,0.8862656,impact,1,
2.6998823,0.5034785,working,1,
3.2033608,0.4288382,impact,1,
3.6321990,0.3017751,working,1,
3.9339741,0.3208345,impact,1,
4.2548086,0.1524758,working,1,
4.4072844,0.2509497,impact,1,
4.6582341,0.7393280,working,1,
5.3983772,0.3589534,impact,1,
5.7573306,0.6945396,working,1,
6.4528702,0.6384924,impact,1,
7.1069202,0.5657564,working,1,
7.6726766,0.3144813,impact,1,
7.9871579,0.6416691,working,1,
8.6288270,0.3113047,impact,1,
8.9401317,0.6191918,working,1,
9.5593235,0.5050761,impact,1,
10.0899769,0.6664792,working,1,
10.7564561,0.4634040,impact,1,
11.2335455,0.7014215,working,1,
11.9349670,0.4383679,impact,1,
12.3733349,0.1747120,working,1,
12.5480469,0.4733103,impact,1,
13.0213572,0.3457663,working,1,
13.3681235,0.5971968,impact,1,
13.9653203,0.5971969,working,1,
14.5625172,0.5971968,impact,1,
15.1617140,0.4132634,working,1,
15.6006374,0.4987229,impact,1,
16.0993603,0.6099033,working,1,
16.7092636,0.6162564,impact,1,
17.3255200,0.6893177,working,1,
18.0148377,0.4066021,impact,1,
18.4214398,0.6810388,working,1,
19.1024786,0.4429614,impact,1,
19.5474400,0.5438801,working,1,
