Time (seconds), Duration (seconds),pred_(unlabeled),pred_imbalance,pred_working,pred_impact
0.00000,3.01194,1.00000,0.00000,0.00000,0.00000
0.20000,3.01194,1.00000,0.00000,0.00000,0.00000
0.40000,3.01194,1.00000,0.00000,0.00000,0.00000
0.60000,3.01194,1.00000,0.00000,0.00000,0.00000
0.80000,3.01194,1.00000,0.00000,0.00000,0.00000
1.00000,3.01194,1.00000,0.00000,0.00000,0.00000
1.20000,3.01194,1.00000,0.00000,0.00000,0.00000
1.40000,3.01194,1.00000,0.00000,0.00000,0.00000
1.60000,3.01194,1.00000,0.00000,0.00000,0.00000
1.80000,3.01194,1.00000,0.00000,0.00000,0.00000
2.00000,3.01194,1.00000,0.00000,0.00000,0.00000
2.20000,3.01194,1.00000,0.00000,0.00000,0.00000
2.40000,3.01194,1.00000,0.00000,0.00000,0.00000
2.60000,3.01194,1.00000,0.00000,0.00000,0.00000
2.80000,3.01194,1.00000,0.00000,0.00000,0.00000
3.00000,3.01194,1.00000,0.00000,0.00000,0.00000
3.20000,3.01194,1.00000,0.00000,0.00000,0.00000
3.40000,3.01194,1.00000,0.00000,0.00000,0.00000
3.60000,3.01194,1.00000,0.00000,0.00000,0.00000
3.80000,3.01194,1.00000,0.00000,0.00000,0.00000
4.00000,3.01194,1.00000,0.00000,0.00000,0.00000
4.20000,3.01194,1.00000,0.00000,0.00000,0.00000
4.40000,3.01194,1.00000,0.00000,0.00000,0.00000
4.60000,3.01194,1.00000,0.00000,0.00000,0.00000
4.80000,3.01194,1.00000,0.00000,0.00000,0.00000
5.00000,3.01194,1.00000,0.00000,0.00000,0.00000
5.20000,3.01194,1.00000,0.00000,0.00000,0.00000
5.40000,3.01194,1.00000,0.00000,0.00000,0.00000
5.60000,3.01194,1.00000,0.00000,0.00000,0.00000
5.80000,3.01194,0.99997,0.00000,0.00003,0.00000
6.00000,3.01194,1.00000,0.00000,0.00000,0.00000
6.20000,3.01194,1.00000,0.00000,0.00000,0.00000
6.40000,3.01194,1.00000,0.00000,0.00000,0.00000
6.60000,3.01194,1.00000,0.00000,0.00000,0.00000
6.80000,3.01194,1.00000,0.00000,0.00000,0.00000
7.00000,3.01194,1.00000,0.00000,0.00000,0.00000
7.20000,3.01194,1.00000,0.00000,0.00000,0.00000
7.40000,3.01194,1.00000,0.00000,0.00000,0.00000
7.60000,3.01194,1.00000,0.00000,0.00000,0.00000
7.80000,3.01194,1.00000,0.00000,0.00000,0.00000
8.00000,3.01194,1.00000,0.00000,0.00000,0.00000
8.20000,3.01194,1.00000,0.00000,0.00000,0.00000
8.40000,3.01194,1.00000,0.00000,0.00000,0.00000
8.60000,3.01194,1.00000,0.00000,0.00000,0.00000
8.80000,3.01194,1.00000,0.00000,0.00000,0.00000
9.00000,3.01194,1.00000,0.00000,0.00000,0.00000
9.20000,3.01194,1.00000,0.00000,0.00000,0.00000
9.40000,3.01194,1.00000,0.00000,0.00000,0.00000
9.60000,3.01194,1.00000,0.00000,0.00000,0.00000
9.80000,3.01194,1.00000,0.00000,0.00000,0.00000
10.00000,3.01194,1.00000,0.00000,0.00000,0.00000
10.20000,3.01194,1.00000,0.00000,0.00000,0.00000
10.40000,3.01194,1.00000,0.00000,0.00000,0.00000
10.60000,3.01194,1.00000,0.00000,0.00000,0.00000
10.80000,3.01194,1.00000,0.00000,0.00000,0.00000
11.00000,3.01194,1.00000,0.00000,0.00000,0.00000
11.20000,3.01194,1.00000,0.00000,0.00000,0.00000
11.40000,3.01194,1.00000,0.00000,0.00000,0.00000
11.60000,3.01194,1.00000,0.00000,0.00000,0.00000
11.80000,3.01194,1.00000,0.00000,0.00000,0.00000
12.00000,3.01194,1.00000,0.00000,0.00000,0.00000
12.20000,3.01194,1.00000,0.00000,0.00000,0.00000
12.40000,3.01194,1.00000,0.00000,0.00000,0.00000
12.60000,3.01194,1.00000,0.00000,0.00000,0.00000
12.80000,3.01194,0.99998,0.00000,0.00002,0.00000
13.00000,3.01194,0.99999,0.00001,0.00000,0.00000
13.20000,3.01194,1.00000,0.00000,0.00000,0.00000
13.40000,3.01194,1.00000,0.00000,0.00000,0.00000
13.60000,3.01194,1.00000,0.00000,0.00000,0.00000
13.80000,3.01194,1.00000,0.00000,0.00000,0.00000
14.00000,3.01194,1.00000,0.00000,0.00000,0.00000
14.20000,3.01194,0.99996,0.00004,0.00000,0.00000
14.40000,3.01194,1.00000,0.00000,0.00000,0.00000
14.60000,3.01194,1.00000,0.00000,0.00000,0.00000
14.80000,3.01194,1.00000,0.00000,0.00000,0.00000
15.00000,3.01194,1.00000,0.00000,0.00000,0.00000
15.20000,3.01194,1.00000,0.00000,0.00000,0.00000
15.40000,3.01194,1.00000,0.00000,0.00000,0.00000
15.60000,3.01194,1.00000,0.00000,0.00000,0.00000
15.80000,3.01194,1.00000,0.00000,0.00000,0.00000
16.00000,3.01194,0.99998,0.00001,0.00000,0.00001
16.20000,3.01194,0.99998,0.00001,0.00000,0.00001
16.40000,3.01194,0.99997,0.00002,0.00000,0.00000
16.60000,3.01194,0.99999,0.00001,0.00000,0.00000
16.80000,3.01194,0.99975,0.00017,0.00000,0.00008
17.00000,3.01194,1.00000,0.00000,0.00000,0.00000
17.20000,3.01194,1.00000,0.00000,0.00000,0.00000
17.40000,3.01194,1.00000,0.00000,0.00000,0.00000
17.60000,3.01194,1.00000,0.00000,0.00000,0.00000
17.80000,3.01194,1.00000,0.00000,0.00000,0.00000
18.00000,3.01194,1.00000,0.00000,0.00000,0.00000
18.20000,3.01194,1.00000,0.00000,0.00000,0.00000
18.40000,3.01194,1.00000,0.00000,0.00000,0.00000
18.60000,3.01194,0.99999,0.00000,0.00000,0.00000
18.80000,3.01194,0.99999,0.00000,0.00000,0.00000
19.00000,3.01194,1.00000,0.00000,0.00000,0.00000
19.20000,3.01194,1.00000,0.00000,0.00000,0.00000
19.40000,3.01194,1.00000,0.00000,0.00000,0.00000
19.60000,3.01194,1.00000,0.00000,0.00000,0.00000
19.80000,3.01194,1.00000,0.00000,0.00000,0.00000
20.00000,3.01194,1.00000,0.00000,0.00000,0.00000
20.20000,3.01194,1.00000,0.00000,0.00000,0.00000
20.40000,3.01194,1.00000,0.00000,0.00000,0.00000
20.60000,3.01194,1.00000,0.00000,0.00000,0.00000
20.80000,3.01194,1.00000,0.00000,0.00000,0.00000
21.00000,3.01194,1.00000,0.00000,0.00000,0.00000
21.20000,3.01194,1.00000,0.00000,0.00000,0.00000
21.40000,3.01194,1.00000,0.00000,0.00000,0.00000
21.60000,3.01194,1.00000,0.00000,0.00000,0.00000
21.80000,3.01194,1.00000,0.00000,0.00000,0.00000
22.00000,3.01194,1.00000,0.00000,0.00000,0.00000
22.20000,3.01194,1.00000,0.00000,0.00000,0.00000
22.40000,3.01194,1.00000,0.00000,0.00000,0.00000
22.60000,3.01194,1.00000,0.00000,0.00000,0.00000
22.80000,3.01194,1.00000,0.00000,0.00000,0.00000
23.00000,3.01194,1.00000,0.00000,0.00000,0.00000
23.20000,3.01194,1.00000,0.00000,0.00000,0.00000
23.40000,3.01194,1.00000,0.00000,0.00000,0.00000
23.60000,3.01194,1.00000,0.00000,0.00000,0.00000
23.80000,3.01194,1.00000,0.00000,0.00000,0.00000
24.00000,3.01194,1.00000,0.00000,0.00000,0.00000
24.20000,3.01194,1.00000,0.00000,0.00000,0.00000
24.40000,3.01194,1.00000,0.00000,0.00000,0.00000
24.60000,3.01194,1.00000,0.00000,0.00000,0.00000
24.80000,3.01194,1.00000,0.00000,0.00000,0.00000
25.00000,3.01194,0.99999,0.00001,0.00000,0.00000
25.20000,3.01194,1.00000,0.00000,0.00000,0.00000
25.40000,3.01194,1.00000,0.00000,0.00000,0.00000
25.60000,3.01194,1.00000,0.00000,0.00000,0.00000
25.80000,3.01194,1.00000,0.00000,0.00000,0.00000
26.00000,3.01194,1.00000,0.00000,0.00000,0.00000
26.20000,3.01194,1.00000,0.00000,0.00000,0.00000
26.40000,3.01194,1.00000,0.00000,0.00000,0.00000
26.60000,3.01194,1.00000,0.00000,0.00000,0.00000
26.80000,3.01194,1.00000,0.00000,0.00000,0.00000
27.00000,3.01194,1.00000,0.00000,0.00000,0.00000
27.20000,3.01194,1.00000,0.00000,0.00000,0.00000
27.40000,3.01194,1.00000,0.00000,0.00000,0.00000
27.60000,3.01194,1.00000,0.00000,0.00000,0.00000
27.80000,3.01194,1.00000,0.00000,0.00000,0.00000
28.00000,3.01194,1.00000,0.00000,0.00000,0.00000
28.20000,3.01194,1.00000,0.00000,0.00000,0.00000
28.40000,3.01194,1.00000,0.00000,0.00000,0.00000
28.60000,3.01194,0.99999,0.00000,0.00000,0.00000
28.80000,3.01194,1.00000,0.00000,0.00000,0.00000
29.00000,3.01194,1.00000,0.00000,0.00000,0.00000
29.20000,3.01194,1.00000,0.00000,0.00000,0.00000
29.40000,3.01194,0.99998,0.00001,0.00001,0.00001
29.60000,3.01194,1.00000,0.00000,0.00000,0.00000
29.80000,3.01194,1.00000,0.00000,0.00000,0.00000
30.00000,3.01194,1.00000,0.00000,0.00000,0.00000
30.20000,3.01194,1.00000,0.00000,0.00000,0.00000
30.40000,3.01194,1.00000,0.00000,0.00000,0.00000
30.60000,3.01194,1.00000,0.00000,0.00000,0.00000
30.80000,3.01194,1.00000,0.00000,0.00000,0.00000
31.00000,3.01194,1.00000,0.00000,0.00000,0.00000
31.20000,3.01194,1.00000,0.00000,0.00000,0.00000
31.40000,3.01194,1.00000,0.00000,0.00000,0.00000
31.60000,3.01194,1.00000,0.00000,0.00000,0.00000
31.80000,3.01194,1.00000,0.00000,0.00000,0.00000
32.00000,3.01194,1.00000,0.00000,0.00000,0.00000
32.20000,3.01194,1.00000,0.00000,0.00000,0.00000
32.40000,3.01194,1.00000,0.00000,0.00000,0.00000
32.60000,3.01194,1.00000,0.00000,0.00000,0.00000
32.80000,3.01194,1.00000,0.00000,0.00000,0.00000
33.00000,3.01194,1.00000,0.00000,0.00000,0.00000
33.20000,3.01194,1.00000,0.00000,0.00000,0.00000
33.40000,3.01194,1.00000,0.00000,0.00000,0.00000
33.60000,3.01194,1.00000,0.00000,0.00000,0.00000
33.80000,3.01194,1.00000,0.00000,0.00000,0.00000
34.00000,3.01194,1.00000,0.00000,0.00000,0.00000
34.20000,3.01194,1.00000,0.00000,0.00000,0.00000
34.40000,3.01194,1.00000,0.00000,0.00000,0.00000
34.60000,3.01194,1.00000,0.00000,0.00000,0.00000
34.80000,3.01194,1.00000,0.00000,0.00000,0.00000
35.00000,3.01194,1.00000,0.00000,0.00000,0.00000
35.20000,3.01194,1.00000,0.00000,0.00000,0.00000
35.40000,3.01194,1.00000,0.00000,0.00000,0.00000
35.60000,3.01194,1.00000,0.00000,0.00000,0.00000
35.80000,3.01194,1.00000,0.00000,0.00000,0.00000
36.00000,3.01194,1.00000,0.00000,0.00000,0.00000
36.20000,3.01194,1.00000,0.00000,0.00000,0.00000
36.40000,3.01194,1.00000,0.00000,0.00000,0.00000
36.60000,3.01194,1.00000,0.00000,0.00000,0.00000
36.80000,3.01194,1.00000,0.00000,0.00000,0.00000
37.00000,3.01194,1.00000,0.00000,0.00000,0.00000
37.20000,3.01194,1.00000,0.00000,0.00000,0.00000
37.40000,3.01194,1.00000,0.00000,0.00000,0.00000
37.60000,3.01194,1.00000,0.00000,0.00000,0.00000
37.80000,3.01194,1.00000,0.00000,0.00000,0.00000
38.00000,3.01194,1.00000,0.00000,0.00000,0.00000
38.20000,3.01194,1.00000,0.00000,0.00000,0.00000
38.40000,3.01194,1.00000,0.00000,0.00000,0.00000
38.60000,3.01194,1.00000,0.00000,0.00000,0.00000
38.80000,3.01194,1.00000,0.00000,0.00000,0.00000
39.00000,3.01194,1.00000,0.00000,0.00000,0.00000
39.20000,3.01194,1.00000,0.00000,0.00000,0.00000
39.40000,3.01194,1.00000,0.00000,0.00000,0.00000
39.60000,3.01194,1.00000,0.00000,0.00000,0.00000
39.80000,3.01194,1.00000,0.00000,0.00000,0.00000
40.00000,3.01194,1.00000,0.00000,0.00000,0.00000
40.20000,3.01194,1.00000,0.00000,0.00000,0.00000
40.40000,3.01194,1.00000,0.00000,0.00000,0.00000
40.60000,3.01194,1.00000,0.00000,0.00000,0.00000
40.80000,3.01194,0.99999,0.00001,0.00000,0.00000
41.00000,3.01194,1.00000,0.00000,0.00000,0.00000
41.20000,3.01194,0.99885,0.00111,0.00002,0.00002
41.40000,3.01194,0.99995,0.00000,0.00004,0.00001
41.60000,3.01194,1.00000,0.00000,0.00000,0.00000
41.80000,3.01194,0.99995,0.00004,0.00000,0.00000
42.00000,3.01194,1.00000,0.00000,0.00000,0.00000
42.20000,3.01194,1.00000,0.00000,0.00000,0.00000
42.40000,3.01194,1.00000,0.00000,0.00000,0.00000
42.60000,3.01194,0.99869,0.00130,0.00000,0.00001
42.80000,3.01194,0.99998,0.00001,0.00000,0.00001
43.00000,3.01194,1.00000,0.00000,0.00000,0.00000
43.20000,3.01194,1.00000,0.00000,0.00000,0.00000
43.40000,3.01194,1.00000,0.00000,0.00000,0.00000
43.60000,3.01194,1.00000,0.00000,0.00000,0.00000
43.80000,3.01194,1.00000,0.00000,0.00000,0.00000
44.00000,3.01194,1.00000,0.00000,0.00000,0.00000
44.20000,3.01194,1.00000,0.00000,0.00000,0.00000
44.40000,3.01194,1.00000,0.00000,0.00000,0.00000
44.60000,3.01194,1.00000,0.00000,0.00000,0.00000
44.80000,3.01194,1.00000,0.00000,0.00000,0.00000
45.00000,3.01194,0.99980,0.00017,0.00000,0.00003
45.20000,3.01194,1.00000,0.00000,0.00000,0.00000
45.40000,3.01194,1.00000,0.00000,0.00000,0.00000
45.60000,3.01194,1.00000,0.00000,0.00000,0.00000
45.80000,3.01194,1.00000,0.00000,0.00000,0.00000
46.00000,3.01194,1.00000,0.00000,0.00000,0.00000
46.20000,3.01194,0.99998,0.00000,0.00000,0.00002
46.40000,3.01194,0.99999,0.00000,0.00000,0.00000
46.60000,3.01194,0.99998,0.00000,0.00001,0.00000
46.80000,3.01194,1.00000,0.00000,0.00000,0.00000
47.00000,3.01194,0.99999,0.00000,0.00000,0.00000
47.20000,3.01194,0.99998,0.00002,0.00000,0.00000
47.40000,3.01194,0.99363,0.00626,0.00000,0.00011
47.60000,3.01194,1.00000,0.00000,0.00000,0.00000
47.80000,3.01194,1.00000,0.00000,0.00000,0.00000
48.00000,3.01194,1.00000,0.00000,0.00000,0.00000
48.20000,3.01194,1.00000,0.00000,0.00000,0.00000
48.40000,3.01194,0.99999,0.00000,0.00000,0.00001
48.60000,3.01194,1.00000,0.00000,0.00000,0.00000
48.80000,3.01194,0.97792,0.02169,0.00000,0.00039
49.00000,3.01194,0.98837,0.01066,0.00007,0.00090
49.20000,3.01194,0.99998,0.00001,0.00000,0.00001
49.40000,3.01194,0.99988,0.00012,0.00000,0.00000
49.60000,3.01194,0.99978,0.00021,0.00000,0.00001
49.80000,3.01194,0.99999,0.00001,0.00000,0.00000
50.00000,3.01194,1.00000,0.00000,0.00000,0.00000
50.20000,3.01194,0.99999,0.00001,0.00000,0.00000
50.40000,3.01194,1.00000,0.00000,0.00000,0.00000
50.60000,3.01194,1.00000,0.00000,0.00000,0.00000
50.80000,3.01194,1.00000,0.00000,0.00000,0.00000
51.00000,3.01194,1.00000,0.00000,0.00000,0.00000
51.20000,3.01194,0.99983,0.00012,0.00000,0.00004
51.40000,3.01194,1.00000,0.00000,0.00000,0.00000
51.60000,3.01194,1.00000,0.00000,0.00000,0.00000
51.80000,3.01194,0.99843,0.00027,0.00119,0.00011
52.00000,3.01194,0.99996,0.00001,0.00001,0.00003
52.20000,3.01194,0.99965,0.00022,0.00001,0.00012
52.40000,3.01194,0.99962,0.00038,0.00000,0.00000
52.60000,3.01194,1.00000,0.00000,0.00000,0.00000
52.80000,3.01194,1.00000,0.00000,0.00000,0.00000
53.00000,3.01194,0.99999,0.00001,0.00000,0.00000
53.20000,3.01194,1.00000,0.00000,0.00000,0.00000
53.40000,3.01194,0.99999,0.00001,0.00000,0.00000
53.60000,3.01194,1.00000,0.00000,0.00000,0.00000
53.80000,3.01194,1.00000,0.00000,0.00000,0.00000
54.00000,3.01194,0.99995,0.00003,0.00002,0.00001
54.20000,3.01194,0.99976,0.00007,0.00007,0.00009
54.40000,3.01194,0.98007,0.01977,0.00006,0.00010
54.60000,3.01194,0.99979,0.00017,0.00002,0.00001
54.80000,3.01194,0.99993,0.00007,0.00000,0.00000
55.00000,3.01194,0.99965,0.00033,0.00000,0.00002
55.20000,3.01194,0.99988,0.00008,0.00003,0.00001
55.40000,3.01194,0.99999,0.00000,0.00001,0.00001
55.60000,3.01194,1.00000,0.00000,0.00000,0.00000
55.80000,3.01194,0.99999,0.00000,0.00001,0.00000
56.00000,3.01194,0.99997,0.00003,0.00000,0.00001
56.20000,3.01194,1.00000,0.00000,0.00000,0.00000
56.40000,3.01194,0.99999,0.00000,0.00000,0.00000
56.60000,3.01194,0.99998,0.00000,0.00001,0.00001
56.80000,3.01194,0.99982,0.00017,0.00000,0.00001
57.00000,3.01194,0.99984,0.00000,0.00013,0.00003
57.20000,3.01194,0.99997,0.00001,0.00000,0.00001
57.40000,3.01194,1.00000,0.00000,0.00000,0.00000
57.60000,3.01194,0.99999,0.00000,0.00000,0.00000
57.80000,3.01194,1.00000,0.00000,0.00000,0.00000
58.00000,3.01194,1.00000,0.00000,0.00000,0.00000
58.20000,3.01194,1.00000,0.00000,0.00000,0.00000
58.40000,3.01194,1.00000,0.00000,0.00000,0.00000
58.60000,3.01194,1.00000,0.00000,0.00000,0.00000
58.80000,3.01194,1.00000,0.00000,0.00000,0.00000
59.00000,3.01194,1.00000,0.00000,0.00000,0.00000
59.20000,3.01194,1.00000,0.00000,0.00000,0.00000
59.40000,3.01194,1.00000,0.00000,0.00000,0.00000
59.60000,3.01194,1.00000,0.00000,0.00000,0.00000
59.80000,3.01194,1.00000,0.00000,0.00000,0.00000
60.00000,3.01194,1.00000,0.00000,0.00000,0.00000
60.20000,3.01194,1.00000,0.00000,0.00000,0.00000
60.40000,3.01194,0.99999,0.00000,0.00000,0.00000
60.60000,3.01194,1.00000,0.00000,0.00000,0.00000
60.80000,3.01194,1.00000,0.00000,0.00000,0.00000
61.00000,3.01194,1.00000,0.00000,0.00000,0.00000
61.20000,3.01194,1.00000,0.00000,0.00000,0.00000
61.40000,3.01193,0.99999,0.00000,0.00000,0.00000
61.60000,3.01194,0.99996,0.00003,0.00001,0.00001
61.80000,3.01194,1.00000,0.00000,0.00000,0.00000
62.00000,3.01194,1.00000,0.00000,0.00000,0.00000
62.20000,3.01194,0.99997,0.00001,0.00001,0.00001
62.40000,3.01193,0.99995,0.00003,0.00000,0.00002
62.60000,3.01194,0.99997,0.00002,0.00000,0.00001
62.80000,3.01194,1.00000,0.00000,0.00000,0.00000
63.00000,3.01194,0.99997,0.00003,0.00000,0.00000
63.20000,3.01194,0.99999,0.00001,0.00000,0.00000
63.40000,3.01193,1.00000,0.00000,0.00000,0.00000
63.60000,3.01194,1.00000,0.00000,0.00000,0.00000
63.80000,3.01194,1.00000,0.00000,0.00000,0.00000
64.00000,3.01194,1.00000,0.00000,0.00000,0.00000
64.20000,3.01194,1.00000,0.00000,0.00000,0.00000
64.40000,3.01193,1.00000,0.00000,0.00000,0.00000
64.60000,3.01194,1.00000,0.00000,0.00000,0.00000
64.80000,3.01193,1.00000,0.00000,0.00000,0.00000
65.00000,3.01194,1.00000,0.00000,0.00000,0.00000
65.20000,3.01194,1.00000,0.00000,0.00000,0.00000
65.40000,3.01193,1.00000,0.00000,0.00000,0.00000
65.60000,3.01194,1.00000,0.00000,0.00000,0.00000
65.80000,3.01193,1.00000,0.00000,0.00000,0.00000
66.00000,3.01194,1.00000,0.00000,0.00000,0.00000
66.20000,3.01194,1.00000,0.00000,0.00000,0.00000
66.40000,3.01193,1.00000,0.00000,0.00000,0.00000
66.60000,3.01194,1.00000,0.00000,0.00000,0.00000
66.80000,3.01193,1.00000,0.00000,0.00000,0.00000
67.00000,3.01194,1.00000,0.00000,0.00000,0.00000
67.20000,3.01194,1.00000,0.00000,0.00000,0.00000
67.40000,3.01193,1.00000,0.00000,0.00000,0.00000
67.60000,3.01194,1.00000,0.00000,0.00000,0.00000
67.80000,3.01193,1.00000,0.00000,0.00000,0.00000
68.00000,3.01194,1.00000,0.00000,0.00000,0.00000
68.20000,3.01194,1.00000,0.00000,0.00000,0.00000
68.40000,3.01193,1.00000,0.00000,0.00000,0.00000
68.60000,3.01194,1.00000,0.00000,0.00000,0.00000
68.80000,3.01193,1.00000,0.00000,0.00000,0.00000
69.00000,3.01194,1.00000,0.00000,0.00000,0.00000
69.20000,3.01194,1.00000,0.00000,0.00000,0.00000
69.40000,3.01193,1.00000,0.00000,0.00000,0.00000
69.60000,3.01194,1.00000,0.00000,0.00000,0.00000
69.80000,3.01193,1.00000,0.00000,0.00000,0.00000
70.00000,3.01194,1.00000,0.00000,0.00000,0.00000
70.20000,3.01194,0.99999,0.00000,0.00000,0.00000
70.40000,3.01193,1.00000,0.00000,0.00000,0.00000
70.60000,3.01194,1.00000,0.00000,0.00000,0.00000
70.80000,3.01193,1.00000,0.00000,0.00000,0.00000
71.00000,3.01194,1.00000,0.00000,0.00000,0.00000
71.20000,3.01194,1.00000,0.00000,0.00000,0.00000
71.40000,3.01193,1.00000,0.00000,0.00000,0.00000
71.60000,3.01194,1.00000,0.00000,0.00000,0.00000
71.80000,3.01193,1.00000,0.00000,0.00000,0.00000
72.00000,3.01194,1.00000,0.00000,0.00000,0.00000
72.20000,3.01194,1.00000,0.00000,0.00000,0.00000
72.40000,3.01193,1.00000,0.00000,0.00000,0.00000
72.60000,3.01194,1.00000,0.00000,0.00000,0.00000
72.80000,3.01193,1.00000,0.00000,0.00000,0.00000
73.00000,3.01194,1.00000,0.00000,0.00000,0.00000
73.20000,3.01194,0.99985,0.00014,0.00000,0.00001
73.40000,3.01193,1.00000,0.00000,0.00000,0.00000
73.60000,3.01194,1.00000,0.00000,0.00000,0.00000
73.80000,3.01193,1.00000,0.00000,0.00000,0.00000
74.00000,3.01194,0.99999,0.00001,0.00000,0.00000
74.20000,3.01194,1.00000,0.00000,0.00000,0.00000
74.40000,3.01193,1.00000,0.00000,0.00000,0.00000
74.60000,3.01194,1.00000,0.00000,0.00000,0.00000
74.80000,3.01193,1.00000,0.00000,0.00000,0.00000
75.00000,3.01194,1.00000,0.00000,0.00000,0.00000
75.20000,3.01194,1.00000,0.00000,0.00000,0.00000
75.40000,3.01193,1.00000,0.00000,0.00000,0.00000
75.60000,3.01194,0.99999,0.00001,0.00000,0.00000
75.80000,3.01193,0.99999,0.00001,0.00000,0.00001
76.00000,3.01194,0.99950,0.00048,0.00000,0.00002
76.20000,3.01194,1.00000,0.00000,0.00000,0.00000
76.40000,3.01193,1.00000,0.00000,0.00000,0.00000
76.60000,3.01194,1.00000,0.00000,0.00000,0.00000
76.80000,3.01193,1.00000,0.00000,0.00000,0.00000
77.00000,3.01194,1.00000,0.00000,0.00000,0.00000
77.20000,3.01194,0.99626,0.00368,0.00002,0.00004
77.40000,3.01193,1.00000,0.00000,0.00000,0.00000
77.60000,3.01194,1.00000,0.00000,0.00000,0.00000
77.80000,3.01193,1.00000,0.00000,0.00000,0.00000
78.00000,3.01194,1.00000,0.00000,0.00000,0.00000
78.20000,3.01194,1.00000,0.00000,0.00000,0.00000
78.40000,3.01193,1.00000,0.00000,0.00000,0.00000
78.60000,3.01194,1.00000,0.00000,0.00000,0.00000
78.80000,3.01193,1.00000,0.00000,0.00000,0.00000
79.00000,3.01194,1.00000,0.00000,0.00000,0.00000
79.20000,3.01194,1.00000,0.00000,0.00000,0.00000
79.40000,3.01193,1.00000,0.00000,0.00000,0.00000
79.60000,3.01194,1.00000,0.00000,0.00000,0.00000
79.80000,3.01193,1.00000,0.00000,0.00000,0.00000
80.00000,3.01194,1.00000,0.00000,0.00000,0.00000
80.20000,3.01194,1.00000,0.00000,0.00000,0.00000
80.40000,3.01193,1.00000,0.00000,0.00000,0.00000
80.60000,3.01194,1.00000,0.00000,0.00000,0.00000
80.80000,3.01193,1.00000,0.00000,0.00000,0.00000
81.00000,3.01194,1.00000,0.00000,0.00000,0.00000
81.20000,3.01194,1.00000,0.00000,0.00000,0.00000
81.40000,3.01193,1.00000,0.00000,0.00000,0.00000
81.60000,3.01194,0.99999,0.00000,0.00000,0.00000
81.80000,3.01193,1.00000,0.00000,0.00000,0.00000
82.00000,3.01194,1.00000,0.00000,0.00000,0.00000
82.20000,3.01194,1.00000,0.00000,0.00000,0.00000
82.40000,3.01193,1.00000,0.00000,0.00000,0.00000
82.60000,3.01194,1.00000,0.00000,0.00000,0.00000
82.80000,3.01193,1.00000,0.00000,0.00000,0.00000
83.00000,3.01194,1.00000,0.00000,0.00000,0.00000
83.20000,3.01194,1.00000,0.00000,0.00000,0.00000
83.40000,3.01193,1.00000,0.00000,0.00000,0.00000
83.60000,3.01194,1.00000,0.00000,0.00000,0.00000
83.80000,3.01193,1.00000,0.00000,0.00000,0.00000
84.00000,3.01194,1.00000,0.00000,0.00000,0.00000
84.20000,3.01194,1.00000,0.00000,0.00000,0.00000
84.40000,3.01193,0.99998,0.00001,0.00000,0.00000
84.60000,3.01194,0.99997,0.00000,0.00001,0.00001
84.80000,3.01193,0.99998,0.00002,0.00000,0.00000
85.00000,3.01194,1.00000,0.00000,0.00000,0.00000
85.20000,3.01194,1.00000,0.00000,0.00000,0.00000
85.40000,3.01193,1.00000,0.00000,0.00000,0.00000
85.60000,3.01194,1.00000,0.00000,0.00000,0.00000
85.80000,3.01193,1.00000,0.00000,0.00000,0.00000
86.00000,3.01194,1.00000,0.00000,0.00000,0.00000
86.20000,3.01194,1.00000,0.00000,0.00000,0.00000
86.40000,3.01193,1.00000,0.00000,0.00000,0.00000
86.60000,3.01194,1.00000,0.00000,0.00000,0.00000
86.80000,3.01193,1.00000,0.00000,0.00000,0.00000
87.00000,3.01194,1.00000,0.00000,0.00000,0.00000
87.20000,3.01194,1.00000,0.00000,0.00000,0.00000
87.40000,3.01193,1.00000,0.00000,0.00000,0.00000
87.60000,3.01194,0.99976,0.00023,0.00000,0.00001
87.80000,3.01193,1.00000,0.00000,0.00000,0.00000
88.00000,3.01194,1.00000,0.00000,0.00000,0.00000
88.20000,3.01194,1.00000,0.00000,0.00000,0.00000
88.40000,3.01193,1.00000,0.00000,0.00000,0.00000
88.60000,3.01194,1.00000,0.00000,0.00000,0.00000
88.80000,3.01193,1.00000,0.00000,0.00000,0.00000
89.00000,3.01194,1.00000,0.00000,0.00000,0.00000
89.20000,3.01194,1.00000,0.00000,0.00000,0.00000
89.40000,3.01193,1.00000,0.00000,0.00000,0.00000
89.60000,3.01194,1.00000,0.00000,0.00000,0.00000
89.80000,3.01193,1.00000,0.00000,0.00000,0.00000
90.00000,3.01194,1.00000,0.00000,0.00000,0.00000
90.20000,3.01194,0.99999,0.00001,0.00000,0.00000
90.40000,3.01193,1.00000,0.00000,0.00000,0.00000
90.60000,3.01194,1.00000,0.00000,0.00000,0.00000
90.80000,3.01193,1.00000,0.00000,0.00000,0.00000
91.00000,3.01194,1.00000,0.00000,0.00000,0.00000
91.20000,3.01194,1.00000,0.00000,0.00000,0.00000
91.40000,3.01193,1.00000,0.00000,0.00000,0.00000
91.60000,3.01194,1.00000,0.00000,0.00000,0.00000
91.80000,3.01193,1.00000,0.00000,0.00000,0.00000
92.00000,3.01194,1.00000,0.00000,0.00000,0.00000
92.20000,3.01194,1.00000,0.00000,0.00000,0.00000
92.40000,3.01193,1.00000,0.00000,0.00000,0.00000
92.60000,3.01194,1.00000,0.00000,0.00000,0.00000
92.80000,3.01193,1.00000,0.00000,0.00000,0.00000
93.00000,3.01194,1.00000,0.00000,0.00000,0.00000
93.20000,3.01194,1.00000,0.00000,0.00000,0.00000
93.40000,3.01193,1.00000,0.00000,0.00000,0.00000
93.60000,3.01194,1.00000,0.00000,0.00000,0.00000
93.80000,3.01193,1.00000,0.00000,0.00000,0.00000
94.00000,3.01194,1.00000,0.00000,0.00000,0.00000
94.20000,3.01194,1.00000,0.00000,0.00000,0.00000
94.40000,3.01193,1.00000,0.00000,0.00000,0.00000
94.60000,3.01194,1.00000,0.00000,0.00000,0.00000
94.80000,3.01193,1.00000,0.00000,0.00000,0.00000
95.00000,3.01194,1.00000,0.00000,0.00000,0.00000
95.20000,3.01194,1.00000,0.00000,0.00000,0.00000
95.40000,3.01193,0.99999,0.00001,0.00000,0.00000
95.60000,3.01194,1.00000,0.00000,0.00000,0.00000
95.80000,3.01193,1.00000,0.00000,0.00000,0.00000
96.00000,3.01194,1.00000,0.00000,0.00000,0.00000
96.20000,3.01194,0.99999,0.00001,0.00000,0.00000
96.40000,3.01193,1.00000,0.00000,0.00000,0.00000
96.60000,3.01194,1.00000,0.00000,0.00000,0.00000
96.80000,3.01193,1.00000,0.00000,0.00000,0.00000
97.00000,3.01194,1.00000,0.00000,0.00000,0.00000
97.20000,3.01194,1.00000,0.00000,0.00000,0.00000
97.40000,3.01193,1.00000,0.00000,0.00000,0.00000
97.60000,3.01194,1.00000,0.00000,0.00000,0.00000
97.80000,3.01193,1.00000,0.00000,0.00000,0.00000
98.00000,3.01194,1.00000,0.00000,0.00000,0.00000
98.20000,3.01194,1.00000,0.00000,0.00000,0.00000
98.40000,3.01193,1.00000,0.00000,0.00000,0.00000
98.60000,3.01194,1.00000,0.00000,0.00000,0.00000
98.80000,3.01193,1.00000,0.00000,0.00000,0.00000
99.00000,3.01194,1.00000,0.00000,0.00000,0.00000
99.20000,3.01194,1.00000,0.00000,0.00000,0.00000
99.40000,3.01193,1.00000,0.00000,0.00000,0.00000
99.60000,3.01194,1.00000,0.00000,0.00000,0.00000
99.80000,3.01193,1.00000,0.00000,0.00000,0.00000
100.00000,3.01194,0.99979,0.00021,0.00000,0.00000
100.20000,3.01194,0.99999,0.00000,0.00000,0.00000
100.40000,3.01193,0.99518,0.00479,0.00000,0.00003
100.60000,3.01194,1.00000,0.00000,0.00000,0.00000
100.80000,3.01193,1.00000,0.00000,0.00000,0.00000
101.00000,3.01194,1.00000,0.00000,0.00000,0.00000
101.20000,3.01194,0.99999,0.00001,0.00000,0.00000
101.40000,3.01193,0.99999,0.00001,0.00000,0.00000
101.60000,3.01194,0.99999,0.00000,0.00000,0.00000
101.80000,3.01193,1.00000,0.00000,0.00000,0.00000
102.00000,3.01194,1.00000,0.00000,0.00000,0.00000
102.20000,3.01194,1.00000,0.00000,0.00000,0.00000
102.40000,3.01193,1.00000,0.00000,0.00000,0.00000
102.60000,3.01194,0.99993,0.00005,0.00000,0.00001
102.80000,3.01193,0.99833,0.00165,0.00000,0.00002
103.00000,3.01194,1.00000,0.00000,0.00000,0.00000
103.20000,3.01194,1.00000,0.00000,0.00000,0.00000
103.40000,3.01193,1.00000,0.00000,0.00000,0.00000
103.60000,3.01194,1.00000,0.00000,0.00000,0.00000
103.80000,3.01193,1.00000,0.00000,0.00000,0.00000
104.00000,3.01194,1.00000,0.00000,0.00000,0.00000
104.20000,3.01194,1.00000,0.00000,0.00000,0.00000
104.40000,3.01193,1.00000,0.00000,0.00000,0.00000
104.60000,3.01194,1.00000,0.00000,0.00000,0.00000
104.80000,3.01193,1.00000,0.00000,0.00000,0.00000
105.00000,3.01194,1.00000,0.00000,0.00000,0.00000
105.20000,3.01194,1.00000,0.00000,0.00000,0.00000
105.40000,3.01193,1.00000,0.00000,0.00000,0.00000
105.60000,3.01194,1.00000,0.00000,0.00000,0.00000
105.80000,3.01193,1.00000,0.00000,0.00000,0.00000
106.00000,3.01194,0.99999,0.00000,0.00000,0.00000
106.20000,3.01194,0.99989,0.00011,0.00000,0.00000
106.40000,3.01193,0.99996,0.00004,0.00000,0.00000
106.60000,3.01194,0.99999,0.00000,0.00000,0.00000
106.80000,3.01193,0.99993,0.00007,0.00000,0.00000
107.00000,3.01194,0.99999,0.00001,0.00000,0.00000
107.20000,3.01194,1.00000,0.00000,0.00000,0.00000
107.40000,3.01193,0.97502,0.02497,0.00000,0.00001
107.60000,3.01194,1.00000,0.00000,0.00000,0.00000
107.80000,3.01193,0.99979,0.00020,0.00000,0.00000
108.00000,3.01194,0.99996,0.00003,0.00000,0.00000
108.20000,3.01194,0.99995,0.00004,0.00000,0.00000
108.40000,3.01193,1.00000,0.00000,0.00000,0.00000
108.60000,3.01194,0.99970,0.00030,0.00000,0.00000
108.80000,3.01193,0.58644,0.41355,0.00000,0.00001
109.00000,3.01194,0.99858,0.00137,0.00001,0.00004
109.20000,3.01194,0.89501,0.10471,0.00012,0.00015
109.40000,3.01193,0.97916,0.02076,0.00001,0.00008
109.60000,3.01194,0.99693,0.00303,0.00000,0.00003
109.80000,3.01193,0.99918,0.00081,0.00000,0.00001
110.00000,3.01194,0.99942,0.00057,0.00000,0.00001
110.20000,3.01194,0.99995,0.00005,0.00000,0.00000
110.40000,3.01193,0.99561,0.00437,0.00001,0.00002
110.60000,3.01194,0.99968,0.00030,0.00000,0.00001
110.80000,3.01193,0.99865,0.00132,0.00000,0.00003
111.00000,3.01194,0.99995,0.00004,0.00000,0.00001
111.20000,3.01194,0.99454,0.00544,0.00000,0.00002
111.40000,3.01193,0.99994,0.00005,0.00000,0.00000
111.60000,3.01194,0.99884,0.00114,0.00001,0.00002
111.80000,3.01193,0.99999,0.00001,0.00000,0.00000
112.00000,3.01194,0.99999,0.00001,0.00000,0.00000
112.20000,3.01194,0.99999,0.00001,0.00000,0.00000
112.40000,3.01193,0.99997,0.00003,0.00000,0.00000
112.60000,3.01194,0.99965,0.00034,0.00000,0.00001
112.80000,3.01193,0.99977,0.00020,0.00000,0.00002
113.00000,3.01194,0.99983,0.00016,0.00000,0.00001
113.20000,3.01194,0.99998,0.00002,0.00000,0.00000
113.40000,3.01193,0.99999,0.00001,0.00000,0.00000
113.60000,3.01194,0.99996,0.00004,0.00000,0.00000
113.80000,3.01193,1.00000,0.00000,0.00000,0.00000
114.00000,3.01194,0.99997,0.00002,0.00000,0.00000
114.20000,3.01194,1.00000,0.00000,0.00000,0.00000
114.40000,3.01193,1.00000,0.00000,0.00000,0.00000
114.60000,3.01194,0.99996,0.00004,0.00000,0.00000
114.80000,3.01193,1.00000,0.00000,0.00000,0.00000
115.00000,3.01194,0.99999,0.00001,0.00000,0.00000
115.20000,3.01194,0.99998,0.00002,0.00000,0.00000
115.40000,3.01193,0.99995,0.00004,0.00000,0.00001
115.60000,3.01194,0.99982,0.00017,0.00000,0.00001
115.80000,3.01193,0.99999,0.00001,0.00000,0.00000
116.00000,3.01194,0.99939,0.00060,0.00000,0.00001
116.20000,3.01194,0.99502,0.00497,0.00000,0.00001
116.40000,3.01193,1.00000,0.00000,0.00000,0.00000
116.60000,3.01194,0.99999,0.00001,0.00000,0.00000
116.80000,3.01193,1.00000,0.00000,0.00000,0.00000
117.00000,3.01194,1.00000,0.00000,0.00000,0.00000
117.20000,3.01194,1.00000,0.00000,0.00000,0.00000
117.40000,3.01193,1.00000,0.00000,0.00000,0.00000
117.60000,3.01194,1.00000,0.00000,0.00000,0.00000
117.80000,3.01193,1.00000,0.00000,0.00000,0.00000
118.00000,3.01194,0.99867,0.00132,0.00000,0.00001
118.20000,3.01194,0.99996,0.00004,0.00000,0.00000
118.40000,3.01193,0.99999,0.00001,0.00000,0.00000
118.60000,3.01194,0.99997,0.00002,0.00000,0.00000
118.80000,3.01193,1.00000,0.00000,0.00000,0.00000
119.00000,3.01194,1.00000,0.00000,0.00000,0.00000
119.20000,3.01194,1.00000,0.00000,0.00000,0.00000
119.40000,3.01193,0.99999,0.00001,0.00000,0.00000
119.60000,3.01194,1.00000,0.00000,0.00000,0.00000
119.80000,3.01193,0.99999,0.00001,0.00000,0.00000
120.00000,3.01194,1.00000,0.00000,0.00000,0.00000
120.20000,3.01194,1.00000,0.00000,0.00000,0.00000
120.40000,3.01193,0.99995,0.00005,0.00000,0.00000
120.60000,3.01194,0.99994,0.00005,0.00000,0.00000
120.80000,3.01193,1.00000,0.00000,0.00000,0.00000
121.00000,3.01194,0.99999,0.00001,0.00000,0.00000
121.20000,3.01194,1.00000,0.00000,0.00000,0.00000
121.40000,3.01193,0.99999,0.00000,0.00000,0.00000
121.60000,3.01194,1.00000,0.00000,0.00000,0.00000
121.80000,3.01193,0.99997,0.00002,0.00000,0.00000
122.00000,3.01194,1.00000,0.00000,0.00000,0.00000
122.20000,3.01194,1.00000,0.00000,0.00000,0.00000
122.40000,3.01193,1.00000,0.00000,0.00000,0.00000
122.60000,3.01194,1.00000,0.00000,0.00000,0.00000
122.80000,3.01193,1.00000,0.00000,0.00000,0.00000
123.00000,3.01194,1.00000,0.00000,0.00000,0.00000
123.20000,3.01194,1.00000,0.00000,0.00000,0.00000
123.40000,3.01193,0.99999,0.00000,0.00000,0.00000
123.60000,3.01194,0.99998,0.00001,0.00000,0.00000
123.80000,3.01193,1.00000,0.00000,0.00000,0.00000
124.00000,3.01194,1.00000,0.00000,0.00000,0.00000
124.20000,3.01194,1.00000,0.00000,0.00000,0.00000
124.40000,3.01193,1.00000,0.00000,0.00000,0.00000
124.60000,3.01194,1.00000,0.00000,0.00000,0.00000
124.80000,3.01193,1.00000,0.00000,0.00000,0.00000
125.00000,3.01193,1.00000,0.00000,0.00000,0.00000
125.20000,3.01195,1.00000,0.00000,0.00000,0.00000
125.40000,3.01194,1.00000,0.00000,0.00000,0.00000
125.60000,3.01194,1.00000,0.00000,0.00000,0.00000
125.80000,3.01193,1.00000,0.00000,0.00000,0.00000
126.00000,3.01193,1.00000,0.00000,0.00000,0.00000
126.20000,3.01195,1.00000,0.00000,0.00000,0.00000
126.40000,3.01194,1.00000,0.00000,0.00000,0.00000
126.60000,3.01194,1.00000,0.00000,0.00000,0.00000
126.80000,3.01193,1.00000,0.00000,0.00000,0.00000
127.00000,3.01193,1.00000,0.00000,0.00000,0.00000
127.20000,3.01195,1.00000,0.00000,0.00000,0.00000
127.40000,3.01194,1.00000,0.00000,0.00000,0.00000
127.60000,3.01194,1.00000,0.00000,0.00000,0.00000
127.80000,3.01193,1.00000,0.00000,0.00000,0.00000
128.00000,3.01193,1.00000,0.00000,0.00000,0.00000
128.20000,3.01195,1.00000,0.00000,0.00000,0.00000
128.39999,3.01195,1.00000,0.00000,0.00000,0.00000
128.60001,3.01193,1.00000,0.00000,0.00000,0.00000
128.80000,3.01193,1.00000,0.00000,0.00000,0.00000
129.00000,3.01193,1.00000,0.00000,0.00000,0.00000
129.20000,3.01195,1.00000,0.00000,0.00000,0.00000
129.39999,3.01195,0.99999,0.00000,0.00000,0.00000
129.60001,3.01193,0.99997,0.00003,0.00000,0.00000
129.80000,3.01193,0.99999,0.00001,0.00000,0.00000
130.00000,3.01193,0.99999,0.00001,0.00000,0.00000
130.20000,3.01195,0.99999,0.00001,0.00000,0.00000
130.39999,3.01195,0.99986,0.00014,0.00000,0.00000
130.60001,3.01193,0.99994,0.00005,0.00000,0.00000
130.80000,3.01193,0.99940,0.00057,0.00000,0.00002
131.00000,3.01193,0.99513,0.00483,0.00000,0.00003
131.20000,3.01195,0.99922,0.00075,0.00000,0.00002
131.39999,3.01195,0.98947,0.01049,0.00001,0.00004
131.60001,3.01193,0.98852,0.01143,0.00001,0.00004
131.80000,3.01193,0.99282,0.00712,0.00001,0.00005
132.00000,3.01193,0.97166,0.02818,0.00005,0.00011
132.20000,3.01195,0.80536,0.19447,0.00004,0.00013
132.39999,3.01195,0.93059,0.06931,0.00001,0.00009
132.60001,3.01193,0.99667,0.00329,0.00001,0.00003
132.80000,3.01193,0.89651,0.10339,0.00002,0.00008
133.00000,3.01193,0.87506,0.12490,0.00001,0.00004
133.20000,3.01195,0.96664,0.03323,0.00002,0.00011
133.39999,3.01195,0.99703,0.00292,0.00001,0.00004
133.60001,3.01193,0.39173,0.60823,0.00000,0.00004
133.80000,3.01193,0.99817,0.00179,0.00001,0.00004
134.00000,3.01193,0.99521,0.00476,0.00000,0.00003
134.20000,3.01195,0.90239,0.09754,0.00002,0.00004
134.39999,3.01195,0.99879,0.00118,0.00000,0.00003
134.60001,3.01193,0.99701,0.00293,0.00001,0.00004
134.80000,3.01193,0.92117,0.07879,0.00001,0.00004
135.00000,3.01193,0.99652,0.00342,0.00001,0.00005
135.20000,3.01195,0.98063,0.01932,0.00001,0.00004
135.39999,3.01195,0.93394,0.06596,0.00001,0.00010
135.60001,3.01193,0.89108,0.10886,0.00002,0.00004
135.80000,3.01193,0.98337,0.01653,0.00001,0.00010
136.00000,3.01193,0.77321,0.22676,0.00001,0.00001
136.20000,3.01195,0.99889,0.00106,0.00000,0.00005
136.39999,3.01195,0.96052,0.03941,0.00001,0.00007
136.60001,3.01193,0.99652,0.00337,0.00002,0.00009
136.80000,3.01193,0.98732,0.01262,0.00001,0.00005
137.00000,3.01193,0.93398,0.06592,0.00001,0.00009
137.20000,3.01195,0.99916,0.00080,0.00001,0.00003
137.39999,3.01195,0.99964,0.00035,0.00000,0.00001
137.60001,3.01193,0.58654,0.41341,0.00001,0.00004
137.80000,3.01193,0.99970,0.00028,0.00000,0.00001
138.00000,3.01193,0.22228,0.77771,0.00001,0.00001
138.20000,3.01195,0.99740,0.00255,0.00001,0.00004
138.39999,3.01195,0.52511,0.47483,0.00002,0.00005
138.60001,3.01193,0.99949,0.00049,0.00000,0.00001
138.80000,3.01193,0.89545,0.10448,0.00000,0.00007
139.00000,3.01193,0.99245,0.00751,0.00000,0.00004
139.20000,3.01195,0.99613,0.00380,0.00002,0.00005
139.39999,3.01195,0.98814,0.01178,0.00001,0.00007
139.60001,3.01193,0.99376,0.00620,0.00000,0.00004
139.80000,3.01193,0.99971,0.00028,0.00000,0.00001
140.00000,3.01193,0.95764,0.04232,0.00001,0.00003
140.20000,3.01195,0.99573,0.00423,0.00001,0.00004
140.39999,3.01195,0.60974,0.39024,0.00000,0.00002
140.60001,3.01193,0.99989,0.00011,0.00000,0.00000
140.80000,3.01193,0.92047,0.07948,0.00000,0.00005
141.00000,3.01193,0.88318,0.11664,0.00001,0.00018
141.20000,3.01195,0.95112,0.04886,0.00000,0.00002
141.39999,3.01195,0.99992,0.00008,0.00000,0.00000
141.60001,3.01193,0.99961,0.00038,0.00000,0.00001
141.80000,3.01193,0.99998,0.00002,0.00000,0.00000
142.00000,3.01193,0.98706,0.01292,0.00000,0.00002
142.20000,3.01195,0.99982,0.00017,0.00000,0.00001
142.39999,3.01195,0.99135,0.00860,0.00000,0.00005
142.60001,3.01193,0.99997,0.00002,0.00000,0.00000
142.80000,3.01193,0.98768,0.01230,0.00000,0.00001
143.00000,3.01193,0.99883,0.00116,0.00000,0.00001
143.20000,3.01195,0.99710,0.00286,0.00001,0.00003
143.39999,3.01195,1.00000,0.00000,0.00000,0.00000
143.60001,3.01193,0.97740,0.02257,0.00000,0.00003
143.80000,3.01193,0.99947,0.00051,0.00000,0.00002
144.00000,3.01193,0.99999,0.00001,0.00000,0.00000
144.20000,3.01195,0.98701,0.01294,0.00000,0.00005
144.39999,3.01195,0.99906,0.00092,0.00001,0.00002
144.60001,3.01193,0.99992,0.00007,0.00000,0.00001
144.80000,3.01193,0.85486,0.14506,0.00000,0.00008
145.00000,3.01193,0.99998,0.00002,0.00000,0.00000
145.20000,3.01195,0.99990,0.00009,0.00000,0.00000
145.39999,3.01195,0.99854,0.00144,0.00000,0.00002
145.60001,3.01193,0.99975,0.00024,0.00000,0.00001
145.80000,3.01193,1.00000,0.00000,0.00000,0.00000
146.00000,3.01193,0.99614,0.00384,0.00000,0.00002
146.20000,3.01195,0.99957,0.00042,0.00000,0.00001
146.39999,3.01195,1.00000,0.00000,0.00000,0.00000
146.60001,3.01193,0.99999,0.00001,0.00000,0.00000
146.80000,3.01193,1.00000,0.00000,0.00000,0.00000
147.00000,3.01193,1.00000,0.00000,0.00000,0.00000
147.20000,3.01195,0.99997,0.00003,0.00000,0.00000
147.39999,3.01195,1.00000,0.00000,0.00000,0.00000
147.60001,3.01193,1.00000,0.00000,0.00000,0.00000
147.80000,3.01193,1.00000,0.00000,0.00000,0.00000
148.00000,3.01193,0.99999,0.00001,0.00000,0.00000
148.20000,3.01195,0.99747,0.00251,0.00000,0.00002
148.39999,3.01195,0.99991,0.00008,0.00000,0.00001
148.60001,3.01193,0.99976,0.00023,0.00000,0.00001
148.80000,3.01193,1.00000,0.00000,0.00000,0.00000
149.00000,3.01193,1.00000,0.00000,0.00000,0.00000
149.20000,3.01195,1.00000,0.00000,0.00000,0.00000
149.39999,3.01195,1.00000,0.00000,0.00000,0.00000
149.60001,3.01193,1.00000,0.00000,0.00000,0.00000
149.80000,3.01193,1.00000,0.00000,0.00000,0.00000
150.00000,3.01193,1.00000,0.00000,0.00000,0.00000
150.20000,3.01195,0.99996,0.00003,0.00000,0.00001
150.39999,3.01195,0.99970,0.00029,0.00000,0.00001
150.60001,3.01193,0.99951,0.00047,0.00000,0.00002
150.80000,3.01193,0.99863,0.00134,0.00000,0.00003
151.00000,3.01193,0.99933,0.00065,0.00000,0.00002
151.20000,3.01195,0.99965,0.00034,0.00000,0.00001
151.39999,3.01195,0.99998,0.00001,0.00000,0.00000
151.60001,3.01193,0.99993,0.00006,0.00000,0.00000
151.80000,3.01193,0.99998,0.00002,0.00000,0.00000
152.00000,3.01193,0.99999,0.00000,0.00000,0.00000
152.20000,3.01195,1.00000,0.00000,0.00000,0.00000
152.39999,3.01195,0.99982,0.00018,0.00000,0.00001
152.60001,3.01193,0.99999,0.00001,0.00000,0.00000
152.80000,3.01193,0.99999,0.00001,0.00000,0.00000
153.00000,3.01193,0.99990,0.00008,0.00000,0.00001
153.20000,3.01195,0.99949,0.00048,0.00000,0.00002
153.39999,3.01195,0.99998,0.00001,0.00000,0.00001
153.60001,3.01193,0.99989,0.00010,0.00000,0.00001
153.80000,3.01193,0.99998,0.00002,0.00000,0.00000
154.00000,3.01193,0.99964,0.00035,0.00001,0.00001
154.20000,3.01195,1.00000,0.00000,0.00000,0.00000
154.39999,3.01195,0.99991,0.00008,0.00000,0.00001
154.60001,3.01193,0.99999,0.00000,0.00000,0.00000
154.80000,3.01193,1.00000,0.00000,0.00000,0.00000
155.00000,3.01193,0.99997,0.00003,0.00000,0.00000
155.20000,3.01195,0.99975,0.00023,0.00001,0.00001
155.39999,3.01195,0.99981,0.00018,0.00000,0.00001
155.60001,3.01193,0.99897,0.00101,0.00000,0.00001
155.80000,3.01193,0.99898,0.00100,0.00000,0.00001
156.00000,3.01193,0.99988,0.00011,0.00000,0.00001
156.20000,3.01195,0.99997,0.00002,0.00000,0.00000
156.39999,3.01195,0.99997,0.00002,0.00000,0.00000
156.60001,3.01193,0.99999,0.00001,0.00000,0.00000
156.80000,3.01193,0.99997,0.00003,0.00000,0.00000
157.00000,3.01193,0.99971,0.00028,0.00000,0.00001
157.20000,3.01195,0.99998,0.00001,0.00000,0.00000
157.39999,3.01195,0.95941,0.04051,0.00001,0.00008
157.60001,3.01193,0.93077,0.06909,0.00001,0.00014
157.80000,3.01193,0.32959,0.67040,0.00000,0.00001
158.00000,3.01193,0.21688,0.78310,0.00000,0.00001
158.20000,3.01195,0.09777,0.90222,0.00000,0.00001
158.39999,3.01195,0.55602,0.44392,0.00000,0.00006
158.60001,3.01193,0.23350,0.76649,0.00000,0.00001
158.80000,3.01193,0.99833,0.00166,0.00000,0.00002
159.00000,3.01193,0.99915,0.00081,0.00000,0.00005
159.20000,3.01195,0.99974,0.00022,0.00002,0.00002
159.39999,3.01195,0.99991,0.00007,0.00000,0.00002
159.60001,3.01193,0.99994,0.00005,0.00000,0.00001
159.80000,3.01193,1.00000,0.00000,0.00000,0.00000
160.00000,3.01193,1.00000,0.00000,0.00000,0.00000
160.20000,3.01195,1.00000,0.00000,0.00000,0.00000
160.39999,3.01195,1.00000,0.00000,0.00000,0.00000
160.60001,3.01193,0.99985,0.00015,0.00000,0.00000
160.80000,3.01193,0.99996,0.00004,0.00000,0.00000
161.00000,3.01193,0.99952,0.00047,0.00000,0.00001
161.20000,3.01195,0.99992,0.00008,0.00000,0.00000
161.39999,3.01195,0.99998,0.00002,0.00000,0.00000
161.60001,3.01193,0.99989,0.00010,0.00000,0.00001
161.80000,3.01193,1.00000,0.00000,0.00000,0.00000
162.00000,3.01193,1.00000,0.00000,0.00000,0.00000
162.20000,3.01195,1.00000,0.00000,0.00000,0.00000
162.39999,3.01195,1.00000,0.00000,0.00000,0.00000
162.60001,3.01193,1.00000,0.00000,0.00000,0.00000
162.80000,3.01193,1.00000,0.00000,0.00000,0.00000
163.00000,3.01193,1.00000,0.00000,0.00000,0.00000
163.20000,3.01195,1.00000,0.00000,0.00000,0.00000
163.39999,3.01195,1.00000,0.00000,0.00000,0.00000
163.60001,3.01193,1.00000,0.00000,0.00000,0.00000
163.80000,3.01193,1.00000,0.00000,0.00000,0.00000
164.00000,3.01193,1.00000,0.00000,0.00000,0.00000
164.20000,3.01195,1.00000,0.00000,0.00000,0.00000
164.39999,3.01195,1.00000,0.00000,0.00000,0.00000
164.60001,3.01193,1.00000,0.00000,0.00000,0.00000
164.80000,3.01193,1.00000,0.00000,0.00000,0.00000
165.00000,3.01193,1.00000,0.00000,0.00000,0.00000
165.20000,3.01195,1.00000,0.00000,0.00000,0.00000
165.39999,3.01195,1.00000,0.00000,0.00000,0.00000
165.60001,3.01193,1.00000,0.00000,0.00000,0.00000
165.80000,3.01193,1.00000,0.00000,0.00000,0.00000
166.00000,3.01193,1.00000,0.00000,0.00000,0.00000
166.20000,3.01195,1.00000,0.00000,0.00000,0.00000
166.39999,3.01195,1.00000,0.00000,0.00000,0.00000
166.60001,3.01193,1.00000,0.00000,0.00000,0.00000
166.80000,3.01193,1.00000,0.00000,0.00000,0.00000
167.00000,3.01193,1.00000,0.00000,0.00000,0.00000
167.20000,3.01195,1.00000,0.00000,0.00000,0.00000
167.39999,3.01195,1.00000,0.00000,0.00000,0.00000
167.60001,3.01193,1.00000,0.00000,0.00000,0.00000
167.80000,3.01193,1.00000,0.00000,0.00000,0.00000
168.00000,3.01193,1.00000,0.00000,0.00000,0.00000
168.20000,3.01195,1.00000,0.00000,0.00000,0.00000
168.39999,3.01195,1.00000,0.00000,0.00000,0.00000
168.60001,3.01193,1.00000,0.00000,0.00000,0.00000
168.80000,3.01193,1.00000,0.00000,0.00000,0.00000
169.00000,3.01193,1.00000,0.00000,0.00000,0.00000
169.20000,3.01195,1.00000,0.00000,0.00000,0.00000
169.39999,3.01195,1.00000,0.00000,0.00000,0.00000
169.60001,3.01193,1.00000,0.00000,0.00000,0.00000
169.80000,3.01193,1.00000,0.00000,0.00000,0.00000
170.00000,3.01193,1.00000,0.00000,0.00000,0.00000
170.20000,3.01195,1.00000,0.00000,0.00000,0.00000
170.39999,3.01195,1.00000,0.00000,0.00000,0.00000
170.60001,3.01193,1.00000,0.00000,0.00000,0.00000
170.80000,3.01193,1.00000,0.00000,0.00000,0.00000
171.00000,3.01193,1.00000,0.00000,0.00000,0.00000
171.20000,3.01195,1.00000,0.00000,0.00000,0.00000
171.39999,3.01195,1.00000,0.00000,0.00000,0.00000
171.60001,3.01193,1.00000,0.00000,0.00000,0.00000
171.80000,3.01193,1.00000,0.00000,0.00000,0.00000
172.00000,3.01193,1.00000,0.00000,0.00000,0.00000
172.20000,3.01195,1.00000,0.00000,0.00000,0.00000
172.39999,3.01195,1.00000,0.00000,0.00000,0.00000
172.60001,3.01193,1.00000,0.00000,0.00000,0.00000
172.80000,3.01193,1.00000,0.00000,0.00000,0.00000
173.00000,3.01193,1.00000,0.00000,0.00000,0.00000
173.20000,3.01195,1.00000,0.00000,0.00000,0.00000
173.39999,3.01195,1.00000,0.00000,0.00000,0.00000
173.60001,3.01193,1.00000,0.00000,0.00000,0.00000
173.80000,3.01193,1.00000,0.00000,0.00000,0.00000
174.00000,3.01193,1.00000,0.00000,0.00000,0.00000
174.20000,3.01195,1.00000,0.00000,0.00000,0.00000
174.39999,3.01195,1.00000,0.00000,0.00000,0.00000
174.60001,3.01193,1.00000,0.00000,0.00000,0.00000
174.80000,3.01193,1.00000,0.00000,0.00000,0.00000
175.00000,3.01193,1.00000,0.00000,0.00000,0.00000
175.20000,3.01195,1.00000,0.00000,0.00000,0.00000
175.39999,3.01195,1.00000,0.00000,0.00000,0.00000
175.60001,3.01193,1.00000,0.00000,0.00000,0.00000
175.80000,3.01193,1.00000,0.00000,0.00000,0.00000
176.00000,3.01193,1.00000,0.00000,0.00000,0.00000
176.20000,3.01195,1.00000,0.00000,0.00000,0.00000
176.39999,3.01195,1.00000,0.00000,0.00000,0.00000
176.60001,3.01193,1.00000,0.00000,0.00000,0.00000
176.80000,3.01193,1.00000,0.00000,0.00000,0.00000
177.00000,3.01193,1.00000,0.00000,0.00000,0.00000
177.20000,3.01195,1.00000,0.00000,0.00000,0.00000
177.39999,3.01195,1.00000,0.00000,0.00000,0.00000
177.60001,3.01193,1.00000,0.00000,0.00000,0.00000
177.80000,3.01193,1.00000,0.00000,0.00000,0.00000
178.00000,3.01193,1.00000,0.00000,0.00000,0.00000
178.20000,3.01195,1.00000,0.00000,0.00000,0.00000
178.39999,3.01195,1.00000,0.00000,0.00000,0.00000
178.60001,3.01193,1.00000,0.00000,0.00000,0.00000
178.80000,3.01193,1.00000,0.00000,0.00000,0.00000
179.00000,3.01193,1.00000,0.00000,0.00000,0.00000
179.20000,3.01195,1.00000,0.00000,0.00000,0.00000
179.39999,3.01195,1.00000,0.00000,0.00000,0.00000
179.60001,3.01193,1.00000,0.00000,0.00000,0.00000
179.80000,3.01193,1.00000,0.00000,0.00000,0.00000
180.00000,3.01193,1.00000,0.00000,0.00000,0.00000
180.20000,3.01195,1.00000,0.00000,0.00000,0.00000
180.39999,3.01195,1.00000,0.00000,0.00000,0.00000
180.60001,3.01193,1.00000,0.00000,0.00000,0.00000
180.80000,3.01193,0.99999,0.00000,0.00000,0.00000
181.00000,3.01193,0.99996,0.00004,0.00000,0.00000
181.20000,3.01195,1.00000,0.00000,0.00000,0.00000
181.39999,3.01195,0.99794,0.00204,0.00000,0.00002
181.60001,3.01193,0.99997,0.00003,0.00000,0.00000
181.80000,3.01193,1.00000,0.00000,0.00000,0.00000
182.00000,3.01193,0.99889,0.00110,0.00000,0.00001
182.20000,3.01195,0.99842,0.00153,0.00000,0.00005
182.39999,3.01195,0.99864,0.00135,0.00000,0.00001
182.60001,3.01193,0.99858,0.00141,0.00000,0.00001
182.80000,3.01193,0.99980,0.00015,0.00002,0.00003
183.00000,3.01193,0.99903,0.00092,0.00001,0.00003
183.20000,3.01195,0.99997,0.00003,0.00000,0.00000
183.39999,3.01195,0.99976,0.00023,0.00000,0.00000
183.60001,3.01193,0.99997,0.00002,0.00001,0.00000
183.80000,3.01193,0.99980,0.00018,0.00000,0.00002
184.00000,3.01193,0.99985,0.00015,0.00000,0.00001
184.20000,3.01195,0.99885,0.00111,0.00001,0.00003
184.39999,3.01195,0.99698,0.00301,0.00000,0.00001
184.60001,3.01193,0.99999,0.00000,0.00000,0.00001
184.80000,3.01193,0.99999,0.00001,0.00000,0.00000
185.00000,3.01193,0.98770,0.01228,0.00000,0.00001
185.20000,3.01195,1.00000,0.00000,0.00000,0.00000
185.39999,3.01195,1.00000,0.00000,0.00000,0.00000
185.60001,3.01193,0.99966,0.00033,0.00000,0.00000
185.80000,3.01193,0.99595,0.00403,0.00000,0.00002
186.00000,3.01193,0.99997,0.00003,0.00000,0.00000
186.20000,3.01195,0.99998,0.00001,0.00000,0.00000
186.39999,3.01195,0.99203,0.00795,0.00000,0.00002
186.60001,3.01193,1.00000,0.00000,0.00000,0.00000
186.80000,3.01193,0.99997,0.00002,0.00000,0.00000
187.00000,3.01193,0.99999,0.00000,0.00000,0.00000
187.20000,3.01195,0.99998,0.00002,0.00000,0.00000
187.39999,3.01195,1.00000,0.00000,0.00000,0.00000
187.60001,3.01193,0.99993,0.00006,0.00000,0.00001
187.80000,3.01193,1.00000,0.00000,0.00000,0.00000
188.00000,3.01193,0.99999,0.00001,0.00000,0.00000
188.20000,3.01195,0.99998,0.00001,0.00000,0.00000
188.39999,3.01195,0.99986,0.00012,0.00001,0.00001
188.60001,3.01193,1.00000,0.00000,0.00000,0.00000
188.80000,3.01193,0.99909,0.00091,0.00000,0.00001
189.00000,3.01193,1.00000,0.00000,0.00000,0.00000
189.20000,3.01195,1.00000,0.00000,0.00000,0.00000
189.39999,3.01195,1.00000,0.00000,0.00000,0.00000
189.60001,3.01193,0.99999,0.00000,0.00000,0.00000
189.80000,3.01193,0.99999,0.00001,0.00000,0.00000
190.00000,3.01193,0.99999,0.00000,0.00000,0.00001
190.20000,3.01195,1.00000,0.00000,0.00000,0.00000
190.39999,3.01195,1.00000,0.00000,0.00000,0.00000
190.60001,3.01193,1.00000,0.00000,0.00000,0.00000
190.80000,3.01193,1.00000,0.00000,0.00000,0.00000
191.00000,3.01193,1.00000,0.00000,0.00000,0.00000
191.20000,3.01195,1.00000,0.00000,0.00000,0.00000
191.39999,3.01195,1.00000,0.00000,0.00000,0.00000
191.60001,3.01193,1.00000,0.00000,0.00000,0.00000
191.80000,3.01193,1.00000,0.00000,0.00000,0.00000
192.00000,3.01193,1.00000,0.00000,0.00000,0.00000
192.20000,3.01195,1.00000,0.00000,0.00000,0.00000
192.39999,3.01195,1.00000,0.00000,0.00000,0.00000
192.60001,3.01193,1.00000,0.00000,0.00000,0.00000
192.80000,3.01193,1.00000,0.00000,0.00000,0.00000
193.00000,3.01193,1.00000,0.00000,0.00000,0.00000
193.20000,3.01195,1.00000,0.00000,0.00000,0.00000
193.39999,3.01195,1.00000,0.00000,0.00000,0.00000
193.60001,3.01193,1.00000,0.00000,0.00000,0.00000
193.80000,3.01193,1.00000,0.00000,0.00000,0.00000
194.00000,3.01193,1.00000,0.00000,0.00000,0.00000
194.20000,3.01195,1.00000,0.00000,0.00000,0.00000
194.39999,3.01195,1.00000,0.00000,0.00000,0.00000
194.60001,3.01193,1.00000,0.00000,0.00000,0.00000
194.80000,3.01193,1.00000,0.00000,0.00000,0.00000
195.00000,3.01193,1.00000,0.00000,0.00000,0.00000
195.20000,3.01195,1.00000,0.00000,0.00000,0.00000
195.39999,3.01195,1.00000,0.00000,0.00000,0.00000
195.60001,3.01193,1.00000,0.00000,0.00000,0.00000
195.80000,3.01193,1.00000,0.00000,0.00000,0.00000
196.00000,3.01193,1.00000,0.00000,0.00000,0.00000
196.20000,3.01195,1.00000,0.00000,0.00000,0.00000
196.39999,3.01195,1.00000,0.00000,0.00000,0.00000
196.60001,3.01193,1.00000,0.00000,0.00000,0.00000
196.80000,3.01193,1.00000,0.00000,0.00000,0.00000
197.00000,3.01193,1.00000,0.00000,0.00000,0.00000
197.20000,3.01195,1.00000,0.00000,0.00000,0.00000
197.39999,3.01195,1.00000,0.00000,0.00000,0.00000
197.60001,3.01193,1.00000,0.00000,0.00000,0.00000
