Time (seconds), Duration (seconds),pred_(unlabeled),pred_imbalance,pred_working,pred_impact
0.00000,3.01194,0.27932,0.00066,0.25757,0.46245
0.20000,3.01194,0.32066,0.00000,0.08416,0.59517
0.40000,3.01194,0.35293,0.00000,0.06674,0.58034
0.60000,3.01194,0.41683,0.00000,0.21585,0.36732
0.80000,3.01194,0.35821,0.00000,0.19743,0.44435
1.00000,3.01194,0.31624,0.00001,0.17535,0.50840
1.20000,3.01194,0.75713,0.00153,0.08911,0.15223
1.40000,3.01194,0.32379,0.00000,0.18853,0.48768
1.60000,3.01194,0.34900,0.00002,0.13404,0.51693
1.80000,3.01194,0.35600,0.00001,0.19994,0.44405
2.00000,3.01194,0.32101,0.00005,0.10699,0.57195
2.20000,3.01194,0.24019,0.00000,0.03563,0.72418
2.40000,3.01194,0.34878,0.00000,0.12589,0.52532
2.60000,3.01194,0.34587,0.00002,0.22865,0.42546
2.80000,3.01194,0.41409,0.00002,0.20333,0.38256
3.00000,3.01194,0.35122,0.00001,0.18043,0.46834
3.20000,3.01194,0.50739,0.00002,0.16644,0.32615
3.40000,3.01194,0.36977,0.00001,0.13338,0.49684
3.60000,3.01194,0.32202,0.00001,0.07409,0.60389
3.80000,3.01194,0.41442,0.00032,0.06589,0.51937
4.00000,3.01194,0.30557,0.00009,0.05732,0.63702
4.20000,3.01194,0.61537,0.00079,0.09069,0.29316
4.40000,3.01194,0.39466,0.00009,0.19191,0.41335
4.60000,3.01194,0.49718,0.00030,0.20515,0.29736
4.80000,3.01194,0.41508,0.00001,0.17610,0.40880
5.00000,3.01194,0.41001,0.00234,0.34579,0.24186
5.20000,3.01194,0.90017,0.00027,0.05133,0.04823
5.40000,3.01194,0.88164,0.00049,0.02688,0.09099
5.60000,3.01194,0.50770,0.00076,0.06474,0.42681
5.80000,3.01194,0.30400,0.00016,0.05701,0.63883
6.00000,3.01194,0.38824,0.00012,0.10038,0.51127
6.20000,3.01194,0.42394,0.00043,0.23572,0.33990
6.40000,3.01194,0.71855,0.00179,0.11611,0.16354
6.60000,3.01194,0.51759,0.00012,0.14233,0.33996
6.80000,3.01194,0.82422,0.00549,0.06367,0.10662
7.00000,3.01194,0.75553,0.00154,0.08872,0.15422
7.20000,3.01194,0.64337,0.00097,0.05467,0.30100
7.40000,3.01194,0.54719,0.00037,0.07099,0.38144
7.60000,3.01194,0.34440,0.00122,0.06621,0.58818
7.80000,3.01194,0.25671,0.00005,0.03896,0.70428
8.00000,3.01194,0.46684,0.00083,0.07002,0.46230
8.20000,3.01194,0.37251,0.00051,0.22598,0.40100
8.40000,3.01194,0.46869,0.00067,0.24368,0.28697
8.60000,3.01194,0.37205,0.00013,0.20791,0.41991
8.80000,3.01194,0.46873,0.00071,0.25987,0.27070
9.00000,3.01194,0.81640,0.00072,0.06553,0.11735
9.20000,3.01194,0.83565,0.00107,0.04369,0.11958
9.40000,3.01194,0.79343,0.00011,0.05993,0.14652
9.60000,3.01194,0.72356,0.00019,0.05269,0.22357
9.80000,3.01194,0.38029,0.00006,0.09406,0.52559
10.00000,3.01194,0.30952,0.00003,0.08727,0.60318
10.20000,3.01194,0.42242,0.00018,0.13359,0.44382
10.40000,3.01194,0.36827,0.00030,0.22133,0.41010
10.60000,3.01194,0.56020,0.00004,0.11764,0.32212
10.80000,3.01194,0.35677,0.00003,0.19723,0.44597
11.00000,3.01194,0.37292,0.00000,0.17703,0.45004
11.20000,3.01194,0.62161,0.00015,0.21123,0.16701
11.40000,3.01194,0.63729,0.00011,0.12994,0.23266
11.60000,3.01194,0.41141,0.00001,0.17557,0.41300
11.80000,3.01194,0.22958,0.00000,0.02841,0.74201
12.00000,3.01194,0.30246,0.00000,0.08700,0.61054
12.20000,3.01194,0.34716,0.00000,0.19896,0.45388
12.40000,3.01194,0.44313,0.00002,0.22922,0.32763
12.60000,3.01194,0.41457,0.00001,0.18007,0.40535
12.80000,3.01194,0.53496,0.00002,0.09445,0.37056
13.00000,3.01194,0.41426,0.00002,0.08265,0.50307
13.20000,3.01194,0.29392,0.00004,0.05499,0.65106
13.40000,3.01194,0.26590,0.00007,0.05565,0.67838
13.60000,3.01194,0.43044,0.00126,0.18054,0.38776
13.80000,3.01194,0.54126,0.00041,0.17280,0.28553
14.00000,3.01194,0.59346,0.00081,0.20339,0.20234
14.20000,3.01194,0.43326,0.00019,0.28915,0.27740
14.40000,3.01194,0.49885,0.00026,0.25962,0.24126
14.60000,3.01194,0.94651,0.00191,0.01629,0.03529
14.80000,3.01194,0.82658,0.00005,0.02639,0.14699
15.00000,3.01194,0.45906,0.00131,0.10160,0.43804
15.20000,3.01194,0.39636,0.00267,0.09436,0.50662
15.40000,3.01194,0.37821,0.00021,0.12721,0.49437
15.60000,3.01194,0.48474,0.00012,0.18243,0.33271
15.80000,3.01194,0.65920,0.00041,0.13321,0.20717
16.00000,3.01194,0.36018,0.00002,0.18247,0.45733
16.20000,3.01194,0.39692,0.00007,0.25656,0.34645
16.40000,3.01194,0.65245,0.00014,0.14919,0.19821
16.60000,3.01194,0.60865,0.00007,0.13542,0.25586
16.80000,3.01194,0.70032,0.00002,0.08352,0.21614
17.00000,3.01194,0.41897,0.00002,0.11649,0.46452
17.20000,3.01194,0.28907,0.00001,0.06788,0.64303
17.40000,3.01194,0.32787,0.00002,0.11092,0.56119
17.60000,3.01194,0.37221,0.00002,0.15283,0.47493
17.80000,3.01194,0.50653,0.00019,0.15008,0.34319
18.00000,3.01194,0.35504,0.00010,0.17552,0.46935
18.20000,3.01194,0.33775,0.00014,0.20049,0.46162
18.40000,3.01194,0.52981,0.00095,0.22896,0.24028
18.60000,3.01194,0.80617,0.00344,0.09742,0.09297
18.80000,3.01194,0.37178,0.00056,0.08998,0.53767
19.00000,3.01194,0.34986,0.00009,0.06885,0.58120
19.20000,3.01194,0.39513,0.00001,0.10550,0.49935
19.40000,3.01194,0.34803,0.00002,0.22863,0.42333
19.60000,3.01194,0.37397,0.00003,0.15091,0.47508
19.80000,3.01194,0.35685,0.00002,0.20680,0.43633
20.00000,3.01194,0.55366,0.00016,0.14964,0.29654
