Time (seconds), Duration (seconds),pred_(unlabeled),pred_imbalance,pred_working,pred_impact
0.00000,3.01194,0.99968,0.00000,0.00019,0.00012
0.20000,3.01194,0.99650,0.00000,0.00306,0.00043
0.40000,3.01194,0.95441,0.00000,0.04479,0.00081
0.60000,3.01194,0.89560,0.00000,0.10157,0.00282
0.80000,3.01194,0.89940,0.00009,0.07776,0.02274
1.00000,3.01194,0.92890,0.00001,0.04463,0.02647
1.20000,3.01194,0.41520,0.00000,0.58337,0.00144
1.40000,3.01194,0.05548,0.00000,0.94441,0.00011
1.60000,3.01194,0.00465,0.00000,0.99533,0.00002
1.80000,3.01194,0.00736,0.00000,0.99258,0.00007
2.00000,3.01194,0.00341,0.00000,0.99654,0.00006
2.20000,3.01194,0.01105,0.00000,0.98857,0.00038
2.40000,3.01194,0.01232,0.00000,0.98738,0.00030
2.60000,3.01194,0.00862,0.00000,0.99119,0.00019
2.80000,3.01194,0.00107,0.00000,0.99891,0.00002
3.00000,3.01194,0.00069,0.00000,0.99930,0.00001
3.20000,3.01194,0.00066,0.00000,0.99933,0.00001
3.40000,3.01194,0.00735,0.00000,0.99255,0.00010
3.60000,3.01194,0.00049,0.00000,0.99951,0.00000
3.80000,3.01194,0.00096,0.00000,0.99903,0.00001
4.00000,3.01194,0.00005,0.00000,0.99995,0.00000
4.20000,3.01194,0.00061,0.00000,0.99938,0.00001
4.40000,3.01194,0.00067,0.00000,0.99932,0.00001
4.60000,3.01194,0.00081,0.00000,0.99918,0.00001
4.80000,3.01194,0.00118,0.00000,0.99881,0.00001
5.00000,3.01194,0.00131,0.00000,0.99867,0.00002
5.20000,3.01194,0.00040,0.00000,0.99959,0.00001
5.40000,3.01194,0.00207,0.00000,0.99791,0.00002
5.60000,3.01194,0.00052,0.00000,0.99948,0.00000
5.80000,3.01194,0.00009,0.00000,0.99991,0.00000
6.00000,3.01194,0.00029,0.00000,0.99971,0.00000
6.20000,3.01194,0.00171,0.00000,0.99827,0.00002
6.40000,3.01194,0.00379,0.00000,0.99619,0.00001
6.60000,3.01194,0.00093,0.00000,0.99906,0.00001
6.80000,3.01194,0.00087,0.00000,0.99912,0.00001
7.00000,3.01194,0.00125,0.00000,0.99873,0.00002
7.20000,3.01194,0.00149,0.00000,0.99850,0.00001
7.40000,3.01194,0.00109,0.00000,0.99890,0.00001
7.60000,3.01194,0.00075,0.00000,0.99924,0.00000
7.80000,3.01194,0.00162,0.00000,0.99836,0.00001
8.00000,3.01194,0.00222,0.00000,0.99778,0.00001
8.20000,3.01194,0.01364,0.00000,0.98611,0.00025
8.40000,3.01194,0.00656,0.00000,0.99337,0.00007
8.60000,3.01194,0.00058,0.00000,0.99942,0.00000
8.80000,3.01194,0.00032,0.00000,0.99968,0.00000
9.00000,3.01194,0.00356,0.00000,0.99637,0.00007
9.20000,3.01194,0.00203,0.00000,0.99794,0.00003
9.40000,3.01194,0.00682,0.00000,0.99313,0.00005
9.60000,3.01194,0.01339,0.00000,0.98650,0.00010
9.80000,3.01194,0.00307,0.00000,0.99691,0.00001
10.00000,3.01194,0.00129,0.00000,0.99871,0.00001
10.20000,3.01194,0.01002,0.00000,0.98984,0.00014
10.40000,3.01194,0.00069,0.00000,0.99931,0.00000
10.60000,3.01194,0.00939,0.00000,0.99055,0.00006
10.80000,3.01194,0.00193,0.00000,0.99806,0.00001
11.00000,3.01194,0.00071,0.00000,0.99929,0.00000
11.20000,3.01194,0.00050,0.00000,0.99950,0.00000
11.40000,3.01194,0.00765,0.00000,0.99223,0.00013
11.60000,3.01194,0.00070,0.00000,0.99929,0.00000
11.80000,3.01194,0.00131,0.00000,0.99868,0.00001
12.00000,3.01194,0.00698,0.00000,0.99298,0.00004
12.20000,3.01194,0.00416,0.00000,0.99583,0.00001
12.40000,3.01194,0.00062,0.00000,0.99937,0.00000
12.60000,3.01194,0.00215,0.00000,0.99785,0.00001
12.80000,3.01194,0.00064,0.00000,0.99936,0.00000
13.00000,3.01194,0.00078,0.00000,0.99922,0.00000
13.20000,3.01194,0.00577,0.00000,0.99418,0.00005
13.40000,3.01194,0.00119,0.00000,0.99880,0.00001
13.60000,3.01194,0.00374,0.00000,0.99625,0.00001
13.80000,3.01194,0.00092,0.00000,0.99908,0.00000
14.00000,3.01194,0.00018,0.00000,0.99982,0.00000
14.20000,3.01194,0.00021,0.00000,0.99979,0.00000
14.40000,3.01194,0.00203,0.00000,0.99795,0.00002
14.60000,3.01194,0.00086,0.00000,0.99914,0.00000
14.80000,3.01194,0.01172,0.00000,0.98819,0.00009
15.00000,3.01194,0.00057,0.00000,0.99943,0.00000
15.20000,3.01194,0.00019,0.00000,0.99981,0.00000
15.40000,3.01194,0.00110,0.00000,0.99890,0.00001
15.60000,3.01194,0.00084,0.00000,0.99915,0.00000
15.80000,3.01194,0.00055,0.00000,0.99945,0.00000
16.00000,3.01194,0.00457,0.00000,0.99540,0.00003
16.20000,3.01194,0.00694,0.00000,0.99301,0.00005
16.40000,3.01194,0.00237,0.00000,0.99762,0.00001
16.60000,3.01194,0.00189,0.00000,0.99810,0.00001
16.80000,3.01194,0.00019,0.00000,0.99981,0.00000
17.00000,3.01194,0.00136,0.00000,0.99863,0.00001
17.20000,3.01194,0.00647,0.00000,0.99346,0.00007
17.40000,3.01194,0.01223,0.00000,0.98763,0.00014
17.60000,3.01194,0.00102,0.00000,0.99897,0.00000
17.80000,3.01194,0.00154,0.00000,0.99846,0.00000
18.00000,3.01194,0.00318,0.00000,0.99681,0.00002
18.20000,3.01194,0.00211,0.00000,0.99788,0.00001
18.40000,3.01194,0.00229,0.00000,0.99770,0.00002
18.60000,3.01194,0.01471,0.00000,0.98501,0.00028
18.80000,3.01194,0.00379,0.00000,0.99619,0.00003
19.00000,3.01194,0.00038,0.00000,0.99962,0.00000
19.20000,3.01194,0.00132,0.00000,0.99868,0.00000
19.40000,3.01194,0.00609,0.00000,0.99386,0.00004
19.60000,3.01194,0.00221,0.00000,0.99777,0.00001
19.80000,3.01194,0.00923,0.00000,0.99069,0.00008
20.00000,3.01194,0.00434,0.00000,0.99562,0.00003
20.20000,3.01194,0.00260,0.00000,0.99739,0.00001
20.40000,3.01194,0.00223,0.00000,0.99776,0.00001
20.60000,3.01194,0.00324,0.00000,0.99675,0.00001
20.80000,3.01194,0.00364,0.00000,0.99633,0.00003
21.00000,3.01194,0.00810,0.00000,0.99184,0.00006
21.20000,3.01194,0.00159,0.00000,0.99840,0.00001
21.40000,3.01194,0.00745,0.00000,0.99251,0.00005
21.60000,3.01194,0.00273,0.00000,0.99725,0.00002
21.80000,3.01194,0.00314,0.00000,0.99685,0.00001
22.00000,3.01194,0.00763,0.00000,0.99233,0.00004
22.20000,3.01194,0.00102,0.00000,0.99897,0.00001
22.40000,3.01194,0.00085,0.00000,0.99914,0.00001
22.60000,3.01194,0.00070,0.00000,0.99929,0.00001
22.80000,3.01194,0.00068,0.00000,0.99932,0.00000
23.00000,3.01194,0.00087,0.00000,0.99913,0.00000
23.20000,3.01194,0.00638,0.00000,0.99356,0.00007
23.40000,3.01194,0.00080,0.00000,0.99920,0.00001
23.60000,3.01194,0.00079,0.00000,0.99921,0.00001
23.80000,3.01194,0.00083,0.00000,0.99917,0.00000
24.00000,3.01194,0.00348,0.00000,0.99648,0.00004
24.20000,3.01194,0.00117,0.00000,0.99882,0.00001
24.40000,3.01194,0.00232,0.00000,0.99767,0.00001
24.60000,3.01194,0.00246,0.00000,0.99751,0.00003
24.80000,3.01194,0.00352,0.00000,0.99646,0.00002
25.00000,3.01194,0.00232,0.00000,0.99766,0.00002
25.20000,3.01194,0.00113,0.00000,0.99885,0.00001
25.40000,3.01194,0.00042,0.00000,0.99958,0.00000
25.60000,3.01194,0.00105,0.00000,0.99894,0.00001
25.80000,3.01194,0.00023,0.00000,0.99977,0.00000
26.00000,3.01194,0.00061,0.00000,0.99938,0.00001
26.20000,3.01194,0.00077,0.00000,0.99922,0.00001
26.40000,3.01194,0.00256,0.00000,0.99742,0.00002
26.60000,3.01194,0.00112,0.00000,0.99888,0.00001
26.80000,3.01194,0.00057,0.00000,0.99943,0.00000
27.00000,3.01194,0.00014,0.00000,0.99986,0.00000
27.20000,3.01194,0.00026,0.00000,0.99974,0.00000
27.40000,3.01194,0.00081,0.00000,0.99918,0.00001
27.60000,3.01194,0.00294,0.00000,0.99703,0.00002
27.80000,3.01194,0.00585,0.00000,0.99404,0.00010
28.00000,3.01194,0.02034,0.00000,0.97933,0.00032
28.20000,3.01194,0.00182,0.00000,0.99817,0.00001
28.40000,3.01194,0.00162,0.00000,0.99837,0.00001
28.60000,3.01194,0.00063,0.00000,0.99936,0.00000
28.80000,3.01194,0.00552,0.00000,0.99443,0.00006
29.00000,3.01194,0.00593,0.00000,0.99403,0.00004
29.20000,3.01194,0.00087,0.00000,0.99913,0.00000
29.40000,3.01194,0.00169,0.00000,0.99829,0.00002
29.60000,3.01194,0.01090,0.00000,0.98900,0.00010
29.80000,3.01194,0.00089,0.00000,0.99911,0.00000
30.00000,3.01194,0.00172,0.00000,0.99827,0.00001
30.20000,3.01194,0.00452,0.00000,0.99544,0.00004
30.40000,3.01194,0.00071,0.00000,0.99928,0.00001
30.60000,3.01194,0.00056,0.00000,0.99944,0.00000
30.80000,3.01194,0.00267,0.00000,0.99732,0.00002
31.00000,3.01194,0.00143,0.00000,0.99856,0.00001
31.20000,3.01194,0.00114,0.00000,0.99886,0.00001
31.40000,3.01194,0.00047,0.00000,0.99953,0.00000
31.60000,3.01194,0.00524,0.00000,0.99472,0.00003
31.80000,3.01194,0.00086,0.00000,0.99914,0.00000
32.00000,3.01194,0.00052,0.00000,0.99947,0.00000
32.20000,3.01194,0.00088,0.00000,0.99912,0.00001
32.40000,3.01194,0.00133,0.00000,0.99867,0.00000
32.60000,3.01194,0.00260,0.00000,0.99739,0.00001
32.80000,3.01194,0.00046,0.00000,0.99953,0.00000
33.00000,3.01194,0.00099,0.00000,0.99901,0.00000
33.20000,3.01194,0.00044,0.00000,0.99956,0.00000
33.40000,3.01194,0.00131,0.00000,0.99868,0.00001
33.60000,3.01194,0.00329,0.00000,0.99668,0.00002
33.80000,3.01194,0.00125,0.00000,0.99875,0.00001
34.00000,3.01194,0.00061,0.00000,0.99939,0.00000
34.20000,3.01194,0.00080,0.00000,0.99920,0.00001
34.40000,3.01194,0.00025,0.00000,0.99975,0.00000
34.60000,3.01194,0.00155,0.00000,0.99845,0.00001
34.80000,3.01194,0.00054,0.00000,0.99946,0.00000
35.00000,3.01194,0.00007,0.00000,0.99993,0.00000
35.20000,3.01194,0.00031,0.00000,0.99969,0.00000
35.40000,3.01194,0.00008,0.00000,0.99992,0.00000
35.60000,3.01194,0.00102,0.00000,0.99897,0.00001
35.80000,3.01194,0.00058,0.00000,0.99942,0.00000
36.00000,3.01194,0.00044,0.00000,0.99955,0.00000
36.20000,3.01194,0.00075,0.00000,0.99925,0.00000
36.40000,3.01194,0.00026,0.00000,0.99974,0.00000
36.60000,3.01194,0.00026,0.00000,0.99974,0.00000
36.80000,3.01194,0.00036,0.00000,0.99964,0.00000
37.00000,3.01194,0.00279,0.00000,0.99718,0.00002
37.20000,3.01194,0.00053,0.00000,0.99947,0.00000
37.40000,3.01194,0.00043,0.00000,0.99957,0.00000
37.60000,3.01194,0.00059,0.00000,0.99941,0.00000
37.80000,3.01194,0.00034,0.00000,0.99966,0.00000
38.00000,3.01194,0.00021,0.00000,0.99979,0.00000
38.20000,3.01194,0.00035,0.00000,0.99965,0.00000
38.40000,3.01194,0.00077,0.00000,0.99923,0.00000
38.60000,3.01194,0.00115,0.00000,0.99884,0.00000
38.80000,3.01194,0.00168,0.00000,0.99831,0.00001
39.00000,3.01194,0.00555,0.00000,0.99442,0.00003
39.20000,3.01194,0.00618,0.00000,0.99378,0.00003
39.40000,3.01194,0.00026,0.00000,0.99974,0.00000
39.60000,3.01194,0.00017,0.00000,0.99983,0.00000
39.80000,3.01194,0.00757,0.00000,0.99237,0.00007
40.00000,3.01194,0.01268,0.00000,0.98718,0.00014
40.20000,3.01194,0.00329,0.00000,0.99669,0.00001
40.40000,3.01194,0.00072,0.00000,0.99928,0.00000
40.60000,3.01194,0.00113,0.00000,0.99886,0.00001
40.80000,3.01194,0.00190,0.00000,0.99809,0.00001
41.00000,3.01194,0.00023,0.00000,0.99977,0.00000
41.20000,3.01194,0.00257,0.00000,0.99740,0.00003
41.40000,3.01194,0.00144,0.00000,0.99855,0.00002
41.60000,3.01194,0.00195,0.00000,0.99804,0.00002
41.80000,3.01194,0.00067,0.00000,0.99933,0.00000
42.00000,3.01194,0.00053,0.00000,0.99947,0.00000
42.20000,3.01194,0.00020,0.00000,0.99980,0.00000
42.40000,3.01194,0.00027,0.00000,0.99972,0.00000
42.60000,3.01194,0.00132,0.00000,0.99867,0.00001
42.80000,3.01194,0.00040,0.00000,0.99960,0.00000
43.00000,3.01194,0.00069,0.00000,0.99931,0.00000
43.20000,3.01194,0.00168,0.00000,0.99831,0.00001
43.40000,3.01194,0.00199,0.00000,0.99800,0.00001
43.60000,3.01194,0.00090,0.00000,0.99909,0.00000
43.80000,3.01194,0.00093,0.00000,0.99906,0.00001
44.00000,3.01194,0.00161,0.00000,0.99837,0.00002
44.20000,3.01194,0.00232,0.00000,0.99766,0.00002
44.40000,3.01194,0.00155,0.00000,0.99844,0.00001
44.60000,3.01194,0.00731,0.00000,0.99266,0.00004
44.80000,3.01194,0.00165,0.00000,0.99834,0.00001
45.00000,3.01194,0.00165,0.00000,0.99834,0.00001
45.20000,3.01194,0.00452,0.00000,0.99543,0.00005
45.40000,3.01194,0.00422,0.00000,0.99574,0.00004
45.60000,3.01194,0.00501,0.00000,0.99496,0.00003
45.80000,3.01194,0.00918,0.00000,0.99071,0.00011
46.00000,3.01194,0.00895,0.00000,0.99101,0.00004
46.20000,3.01194,0.00052,0.00000,0.99948,0.00000
46.40000,3.01194,0.00112,0.00000,0.99888,0.00001
46.60000,3.01194,0.00169,0.00000,0.99830,0.00001
46.80000,3.01194,0.00350,0.00000,0.99647,0.00003
47.00000,3.01194,0.00502,0.00000,0.99496,0.00003
47.20000,3.01194,0.00105,0.00000,0.99894,0.00000
47.40000,3.01194,0.00040,0.00000,0.99960,0.00000
47.60000,3.01194,0.00241,0.00000,0.99758,0.00001
47.80000,3.01194,0.00135,0.00000,0.99864,0.00001
48.00000,3.01194,0.00396,0.00000,0.99600,0.00004
48.20000,3.01194,0.00037,0.00000,0.99963,0.00000
48.40000,3.01194,0.00039,0.00000,0.99961,0.00000
48.60000,3.01194,0.00202,0.00000,0.99798,0.00001
48.80000,3.01194,0.00316,0.00000,0.99682,0.00002
49.00000,3.01194,0.00082,0.00000,0.99918,0.00000
49.20000,3.01194,0.00175,0.00000,0.99824,0.00001
49.40000,3.01194,0.00260,0.00000,0.99737,0.00003
49.60000,3.01194,0.00802,0.00000,0.99192,0.00006
49.80000,3.01194,0.00437,0.00000,0.99560,0.00004
50.00000,3.01194,0.00453,0.00000,0.99542,0.00004
50.20000,3.01194,0.00595,0.00000,0.99401,0.00004
50.40000,3.01194,0.00189,0.00000,0.99810,0.00001
50.60000,3.01194,0.00248,0.00000,0.99748,0.00004
50.80000,3.01194,0.00066,0.00000,0.99933,0.00000
51.00000,3.01194,0.00034,0.00000,0.99965,0.00000
51.20000,3.01194,0.00188,0.00000,0.99811,0.00001
51.40000,3.01194,0.00113,0.00000,0.99887,0.00000
51.60000,3.01194,0.00060,0.00000,0.99940,0.00000
51.80000,3.01194,0.00045,0.00000,0.99955,0.00000
52.00000,3.01194,0.00023,0.00000,0.99977,0.00000
52.20000,3.01194,0.00006,0.00000,0.99994,0.00000
52.40000,3.01194,0.00068,0.00000,0.99932,0.00000
52.60000,3.01194,0.00015,0.00000,0.99985,0.00000
52.80000,3.01194,0.00043,0.00000,0.99957,0.00000
53.00000,3.01194,0.00133,0.00000,0.99867,0.00000
53.20000,3.01194,0.00028,0.00000,0.99972,0.00000
53.40000,3.01194,0.00022,0.00000,0.99978,0.00000
53.60000,3.01194,0.00027,0.00000,0.99973,0.00000
53.80000,3.01194,0.00077,0.00000,0.99922,0.00000
54.00000,3.01194,0.00011,0.00000,0.99989,0.00000
54.20000,3.01194,0.00103,0.00000,0.99897,0.00000
54.40000,3.01194,0.00009,0.00000,0.99991,0.00000
54.60000,3.01194,0.00012,0.00000,0.99988,0.00000
54.80000,3.01194,0.00015,0.00000,0.99985,0.00000
55.00000,3.01194,0.00067,0.00000,0.99932,0.00000
55.20000,3.01194,0.00027,0.00000,0.99973,0.00000
55.40000,3.01194,0.00027,0.00000,0.99973,0.00000
55.60000,3.01194,0.00101,0.00000,0.99898,0.00000
55.80000,3.01194,0.00368,0.00000,0.99629,0.00003
56.00000,3.01194,0.00063,0.00000,0.99936,0.00000
56.20000,3.01194,0.00103,0.00000,0.99897,0.00000
56.40000,3.01194,0.00033,0.00000,0.99967,0.00000
56.60000,3.01194,0.00144,0.00000,0.99856,0.00000
56.80000,3.01194,0.00219,0.00000,0.99780,0.00001
57.00000,3.01194,0.01309,0.00000,0.98671,0.00020
57.20000,3.01194,0.00024,0.00000,0.99976,0.00000
57.40000,3.01194,0.00044,0.00000,0.99956,0.00000
57.60000,3.01194,0.00105,0.00000,0.99895,0.00000
57.80000,3.01194,0.00157,0.00000,0.99842,0.00001
58.00000,3.01194,0.00563,0.00000,0.99433,0.00004
58.20000,3.01194,0.00309,0.00000,0.99688,0.00003
58.40000,3.01194,0.00172,0.00000,0.99828,0.00001
58.60000,3.01194,0.00269,0.00000,0.99729,0.00001
58.80000,3.01194,0.00389,0.00000,0.99608,0.00003
59.00000,3.01194,0.00614,0.00000,0.99380,0.00006
59.20000,3.01194,0.00260,0.00000,0.99739,0.00001
59.40000,3.01194,0.00027,0.00000,0.99973,0.00000
59.60000,3.01194,0.00020,0.00000,0.99979,0.00000
59.80000,3.01194,0.00032,0.00000,0.99968,0.00000
60.00000,3.01194,0.00082,0.00000,0.99918,0.00000
60.20000,3.01194,0.00091,0.00000,0.99908,0.00001
60.40000,3.01194,0.00074,0.00000,0.99926,0.00000
60.60000,3.01194,0.00072,0.00000,0.99927,0.00001
60.80000,3.01194,0.00108,0.00000,0.99891,0.00001
61.00000,3.01194,0.00060,0.00000,0.99940,0.00000
61.20000,3.01194,0.00177,0.00000,0.99821,0.00002
61.40000,3.01193,0.00415,0.00000,0.99584,0.00001
61.60000,3.01194,0.00434,0.00000,0.99563,0.00003
61.80000,3.01194,0.00178,0.00000,0.99821,0.00001
62.00000,3.01194,0.00454,0.00000,0.99543,0.00003
62.20000,3.01194,0.00065,0.00000,0.99935,0.00000
62.40000,3.01193,0.00054,0.00000,0.99946,0.00000
62.60000,3.01194,0.00038,0.00000,0.99962,0.00000
62.80000,3.01194,0.00074,0.00000,0.99926,0.00000
63.00000,3.01194,0.00194,0.00000,0.99805,0.00001
63.20000,3.01194,0.00027,0.00000,0.99973,0.00000
63.40000,3.01193,0.00115,0.00000,0.99884,0.00001
63.60000,3.01194,0.00067,0.00000,0.99932,0.00000
63.80000,3.01194,0.00238,0.00000,0.99761,0.00001
64.00000,3.01194,0.00189,0.00000,0.99810,0.00001
64.20000,3.01194,0.00518,0.00000,0.99480,0.00002
64.40000,3.01193,0.00284,0.00000,0.99716,0.00001
64.60000,3.01194,0.00088,0.00000,0.99912,0.00000
64.80000,3.01193,0.00096,0.00000,0.99904,0.00000
65.00000,3.01194,0.00249,0.00000,0.99751,0.00000
65.20000,3.01194,0.00079,0.00000,0.99921,0.00000
65.40000,3.01193,0.00168,0.00000,0.99831,0.00001
65.60000,3.01194,0.00166,0.00000,0.99832,0.00002
65.80000,3.01193,0.00059,0.00000,0.99940,0.00001
66.00000,3.01194,0.00324,0.00000,0.99672,0.00004
66.20000,3.01194,0.00084,0.00000,0.99916,0.00000
66.40000,3.01193,0.00170,0.00000,0.99829,0.00001
66.60000,3.01194,0.00142,0.00000,0.99857,0.00001
66.80000,3.01193,0.01133,0.00000,0.98863,0.00004
67.00000,3.01194,0.00066,0.00000,0.99934,0.00000
67.20000,3.01194,0.00073,0.00000,0.99927,0.00000
67.40000,3.01193,0.00306,0.00000,0.99693,0.00001
67.60000,3.01194,0.00184,0.00000,0.99815,0.00001
67.80000,3.01193,0.00078,0.00000,0.99921,0.00000
68.00000,3.01194,0.00184,0.00000,0.99814,0.00002
68.20000,3.01194,0.00180,0.00000,0.99818,0.00002
68.40000,3.01193,0.00119,0.00000,0.99881,0.00001
68.60000,3.01194,0.00398,0.00000,0.99601,0.00002
68.80000,3.01193,0.00124,0.00000,0.99876,0.00001
69.00000,3.01194,0.00104,0.00000,0.99896,0.00000
69.20000,3.01194,0.00119,0.00000,0.99881,0.00000
69.40000,3.01193,0.00793,0.00000,0.99201,0.00006
69.60000,3.01194,0.00136,0.00000,0.99864,0.00001
69.80000,3.01193,0.00281,0.00000,0.99717,0.00002
70.00000,3.01194,0.00288,0.00000,0.99710,0.00003
70.20000,3.01194,0.00848,0.00000,0.99142,0.00010
70.40000,3.01193,0.00187,0.00000,0.99812,0.00001
70.60000,3.01194,0.00089,0.00000,0.99911,0.00000
70.80000,3.01193,0.00046,0.00000,0.99954,0.00000
71.00000,3.01194,0.00260,0.00000,0.99738,0.00002
71.20000,3.01194,0.00313,0.00000,0.99683,0.00004
71.40000,3.01193,0.01286,0.00000,0.98695,0.00019
71.60000,3.01194,0.01110,0.00000,0.98884,0.00005
71.80000,3.01193,0.00506,0.00000,0.99492,0.00002
72.00000,3.01194,0.00540,0.00000,0.99457,0.00003
72.20000,3.01194,0.00715,0.00000,0.99275,0.00010
72.40000,3.01193,0.01214,0.00000,0.98769,0.00017
72.60000,3.01194,0.01912,0.00000,0.98063,0.00025
72.80000,3.01193,0.00626,0.00000,0.99370,0.00004
73.00000,3.01194,0.00160,0.00000,0.99837,0.00003
73.20000,3.01194,0.00577,0.00000,0.99419,0.00005
73.40000,3.01193,0.00517,0.00000,0.99479,0.00004
73.60000,3.01194,0.00685,0.00000,0.99309,0.00006
73.80000,3.01193,0.00335,0.00000,0.99663,0.00002
74.00000,3.01194,0.00379,0.00000,0.99617,0.00003
74.20000,3.01194,0.00806,0.00000,0.99186,0.00008
74.40000,3.01193,0.02043,0.00000,0.97927,0.00030
74.60000,3.01194,0.00584,0.00000,0.99412,0.00004
74.80000,3.01193,0.00110,0.00000,0.99889,0.00001
75.00000,3.01194,0.00196,0.00000,0.99803,0.00001
75.20000,3.01194,0.00194,0.00000,0.99805,0.00001
75.40000,3.01193,0.00096,0.00000,0.99904,0.00001
75.60000,3.01194,0.00511,0.00000,0.99483,0.00006
75.80000,3.01193,0.00271,0.00000,0.99727,0.00001
76.00000,3.01194,0.00420,0.00000,0.99576,0.00005
76.20000,3.01194,0.00110,0.00000,0.99890,0.00000
76.40000,3.01193,0.00231,0.00000,0.99768,0.00001
76.60000,3.01194,0.00094,0.00000,0.99906,0.00000
76.80000,3.01193,0.00059,0.00000,0.99940,0.00000
77.00000,3.01194,0.00090,0.00000,0.99910,0.00000
77.20000,3.01194,0.00135,0.00000,0.99865,0.00000
77.40000,3.01193,0.00404,0.00000,0.99594,0.00002
77.60000,3.01194,0.00333,0.00000,0.99665,0.00002
77.80000,3.01193,0.00284,0.00000,0.99715,0.00001
78.00000,3.01194,0.00397,0.00000,0.99600,0.00003
78.20000,3.01194,0.01061,0.00000,0.98932,0.00007
78.40000,3.01193,0.00951,0.00000,0.99046,0.00003
78.60000,3.01194,0.03159,0.00000,0.96822,0.00019
78.80000,3.01193,0.03546,0.00000,0.96424,0.00030
79.00000,3.01194,0.00750,0.00000,0.99245,0.00006
79.20000,3.01194,0.01646,0.00000,0.98338,0.00016
79.40000,3.01193,0.00640,0.00000,0.99356,0.00004
79.60000,3.01194,0.04929,0.00000,0.95000,0.00070
79.80000,3.01193,0.17822,0.00000,0.81856,0.00323
80.00000,3.01194,0.09165,0.00000,0.90716,0.00119
80.20000,3.01194,0.01314,0.00000,0.98676,0.00010
80.40000,3.01193,0.04057,0.00000,0.95908,0.00035
80.60000,3.01194,0.01998,0.00000,0.97986,0.00016
80.80000,3.01193,0.11075,0.00000,0.88790,0.00136
81.00000,3.01194,0.06575,0.00000,0.93331,0.00094
81.20000,3.01194,0.09319,0.00000,0.90505,0.00175
81.40000,3.01193,0.03463,0.00000,0.96490,0.00047
81.60000,3.01194,0.01429,0.00000,0.98560,0.00012
81.80000,3.01193,0.03610,0.00000,0.96339,0.00051
82.00000,3.01194,0.00882,0.00000,0.99108,0.00010
82.20000,3.01194,0.01447,0.00000,0.98538,0.00015
82.40000,3.01193,0.06643,0.00000,0.93274,0.00084
82.60000,3.01194,0.03846,0.00000,0.96115,0.00039
82.80000,3.01193,0.01440,0.00000,0.98548,0.00012
83.00000,3.01194,0.01592,0.00000,0.98399,0.00009
83.20000,3.01194,0.00944,0.00000,0.99049,0.00007
83.40000,3.01193,0.01954,0.00000,0.98030,0.00016
83.60000,3.01194,0.06524,0.00000,0.93371,0.00105
83.80000,3.01193,0.03041,0.00000,0.96916,0.00042
84.00000,3.01194,0.02921,0.00000,0.97046,0.00033
84.20000,3.01194,0.01750,0.00000,0.98231,0.00019
84.40000,3.01193,0.02937,0.00000,0.97030,0.00033
84.60000,3.01194,0.01473,0.00000,0.98509,0.00019
84.80000,3.01193,0.01636,0.00000,0.98348,0.00016
85.00000,3.01194,0.01896,0.00000,0.98068,0.00036
85.20000,3.01194,0.00394,0.00000,0.99603,0.00003
85.40000,3.01193,0.00714,0.00000,0.99278,0.00008
85.60000,3.01194,0.00265,0.00000,0.99732,0.00003
85.80000,3.01193,0.00867,0.00000,0.99115,0.00019
86.00000,3.01194,0.00816,0.00000,0.99173,0.00011
86.20000,3.01194,0.00217,0.00000,0.99781,0.00002
86.40000,3.01193,0.00045,0.00000,0.99955,0.00000
86.60000,3.01194,0.00152,0.00000,0.99847,0.00001
86.80000,3.01193,0.00057,0.00000,0.99943,0.00000
87.00000,3.01194,0.00088,0.00000,0.99911,0.00001
87.20000,3.01194,0.00108,0.00000,0.99891,0.00001
87.40000,3.01193,0.00042,0.00000,0.99958,0.00000
87.60000,3.01194,0.00057,0.00000,0.99943,0.00000
87.80000,3.01193,0.00019,0.00000,0.99981,0.00000
88.00000,3.01194,0.00024,0.00000,0.99975,0.00000
88.20000,3.01194,0.00048,0.00000,0.99952,0.00000
88.40000,3.01193,0.00430,0.00000,0.99568,0.00003
88.60000,3.01194,0.00057,0.00000,0.99943,0.00000
88.80000,3.01193,0.00049,0.00000,0.99950,0.00000
89.00000,3.01194,0.00031,0.00000,0.99969,0.00000
89.20000,3.01194,0.00023,0.00000,0.99977,0.00000
89.40000,3.01193,0.00054,0.00000,0.99946,0.00000
89.60000,3.01194,0.00055,0.00000,0.99945,0.00000
89.80000,3.01193,0.00022,0.00000,0.99978,0.00000
90.00000,3.01194,0.00085,0.00000,0.99915,0.00000
90.20000,3.01194,0.00016,0.00000,0.99984,0.00000
90.40000,3.01193,0.00037,0.00000,0.99963,0.00000
90.60000,3.01194,0.00056,0.00000,0.99944,0.00000
90.80000,3.01193,0.00055,0.00000,0.99944,0.00000
91.00000,3.01194,0.00080,0.00000,0.99920,0.00001
91.20000,3.01194,0.00099,0.00000,0.99901,0.00001
91.40000,3.01193,0.00036,0.00000,0.99963,0.00000
91.60000,3.01194,0.00017,0.00000,0.99983,0.00000
91.80000,3.01193,0.00007,0.00000,0.99993,0.00000
92.00000,3.01194,0.00044,0.00000,0.99956,0.00000
92.20000,3.01194,0.00186,0.00000,0.99813,0.00001
92.40000,3.01193,0.00085,0.00000,0.99915,0.00000
92.60000,3.01194,0.00074,0.00000,0.99925,0.00000
92.80000,3.01193,0.00048,0.00000,0.99951,0.00000
93.00000,3.01194,0.00224,0.00000,0.99775,0.00001
93.20000,3.01194,0.00017,0.00000,0.99983,0.00000
93.40000,3.01193,0.00057,0.00000,0.99943,0.00000
93.60000,3.01194,0.00018,0.00000,0.99982,0.00000
93.80000,3.01193,0.00038,0.00000,0.99962,0.00000
94.00000,3.01194,0.00064,0.00000,0.99936,0.00001
94.20000,3.01194,0.00052,0.00000,0.99948,0.00000
94.40000,3.01193,0.00055,0.00000,0.99944,0.00000
94.60000,3.01194,0.00175,0.00000,0.99824,0.00001
94.80000,3.01193,0.00139,0.00000,0.99860,0.00001
95.00000,3.01194,0.00185,0.00000,0.99813,0.00002
95.20000,3.01194,0.00067,0.00000,0.99933,0.00001
95.40000,3.01193,0.00131,0.00000,0.99868,0.00001
95.60000,3.01194,0.00030,0.00000,0.99970,0.00000
95.80000,3.01193,0.00469,0.00000,0.99529,0.00002
96.00000,3.01194,0.00137,0.00000,0.99863,0.00000
96.20000,3.01194,0.00246,0.00000,0.99753,0.00001
96.40000,3.01193,0.00194,0.00000,0.99805,0.00001
96.60000,3.01194,0.00163,0.00000,0.99836,0.00002
96.80000,3.01193,0.00181,0.00000,0.99818,0.00001
97.00000,3.01194,0.00131,0.00000,0.99868,0.00001
97.20000,3.01194,0.00229,0.00000,0.99768,0.00003
97.40000,3.01193,0.00074,0.00000,0.99926,0.00000
97.60000,3.01194,0.00039,0.00000,0.99961,0.00000
97.80000,3.01193,0.00024,0.00000,0.99976,0.00000
98.00000,3.01194,0.00045,0.00000,0.99955,0.00000
98.20000,3.01194,0.00031,0.00000,0.99968,0.00000
98.40000,3.01193,0.00342,0.00000,0.99656,0.00002
98.60000,3.01194,0.00348,0.00000,0.99651,0.00002
98.80000,3.01193,0.00216,0.00000,0.99783,0.00001
99.00000,3.01194,0.00032,0.00000,0.99968,0.00000
99.20000,3.01194,0.00185,0.00000,0.99814,0.00001
99.40000,3.01193,0.00185,0.00000,0.99814,0.00001
99.60000,3.01194,0.00618,0.00000,0.99378,0.00004
99.80000,3.01193,0.00215,0.00000,0.99783,0.00001
100.00000,3.01194,0.00042,0.00000,0.99958,0.00000
100.20000,3.01194,0.00018,0.00000,0.99982,0.00000
100.40000,3.01193,0.00204,0.00000,0.99793,0.00003
100.60000,3.01194,0.00415,0.00000,0.99579,0.00005
100.80000,3.01193,0.00216,0.00000,0.99782,0.00002
101.00000,3.01194,0.00025,0.00000,0.99975,0.00000
101.20000,3.01194,0.00018,0.00000,0.99982,0.00000
101.40000,3.01193,0.00046,0.00000,0.99954,0.00000
101.60000,3.01194,0.00019,0.00000,0.99981,0.00000
101.80000,3.01193,0.00013,0.00000,0.99987,0.00000
102.00000,3.01194,0.00013,0.00000,0.99987,0.00000
102.20000,3.01194,0.00027,0.00000,0.99973,0.00000
102.40000,3.01193,0.00008,0.00000,0.99992,0.00000
102.60000,3.01194,0.00162,0.00000,0.99837,0.00000
102.80000,3.01193,0.00419,0.00000,0.99579,0.00002
103.00000,3.01194,0.00370,0.00000,0.99628,0.00002
103.20000,3.01194,0.00386,0.00000,0.99613,0.00001
103.40000,3.01193,0.00323,0.00000,0.99675,0.00002
103.60000,3.01194,0.00613,0.00000,0.99384,0.00003
103.80000,3.01193,0.00401,0.00000,0.99597,0.00002
104.00000,3.01194,0.00041,0.00000,0.99959,0.00000
104.20000,3.01194,0.00030,0.00000,0.99970,0.00000
104.40000,3.01193,0.00044,0.00000,0.99956,0.00000
104.60000,3.01194,0.00024,0.00000,0.99976,0.00000
104.80000,3.01193,0.00025,0.00000,0.99975,0.00000
105.00000,3.01194,0.00308,0.00000,0.99691,0.00001
105.20000,3.01194,0.00080,0.00000,0.99920,0.00000
105.40000,3.01193,0.00096,0.00000,0.99904,0.00000
105.60000,3.01194,0.00136,0.00000,0.99864,0.00000
105.80000,3.01193,0.00047,0.00000,0.99952,0.00000
106.00000,3.01194,0.00092,0.00000,0.99908,0.00000
106.20000,3.01194,0.00176,0.00000,0.99824,0.00001
106.40000,3.01193,0.00081,0.00000,0.99919,0.00000
106.60000,3.01194,0.00428,0.00000,0.99570,0.00002
106.80000,3.01193,0.00109,0.00000,0.99890,0.00001
107.00000,3.01194,0.00369,0.00000,0.99629,0.00002
107.20000,3.01194,0.00141,0.00000,0.99859,0.00000
107.40000,3.01193,0.00391,0.00000,0.99606,0.00003
107.60000,3.01194,0.00127,0.00000,0.99872,0.00000
107.80000,3.01193,0.00104,0.00000,0.99895,0.00000
108.00000,3.01194,0.00091,0.00000,0.99908,0.00000
108.20000,3.01194,0.00184,0.00000,0.99816,0.00001
108.40000,3.01193,0.00123,0.00000,0.99877,0.00001
108.60000,3.01194,0.00482,0.00000,0.99515,0.00003
108.80000,3.01193,0.00095,0.00000,0.99904,0.00000
109.00000,3.01194,0.00213,0.00000,0.99786,0.00001
109.20000,3.01194,0.00246,0.00000,0.99753,0.00001
109.40000,3.01193,0.00092,0.00000,0.99908,0.00000
109.60000,3.01194,0.00076,0.00000,0.99923,0.00000
109.80000,3.01193,0.01034,0.00000,0.98959,0.00007
110.00000,3.01194,0.00351,0.00000,0.99647,0.00002
110.20000,3.01194,0.00200,0.00000,0.99799,0.00001
110.40000,3.01193,0.00287,0.00000,0.99711,0.00002
110.60000,3.01194,0.00034,0.00000,0.99966,0.00000
110.80000,3.01193,0.00074,0.00000,0.99926,0.00001
111.00000,3.01194,0.02083,0.00000,0.97900,0.00017
111.20000,3.01194,0.01650,0.00000,0.98343,0.00006
111.40000,3.01193,0.00778,0.00000,0.99219,0.00003
111.60000,3.01194,0.00731,0.00000,0.99264,0.00005
111.80000,3.01193,0.00743,0.00000,0.99250,0.00007
112.00000,3.01194,0.00329,0.00000,0.99667,0.00004
112.20000,3.01194,0.00894,0.00000,0.99096,0.00009
112.40000,3.01193,0.02626,0.00000,0.97335,0.00039
112.60000,3.01194,0.01469,0.00000,0.98507,0.00025
112.80000,3.01193,0.02552,0.00000,0.97424,0.00025
113.00000,3.01194,0.00661,0.00000,0.99336,0.00004
113.20000,3.01194,0.00653,0.00000,0.99339,0.00008
113.40000,3.01193,0.00331,0.00000,0.99666,0.00003
113.60000,3.01194,0.00140,0.00000,0.99860,0.00000
113.80000,3.01193,0.00344,0.00000,0.99654,0.00001
114.00000,3.01194,0.00201,0.00000,0.99798,0.00001
114.20000,3.01194,0.00177,0.00000,0.99823,0.00001
114.40000,3.01193,0.00157,0.00000,0.99842,0.00001
114.60000,3.01194,0.00142,0.00000,0.99857,0.00001
114.80000,3.01193,0.00324,0.00000,0.99674,0.00002
115.00000,3.01194,0.00835,0.00000,0.99158,0.00007
115.20000,3.01194,0.00926,0.00000,0.99069,0.00005
115.40000,3.01193,0.00263,0.00000,0.99735,0.00002
115.60000,3.01194,0.06300,0.00000,0.93560,0.00140
115.80000,3.01193,0.00566,0.00000,0.99428,0.00006
116.00000,3.01194,0.00751,0.00000,0.99243,0.00006
116.20000,3.01194,0.05792,0.00000,0.94141,0.00067
116.40000,3.01193,0.04592,0.00000,0.95335,0.00072
116.60000,3.01194,0.03683,0.00000,0.96237,0.00080
116.80000,3.01193,0.14225,0.00000,0.85420,0.00354
117.00000,3.01194,0.01483,0.00000,0.98489,0.00027
117.20000,3.01194,0.04304,0.00000,0.95605,0.00091
117.40000,3.01193,0.04657,0.00000,0.95233,0.00109
117.60000,3.01194,0.02622,0.00000,0.97326,0.00052
117.80000,3.01193,0.01449,0.00000,0.98534,0.00018
118.00000,3.01194,0.00531,0.00000,0.99460,0.00010
118.20000,3.01194,0.00462,0.00000,0.99533,0.00005
118.40000,3.01193,0.01807,0.00000,0.98167,0.00026
118.60000,3.01194,0.01062,0.00000,0.98926,0.00012
118.80000,3.01193,0.01667,0.00000,0.98314,0.00019
119.00000,3.01194,0.02513,0.00000,0.97432,0.00054
119.20000,3.01194,0.04550,0.00000,0.95288,0.00163
119.40000,3.01193,0.02753,0.00000,0.97187,0.00060
119.60000,3.01194,0.02775,0.00000,0.97183,0.00042
119.80000,3.01193,0.00421,0.00000,0.99577,0.00002
120.00000,3.01194,0.00309,0.00000,0.99688,0.00003
120.20000,3.01194,0.01530,0.00000,0.98453,0.00017
120.40000,3.01193,0.00194,0.00000,0.99804,0.00001
120.60000,3.01194,0.00314,0.00000,0.99683,0.00003
120.80000,3.01193,0.01379,0.00000,0.98609,0.00012
121.00000,3.01194,0.00638,0.00000,0.99358,0.00004
121.20000,3.01194,0.00255,0.00000,0.99744,0.00002
121.40000,3.01193,0.00038,0.00000,0.99962,0.00000
121.60000,3.01194,0.00025,0.00000,0.99975,0.00000
121.80000,3.01193,0.00126,0.00000,0.99873,0.00001
122.00000,3.01194,0.00162,0.00000,0.99837,0.00001
122.20000,3.01194,0.00269,0.00000,0.99730,0.00001
122.40000,3.01193,0.00104,0.00000,0.99896,0.00000
122.60000,3.01194,0.00091,0.00000,0.99909,0.00000
122.80000,3.01193,0.00043,0.00000,0.99957,0.00000
123.00000,3.01194,0.00028,0.00000,0.99972,0.00000
123.20000,3.01194,0.00057,0.00000,0.99943,0.00000
123.40000,3.01193,0.00113,0.00000,0.99887,0.00000
123.60000,3.01194,0.00121,0.00000,0.99879,0.00000
123.80000,3.01193,0.00455,0.00000,0.99543,0.00002
124.00000,3.01194,0.00179,0.00000,0.99820,0.00001
124.20000,3.01194,0.00455,0.00000,0.99542,0.00003
124.40000,3.01193,0.00108,0.00000,0.99892,0.00000
124.60000,3.01194,0.00636,0.00000,0.99361,0.00003
124.80000,3.01193,0.00326,0.00000,0.99672,0.00002
