Time (seconds), Duration (seconds),pred_(unlabeled),pred_imbalance,pred_working,pred_impact
0.00000,3.01194,0.85923,0.13984,0.00016,0.00077
0.20000,3.01194,0.12775,0.87219,0.00002,0.00004
0.40000,3.01194,0.02893,0.97106,0.00000,0.00001
0.60000,3.01194,0.01561,0.98437,0.00001,0.00001
0.80000,3.01194,0.01958,0.98036,0.00002,0.00004
1.00000,3.01194,0.02476,0.97522,0.00000,0.00001
1.20000,3.01194,0.04733,0.95262,0.00001,0.00004
1.40000,3.01194,0.02575,0.97421,0.00001,0.00003
1.60000,3.01194,0.03401,0.96595,0.00001,0.00003
1.80000,3.01194,0.04783,0.95214,0.00001,0.00002
2.00000,3.01194,0.05035,0.94961,0.00001,0.00003
2.20000,3.01194,0.04688,0.95307,0.00001,0.00004
2.40000,3.01194,0.09472,0.90514,0.00003,0.00011
2.60000,3.01194,0.07899,0.92086,0.00003,0.00012
2.80000,3.01194,0.08835,0.91155,0.00002,0.00009
3.00000,3.01194,0.09637,0.90350,0.00002,0.00011
3.20000,3.01194,0.07427,0.92567,0.00001,0.00004
3.40000,3.01194,0.06586,0.93403,0.00003,0.00008
3.60000,3.01194,0.09147,0.90838,0.00004,0.00011
3.80000,3.01194,0.06649,0.93345,0.00001,0.00005
4.00000,3.01194,0.08922,0.91068,0.00002,0.00009
4.20000,3.01194,0.09703,0.90290,0.00001,0.00006
4.40000,3.01194,0.08313,0.91680,0.00002,0.00006
4.60000,3.01194,0.06752,0.93238,0.00003,0.00007
4.80000,3.01194,0.06117,0.93877,0.00002,0.00004
5.00000,3.01194,0.06080,0.93914,0.00001,0.00005
5.20000,3.01194,0.09054,0.90930,0.00003,0.00013
5.40000,3.01194,0.11961,0.88019,0.00003,0.00017
5.60000,3.01194,0.11751,0.88230,0.00004,0.00015
5.80000,3.01194,0.10734,0.89242,0.00005,0.00019
6.00000,3.01194,0.07585,0.92401,0.00003,0.00011
6.20000,3.01194,0.07099,0.92887,0.00003,0.00011
6.40000,3.01194,0.10859,0.89130,0.00002,0.00009
6.60000,3.01194,0.06772,0.93223,0.00001,0.00005
6.80000,3.01194,0.07713,0.92279,0.00001,0.00007
7.00000,3.01194,0.05051,0.94946,0.00000,0.00002
7.20000,3.01194,0.02221,0.97777,0.00000,0.00001
7.40000,3.01194,0.03034,0.96963,0.00000,0.00003
7.60000,3.01194,0.03888,0.96105,0.00001,0.00006
7.80000,3.01194,0.02992,0.97006,0.00000,0.00002
8.00000,3.01194,0.02736,0.97262,0.00000,0.00001
8.20000,3.01194,0.03436,0.96562,0.00001,0.00002
8.40000,3.01194,0.02696,0.97303,0.00000,0.00001
8.60000,3.01194,0.04014,0.95985,0.00000,0.00001
8.80000,3.01194,0.02951,0.97047,0.00000,0.00002
9.00000,3.01194,0.03244,0.96751,0.00001,0.00004
9.20000,3.01194,0.04248,0.95743,0.00002,0.00008
9.40000,3.01194,0.03363,0.96630,0.00001,0.00006
9.60000,3.01194,0.02122,0.97874,0.00000,0.00003
9.80000,3.01194,0.03294,0.96702,0.00001,0.00003
10.00000,3.01194,0.04382,0.95615,0.00001,0.00003
10.20000,3.01194,0.04544,0.95452,0.00001,0.00003
10.40000,3.01194,0.03781,0.96217,0.00000,0.00002
10.60000,3.01194,0.04446,0.95551,0.00000,0.00003
10.80000,3.01194,0.02994,0.97003,0.00001,0.00003
11.00000,3.01194,0.03880,0.96116,0.00001,0.00003
11.20000,3.01194,0.03099,0.96900,0.00000,0.00001
11.40000,3.01194,0.02644,0.97354,0.00000,0.00001
11.60000,3.01194,0.02726,0.97273,0.00000,0.00001
11.80000,3.01194,0.02495,0.97504,0.00000,0.00001
12.00000,3.01194,0.03905,0.96091,0.00001,0.00003
12.20000,3.01194,0.04642,0.95355,0.00000,0.00003
12.40000,3.01194,0.05422,0.94574,0.00000,0.00003
12.60000,3.01194,0.04781,0.95214,0.00001,0.00004
12.80000,3.01194,0.03045,0.96951,0.00000,0.00003
13.00000,3.01194,0.04252,0.95744,0.00001,0.00003
13.20000,3.01194,0.10053,0.89894,0.00015,0.00039
13.40000,3.01194,0.08337,0.91653,0.00001,0.00008
13.60000,3.01194,0.08324,0.91661,0.00002,0.00014
13.80000,3.01194,0.02942,0.97051,0.00000,0.00007
14.00000,3.01194,0.04936,0.95056,0.00001,0.00007
14.20000,3.01194,0.04522,0.95468,0.00003,0.00007
14.40000,3.01194,0.02120,0.97879,0.00000,0.00001
14.60000,3.01194,0.03658,0.96339,0.00000,0.00003
14.80000,3.01194,0.02053,0.97942,0.00001,0.00005
15.00000,3.01194,0.03570,0.96428,0.00000,0.00002
15.20000,3.01194,0.04059,0.95939,0.00001,0.00001
15.40000,3.01194,0.02401,0.97597,0.00001,0.00002
15.60000,3.01194,0.04383,0.95614,0.00001,0.00002
15.80000,3.01194,0.04139,0.95856,0.00002,0.00004
16.00000,3.01194,0.04001,0.95994,0.00002,0.00003
16.20000,3.01194,0.05860,0.94131,0.00002,0.00007
16.40000,3.01194,0.05125,0.94851,0.00004,0.00020
16.60000,3.01194,0.05020,0.94940,0.00005,0.00035
16.80000,3.01194,0.04996,0.94984,0.00003,0.00017
17.00000,3.01194,0.04661,0.95316,0.00003,0.00020
17.20000,3.01194,0.06629,0.93336,0.00004,0.00031
17.40000,3.01194,0.09777,0.90186,0.00003,0.00034
17.60000,3.01194,0.05178,0.94813,0.00001,0.00009
17.80000,3.01194,0.01839,0.98159,0.00000,0.00001
18.00000,3.01194,0.04822,0.95170,0.00001,0.00007
18.20000,3.01194,0.04392,0.95601,0.00001,0.00006
18.40000,3.01194,0.04554,0.95441,0.00000,0.00005
18.60000,3.01194,0.04059,0.95931,0.00000,0.00009
18.80000,3.01194,0.01772,0.98224,0.00000,0.00003
19.00000,3.01194,0.00808,0.99191,0.00000,0.00001
19.20000,3.01194,0.01825,0.98173,0.00000,0.00001
19.40000,3.01194,0.02437,0.97560,0.00000,0.00002
19.60000,3.01194,0.04609,0.95379,0.00001,0.00011
19.80000,3.01194,0.04773,0.95219,0.00001,0.00007
20.00000,3.01194,0.03676,0.96321,0.00000,0.00003
20.20000,3.01194,0.01923,0.98075,0.00000,0.00002
20.40000,3.01194,0.03280,0.96717,0.00000,0.00003
