Time (seconds), Duration (seconds),pred_(unlabeled),pred_imbalance,pred_working,pred_impact
0.00000,3.01194,1.00000,0.00000,0.00000,0.00000
0.20000,3.01194,0.99999,0.00000,0.00000,0.00001
0.40000,3.01194,0.99999,0.00001,0.00000,0.00000
0.60000,3.01194,1.00000,0.00000,0.00000,0.00000
0.80000,3.01194,0.99999,0.00001,0.00000,0.00000
1.00000,3.01194,1.00000,0.00000,0.00000,0.00000
1.20000,3.01194,0.99998,0.00002,0.00000,0.00000
1.40000,3.01194,0.99998,0.00002,0.00000,0.00000
1.60000,3.01194,0.99997,0.00000,0.00000,0.00002
1.80000,3.01194,0.99998,0.00002,0.00000,0.00001
2.00000,3.01194,0.99999,0.00000,0.00000,0.00000
2.20000,3.01194,0.99998,0.00001,0.00000,0.00000
2.40000,3.01194,0.99999,0.00000,0.00000,0.00000
2.60000,3.01194,0.99984,0.00004,0.00000,0.00013
2.80000,3.01194,0.99998,0.00000,0.00000,0.00002
3.00000,3.01194,0.98965,0.01031,0.00002,0.00002
3.20000,3.01194,0.99998,0.00002,0.00000,0.00000
3.40000,3.01194,0.99997,0.00001,0.00000,0.00002
3.60000,3.01194,1.00000,0.00000,0.00000,0.00000
3.80000,3.01194,0.99999,0.00000,0.00000,0.00001
4.00000,3.01194,0.99999,0.00000,0.00000,0.00001
4.20000,3.01194,0.99998,0.00000,0.00000,0.00001
4.40000,3.01194,1.00000,0.00000,0.00000,0.00000
4.60000,3.01194,0.99995,0.00004,0.00001,0.00000
4.80000,3.01194,1.00000,0.00000,0.00000,0.00000
5.00000,3.01194,1.00000,0.00000,0.00000,0.00000
5.20000,3.01194,0.99997,0.00000,0.00000,0.00003
5.40000,3.01194,0.99998,0.00000,0.00000,0.00002
5.60000,3.01194,1.00000,0.00000,0.00000,0.00000
5.80000,3.01194,1.00000,0.00000,0.00000,0.00000
6.00000,3.01194,0.99997,0.00000,0.00002,0.00001
6.20000,3.01194,0.99889,0.00000,0.00042,0.00069
6.40000,3.01194,0.99995,0.00000,0.00001,0.00004
6.60000,3.01194,0.99999,0.00000,0.00000,0.00001
6.80000,3.01194,0.99990,0.00001,0.00001,0.00008
7.00000,3.01194,0.99999,0.00000,0.00001,0.00000
7.20000,3.01194,1.00000,0.00000,0.00000,0.00000
7.40000,3.01194,0.99991,0.00000,0.00000,0.00008
7.60000,3.01194,0.99998,0.00000,0.00000,0.00002
7.80000,3.01194,0.99996,0.00003,0.00000,0.00000
8.00000,3.01194,1.00000,0.00000,0.00000,0.00000
8.20000,3.01194,0.99998,0.00001,0.00000,0.00000
8.40000,3.01194,1.00000,0.00000,0.00000,0.00000
8.60000,3.01194,0.99990,0.00003,0.00000,0.00007
8.80000,3.01194,0.99999,0.00000,0.00000,0.00000
9.00000,3.01194,0.99993,0.00006,0.00000,0.00001
9.20000,3.01194,0.99999,0.00000,0.00000,0.00000
9.40000,3.01194,0.99997,0.00003,0.00000,0.00000
9.60000,3.01194,0.99995,0.00001,0.00001,0.00004
9.80000,3.01194,0.99996,0.00001,0.00000,0.00003
10.00000,3.01194,0.99998,0.00002,0.00000,0.00000
10.20000,3.01194,0.99992,0.00008,0.00000,0.00000
10.40000,3.01194,0.99632,0.00065,0.00007,0.00296
10.60000,3.01194,0.99884,0.00021,0.00002,0.00093
10.80000,3.01194,0.99997,0.00002,0.00001,0.00000
11.00000,3.01194,0.99999,0.00000,0.00000,0.00000
11.20000,3.01194,1.00000,0.00000,0.00000,0.00000
11.40000,3.01194,0.99973,0.00018,0.00000,0.00009
11.60000,3.01194,0.99408,0.00001,0.00002,0.00590
11.80000,3.01194,0.99920,0.00004,0.00006,0.00070
12.00000,3.01194,0.99999,0.00000,0.00000,0.00000
12.20000,3.01194,0.99999,0.00001,0.00000,0.00000
12.40000,3.01194,0.99971,0.00002,0.00017,0.00009
12.60000,3.01194,0.99479,0.00143,0.00003,0.00375
12.80000,3.01194,0.99902,0.00002,0.00039,0.00057
13.00000,3.01194,0.99989,0.00000,0.00003,0.00007
13.20000,3.01194,1.00000,0.00000,0.00000,0.00000
13.40000,3.01194,1.00000,0.00000,0.00000,0.00000
13.60000,3.01194,0.99986,0.00002,0.00002,0.00010
13.80000,3.01194,0.99997,0.00001,0.00000,0.00002
14.00000,3.01194,0.99998,0.00001,0.00000,0.00001
14.20000,3.01194,0.99997,0.00002,0.00000,0.00001
14.40000,3.01194,0.99999,0.00001,0.00000,0.00000
14.60000,3.01194,0.99797,0.00190,0.00000,0.00013
14.80000,3.01194,0.99935,0.00000,0.00000,0.00065
15.00000,3.01194,0.99936,0.00054,0.00002,0.00007
15.20000,3.01194,1.00000,0.00000,0.00000,0.00000
15.40000,3.01194,0.99998,0.00002,0.00000,0.00000
15.60000,3.01194,0.99999,0.00000,0.00000,0.00001
15.80000,3.01194,0.99851,0.00043,0.00000,0.00106
16.00000,3.01194,0.99755,0.00081,0.00001,0.00163
16.20000,3.01194,0.99860,0.00135,0.00000,0.00005
16.40000,3.01194,0.99943,0.00053,0.00001,0.00004
16.60000,3.01194,0.99363,0.00002,0.00046,0.00589
16.80000,3.01194,0.99721,0.00193,0.00049,0.00037
17.00000,3.01194,0.99055,0.00943,0.00000,0.00001
17.20000,3.01194,0.99995,0.00003,0.00001,0.00001
17.40000,3.01194,0.99988,0.00003,0.00000,0.00008
17.60000,3.01194,0.97416,0.00633,0.00003,0.01947
17.80000,3.01194,0.99964,0.00023,0.00001,0.00011
18.00000,3.01194,0.98888,0.01110,0.00001,0.00001
18.20000,3.01194,0.99997,0.00003,0.00000,0.00000
18.40000,3.01194,0.99728,0.00216,0.00021,0.00035
18.60000,3.01194,0.99730,0.00236,0.00003,0.00031
18.80000,3.01194,0.98937,0.00622,0.00260,0.00181
19.00000,3.01194,0.99924,0.00068,0.00005,0.00003
19.20000,3.01194,0.99990,0.00010,0.00000,0.00001
19.40000,3.01194,0.99992,0.00007,0.00000,0.00001
19.60000,3.01194,0.99988,0.00011,0.00000,0.00001
