Time (seconds), Duration (seconds),pred_(unlabeled),pred_imbalance,pred_working,pred_impact
0.00000,3.01194,0.99989,0.00001,0.00001,0.00008
0.20000,3.01194,0.99991,0.00005,0.00002,0.00001
0.40000,3.01194,0.99987,0.00007,0.00004,0.00002
0.60000,3.01194,0.99984,0.00011,0.00004,0.00002
0.80000,3.01194,0.99994,0.00002,0.00002,0.00001
1.00000,3.01194,0.99988,0.00006,0.00003,0.00002
1.20000,3.01194,0.99981,0.00014,0.00003,0.00002
1.40000,3.01194,0.99984,0.00011,0.00004,0.00002
1.60000,3.01194,0.99980,0.00014,0.00004,0.00002
1.80000,3.01194,0.99982,0.00013,0.00003,0.00002
2.00000,3.01194,0.99983,0.00011,0.00004,0.00002
2.20000,3.01194,0.99982,0.00012,0.00004,0.00002
2.40000,3.01194,0.99987,0.00008,0.00003,0.00002
2.60000,3.01194,0.99980,0.00014,0.00004,0.00002
2.80000,3.01194,0.99988,0.00007,0.00003,0.00002
3.00000,3.01194,0.99988,0.00007,0.00003,0.00002
3.20000,3.01194,0.99978,0.00016,0.00004,0.00002
3.40000,3.01194,0.99984,0.00011,0.00003,0.00002
3.60000,3.01194,0.99988,0.00007,0.00003,0.00002
3.80000,3.01194,0.99985,0.00010,0.00004,0.00002
4.00000,3.01194,0.99985,0.00010,0.00003,0.00002
4.20000,3.01194,0.99988,0.00007,0.00003,0.00002
4.40000,3.01194,0.99985,0.00009,0.00003,0.00002
4.60000,3.01194,0.99988,0.00007,0.00003,0.00002
4.80000,3.01194,0.99983,0.00012,0.00004,0.00002
5.00000,3.01194,0.99982,0.00013,0.00004,0.00002
5.20000,3.01194,0.99990,0.00006,0.00003,0.00002
5.40000,3.01194,0.99989,0.00006,0.00003,0.00002
5.60000,3.01194,0.99983,0.00011,0.00004,0.00002
5.80000,3.01194,0.99987,0.00008,0.00003,0.00002
6.00000,3.01194,0.99981,0.00014,0.00003,0.00002
6.20000,3.01194,0.99990,0.00006,0.00003,0.00002
6.40000,3.01194,0.99987,0.00009,0.00003,0.00002
6.60000,3.01194,0.99986,0.00009,0.00003,0.00002
6.80000,3.01194,0.99987,0.00008,0.00004,0.00002
7.00000,3.01194,0.99988,0.00008,0.00003,0.00002
7.20000,3.01194,0.99986,0.00009,0.00003,0.00002
7.40000,3.01194,0.99987,0.00008,0.00003,0.00002
7.60000,3.01194,0.99989,0.00007,0.00003,0.00001
7.80000,3.01194,0.99985,0.00010,0.00003,0.00002
8.00000,3.01194,0.99986,0.00009,0.00003,0.00002
8.20000,3.01194,0.99990,0.00005,0.00003,0.00002
8.40000,3.01194,0.99986,0.00009,0.00003,0.00002
8.60000,3.01194,0.99987,0.00008,0.00003,0.00002
8.80000,3.01194,0.99985,0.00010,0.00003,0.00002
9.00000,3.01194,0.99984,0.00011,0.00003,0.00002
9.20000,3.01194,0.99986,0.00009,0.00003,0.00002
9.40000,3.01194,0.99982,0.00012,0.00004,0.00002
9.60000,3.01194,0.99984,0.00011,0.00003,0.00002
9.80000,3.01194,0.99985,0.00009,0.00004,0.00002
10.00000,3.01194,0.99989,0.00006,0.00003,0.00001
10.20000,3.01194,0.99989,0.00007,0.00003,0.00002
10.40000,3.01194,0.99985,0.00009,0.00004,0.00002
10.60000,3.01194,0.99986,0.00009,0.00003,0.00002
10.80000,3.01194,0.99986,0.00010,0.00003,0.00001
11.00000,3.01194,0.99990,0.00005,0.00003,0.00002
11.20000,3.01194,0.99987,0.00008,0.00003,0.00002
11.40000,3.01194,0.99987,0.00008,0.00003,0.00001
11.60000,3.01194,0.99985,0.00009,0.00004,0.00002
11.80000,3.01194,0.99989,0.00007,0.00003,0.00002
12.00000,3.01194,0.99988,0.00007,0.00003,0.00002
12.20000,3.01194,0.99987,0.00008,0.00003,0.00002
12.40000,3.01194,0.99990,0.00006,0.00003,0.00001
12.60000,3.01194,0.99987,0.00008,0.00003,0.00002
12.80000,3.01194,0.99989,0.00007,0.00003,0.00001
13.00000,3.01194,0.99988,0.00007,0.00003,0.00002
13.20000,3.01194,0.99986,0.00009,0.00003,0.00002
13.40000,3.01194,0.99988,0.00007,0.00003,0.00002
13.60000,3.01194,0.99989,0.00006,0.00003,0.00002
13.80000,3.01194,0.99985,0.00011,0.00003,0.00002
14.00000,3.01194,0.99988,0.00007,0.00003,0.00002
14.20000,3.01194,0.99990,0.00006,0.00003,0.00002
14.40000,3.01194,0.99985,0.00010,0.00003,0.00002
14.60000,3.01194,0.99987,0.00008,0.00003,0.00001
14.80000,3.01194,0.99987,0.00007,0.00003,0.00002
15.00000,3.01194,0.99989,0.00006,0.00003,0.00001
15.20000,3.01194,0.99989,0.00006,0.00003,0.00002
15.40000,3.01194,0.99989,0.00006,0.00003,0.00002
15.60000,3.01194,0.99988,0.00007,0.00003,0.00002
15.80000,3.01194,0.99984,0.00010,0.00004,0.00002
16.00000,3.01194,0.99985,0.00010,0.00004,0.00002
16.20000,3.01194,0.99987,0.00008,0.00003,0.00002
16.40000,3.01194,0.99984,0.00011,0.00003,0.00002
16.60000,3.01194,0.99987,0.00008,0.00004,0.00002
16.80000,3.01194,0.99980,0.00014,0.00004,0.00002
17.00000,3.01194,0.99984,0.00010,0.00004,0.00002
17.20000,3.01194,0.99984,0.00010,0.00004,0.00002
17.40000,3.01194,0.99987,0.00007,0.00003,0.00002
17.60000,3.01194,0.99989,0.00006,0.00003,0.00002
17.80000,3.01194,0.99986,0.00008,0.00003,0.00002
18.00000,3.01194,0.99986,0.00009,0.00003,0.00002
18.20000,3.01194,0.99985,0.00010,0.00004,0.00002
18.40000,3.01194,0.99986,0.00009,0.00003,0.00002
18.60000,3.01194,0.99986,0.00009,0.00004,0.00002
18.80000,3.01194,0.99990,0.00006,0.00003,0.00002
19.00000,3.01194,0.99984,0.00011,0.00003,0.00002
19.20000,3.01194,0.99985,0.00010,0.00003,0.00002
19.40000,3.01194,0.99986,0.00009,0.00003,0.00002
19.60000,3.01194,0.99984,0.00010,0.00004,0.00002
19.80000,3.01194,0.99989,0.00006,0.00003,0.00002
20.00000,3.01194,0.99986,0.00009,0.00003,0.00002
20.20000,3.01194,0.99984,0.00011,0.00003,0.00002
20.40000,3.01194,0.99987,0.00008,0.00003,0.00002
20.60000,3.01194,0.99984,0.00011,0.00003,0.00002
20.80000,3.01194,0.99986,0.00009,0.00003,0.00002
21.00000,3.01194,0.99989,0.00006,0.00003,0.00001
21.20000,3.01194,0.99985,0.00010,0.00003,0.00002
21.40000,3.01194,0.99981,0.00013,0.00003,0.00002
21.60000,3.01194,0.99986,0.00009,0.00003,0.00002
21.80000,3.01194,0.99974,0.00020,0.00004,0.00002
22.00000,3.01194,0.99987,0.00008,0.00003,0.00002
22.20000,3.01194,0.99987,0.00008,0.00004,0.00002
22.40000,3.01194,0.99982,0.00013,0.00003,0.00002
22.60000,3.01194,0.99983,0.00012,0.00004,0.00002
22.80000,3.01194,0.99986,0.00009,0.00004,0.00002
23.00000,3.01194,0.99981,0.00014,0.00004,0.00002
23.20000,3.01194,0.99981,0.00013,0.00003,0.00002
23.40000,3.01194,0.99986,0.00009,0.00003,0.00002
23.60000,3.01194,0.99985,0.00009,0.00004,0.00002
23.80000,3.01194,0.99977,0.00017,0.00004,0.00002
24.00000,3.01194,0.99983,0.00012,0.00003,0.00002
24.20000,3.01194,0.99987,0.00008,0.00004,0.00002
24.40000,3.01194,0.99987,0.00007,0.00003,0.00002
24.60000,3.01194,0.99983,0.00011,0.00004,0.00002
24.80000,3.01194,0.99986,0.00009,0.00003,0.00002
25.00000,3.01194,0.99985,0.00010,0.00003,0.00002
25.20000,3.01194,0.99990,0.00005,0.00003,0.00002
25.40000,3.01194,0.99984,0.00010,0.00004,0.00002
25.60000,3.01194,0.99984,0.00011,0.00004,0.00002
25.80000,3.01194,0.99984,0.00010,0.00003,0.00002
26.00000,3.01194,0.99983,0.00011,0.00003,0.00002
26.20000,3.01194,0.99987,0.00008,0.00003,0.00002
26.40000,3.01194,0.99987,0.00009,0.00003,0.00001
26.60000,3.01194,0.99987,0.00008,0.00003,0.00002
26.80000,3.01194,0.99985,0.00009,0.00003,0.00002
27.00000,3.01194,0.99987,0.00009,0.00003,0.00001
27.20000,3.01194,0.99987,0.00008,0.00003,0.00002
27.40000,3.01194,0.99988,0.00007,0.00003,0.00001
27.60000,3.01194,0.99990,0.00006,0.00003,0.00001
27.80000,3.01194,0.99986,0.00009,0.00003,0.00002
28.00000,3.01194,0.99985,0.00010,0.00003,0.00002
28.20000,3.01194,0.99989,0.00006,0.00003,0.00002
28.40000,3.01194,0.99987,0.00009,0.00003,0.00002
28.60000,3.01194,0.99987,0.00009,0.00003,0.00001
28.80000,3.01194,0.99983,0.00012,0.00003,0.00002
29.00000,3.01194,0.99987,0.00008,0.00003,0.00002
29.20000,3.01194,0.99986,0.00009,0.00003,0.00002
29.40000,3.01194,0.99992,0.00004,0.00003,0.00001
29.60000,3.01194,0.99987,0.00008,0.00003,0.00002
29.80000,3.01194,0.99981,0.00013,0.00004,0.00002
30.00000,3.01194,0.99988,0.00008,0.00003,0.00001
30.20000,3.01194,0.99986,0.00009,0.00003,0.00002
30.40000,3.01194,0.99985,0.00010,0.00003,0.00002
30.60000,3.01194,0.99989,0.00006,0.00003,0.00001
30.80000,3.01194,0.99987,0.00008,0.00003,0.00002
31.00000,3.01194,0.99983,0.00011,0.00004,0.00002
31.20000,3.01194,0.99988,0.00007,0.00003,0.00002
31.40000,3.01194,0.99988,0.00007,0.00003,0.00002
31.60000,3.01194,0.99980,0.00014,0.00004,0.00002
31.80000,3.01194,0.99983,0.00011,0.00004,0.00002
32.00000,3.01194,0.99986,0.00009,0.00003,0.00002
32.20000,3.01194,0.99986,0.00008,0.00004,0.00002
32.40000,3.01194,0.99985,0.00009,0.00004,0.00002
32.60000,3.01194,0.99984,0.00011,0.00004,0.00002
32.80000,3.01194,0.99984,0.00011,0.00003,0.00002
33.00000,3.01194,0.99984,0.00011,0.00003,0.00002
33.20000,3.01194,0.99987,0.00009,0.00003,0.00002
33.40000,3.01194,0.99981,0.00014,0.00004,0.00002
33.60000,3.01194,0.99984,0.00011,0.00004,0.00002
33.80000,3.01194,0.99986,0.00009,0.00003,0.00002
34.00000,3.01194,0.99985,0.00009,0.00004,0.00002
34.20000,3.01194,0.99983,0.00011,0.00004,0.00002
34.40000,3.01194,0.99980,0.00014,0.00003,0.00002
34.60000,3.01194,0.99987,0.00008,0.00004,0.00002
34.80000,3.01194,0.99987,0.00008,0.00003,0.00002
35.00000,3.01194,0.99983,0.00012,0.00004,0.00002
35.20000,3.01194,0.99987,0.00007,0.00003,0.00002
35.40000,3.01194,0.99985,0.00010,0.00003,0.00002
35.60000,3.01194,0.99985,0.00010,0.00004,0.00002
35.80000,3.01194,0.99979,0.00015,0.00004,0.00002
36.00000,3.01194,0.99984,0.00011,0.00004,0.00002
36.20000,3.01194,0.99986,0.00009,0.00003,0.00002
36.40000,3.01194,0.99988,0.00007,0.00003,0.00002
36.60000,3.01194,0.99988,0.00007,0.00003,0.00002
36.80000,3.01194,0.99986,0.00010,0.00003,0.00002
37.00000,3.01194,0.99988,0.00007,0.00003,0.00002
37.20000,3.01194,0.99985,0.00010,0.00003,0.00002
37.40000,3.01194,0.99987,0.00009,0.00003,0.00002
37.60000,3.01194,0.99987,0.00008,0.00003,0.00002
37.80000,3.01194,0.99981,0.00013,0.00004,0.00002
38.00000,3.01194,0.99988,0.00007,0.00003,0.00002
38.20000,3.01194,0.99989,0.00006,0.00003,0.00002
38.40000,3.01194,0.99981,0.00014,0.00003,0.00002
38.60000,3.01194,0.99988,0.00007,0.00003,0.00001
38.80000,3.01194,0.99987,0.00009,0.00003,0.00002
39.00000,3.01194,0.99984,0.00010,0.00004,0.00002
39.20000,3.01194,0.99985,0.00010,0.00004,0.00002
39.40000,3.01194,0.99988,0.00008,0.00003,0.00002
39.60000,3.01194,0.99989,0.00006,0.00003,0.00002
39.80000,3.01194,0.99989,0.00006,0.00003,0.00002
40.00000,3.01194,0.99986,0.00009,0.00003,0.00002
40.20000,3.01194,0.99985,0.00010,0.00003,0.00002
40.40000,3.01194,0.99985,0.00010,0.00003,0.00002
40.60000,3.01194,0.99987,0.00008,0.00003,0.00001
40.80000,3.01194,0.99987,0.00008,0.00003,0.00002
41.00000,3.01194,0.99988,0.00007,0.00003,0.00002
41.20000,3.01194,0.99983,0.00011,0.00004,0.00002
41.40000,3.01194,0.99988,0.00008,0.00003,0.00001
41.60000,3.01194,0.99989,0.00007,0.00003,0.00002
41.80000,3.01194,0.99988,0.00007,0.00003,0.00002
42.00000,3.01194,0.99988,0.00008,0.00003,0.00001
42.20000,3.01194,0.99989,0.00007,0.00003,0.00001
42.40000,3.01194,0.99990,0.00005,0.00003,0.00002
42.60000,3.01194,0.99989,0.00006,0.00003,0.00002
42.80000,3.01194,0.99989,0.00007,0.00003,0.00001
43.00000,3.01194,0.99989,0.00007,0.00003,0.00001
43.20000,3.01194,0.99989,0.00006,0.00003,0.00002
43.40000,3.01194,0.99988,0.00007,0.00003,0.00001
43.60000,3.01194,0.99986,0.00008,0.00004,0.00002
43.80000,3.01194,0.99987,0.00008,0.00003,0.00002
44.00000,3.01194,0.99990,0.00006,0.00003,0.00001
44.20000,3.01194,0.99990,0.00005,0.00003,0.00002
44.40000,3.01194,0.99986,0.00009,0.00003,0.00002
44.60000,3.01194,0.99986,0.00009,0.00004,0.00002
44.80000,3.01194,0.99984,0.00010,0.00004,0.00002
45.00000,3.01194,0.99989,0.00006,0.00003,0.00002
45.20000,3.01194,0.99988,0.00007,0.00003,0.00002
45.40000,3.01194,0.99989,0.00006,0.00003,0.00002
45.60000,3.01194,0.99987,0.00009,0.00003,0.00002
45.80000,3.01194,0.99984,0.00010,0.00004,0.00002
46.00000,3.01194,0.99985,0.00010,0.00003,0.00002
46.20000,3.01194,0.99985,0.00010,0.00003,0.00002
46.40000,3.01194,0.99985,0.00009,0.00004,0.00002
46.60000,3.01194,0.99987,0.00008,0.00003,0.00002
46.80000,3.01194,0.99986,0.00008,0.00003,0.00002
47.00000,3.01194,0.99986,0.00008,0.00004,0.00002
47.20000,3.01194,0.99988,0.00007,0.00003,0.00002
47.40000,3.01194,0.99985,0.00009,0.00003,0.00002
47.60000,3.01194,0.99982,0.00012,0.00004,0.00002
47.80000,3.01194,0.99991,0.00005,0.00003,0.00002
48.00000,3.01194,0.99982,0.00013,0.00004,0.00002
48.20000,3.01194,0.99988,0.00007,0.00003,0.00002
48.40000,3.01194,0.99987,0.00008,0.00003,0.00002
48.60000,3.01194,0.99985,0.00010,0.00003,0.00002
48.80000,3.01194,0.99982,0.00013,0.00004,0.00002
49.00000,3.01194,0.99979,0.00016,0.00003,0.00002
49.20000,3.01194,0.99972,0.00022,0.00004,0.00002
49.40000,3.01194,0.99989,0.00007,0.00003,0.00001
49.60000,3.01194,0.99989,0.00006,0.00003,0.00002
49.80000,3.01194,0.99980,0.00014,0.00004,0.00002
50.00000,3.01194,0.99989,0.00007,0.00003,0.00001
50.20000,3.01194,0.99991,0.00005,0.00003,0.00001
50.40000,3.01194,0.99984,0.00011,0.00003,0.00002
50.60000,3.01194,0.99991,0.00005,0.00003,0.00001
50.80000,3.01194,0.99988,0.00007,0.00003,0.00002
51.00000,3.01194,0.99990,0.00006,0.00003,0.00002
51.20000,3.01194,0.99989,0.00006,0.00003,0.00002
51.40000,3.01194,0.99989,0.00007,0.00003,0.00002
51.60000,3.01194,0.99985,0.00010,0.00003,0.00002
51.80000,3.01194,0.99983,0.00011,0.00004,0.00002
52.00000,3.01194,0.99984,0.00011,0.00003,0.00001
52.20000,3.01194,0.99987,0.00008,0.00003,0.00002
52.40000,3.01194,0.99988,0.00007,0.00003,0.00002
52.60000,3.01194,0.99986,0.00009,0.00004,0.00001
52.80000,3.01194,0.99983,0.00012,0.00003,0.00002
53.00000,3.01194,0.99986,0.00009,0.00003,0.00002
53.20000,3.01194,0.99991,0.00005,0.00003,0.00001
53.40000,3.01194,0.99990,0.00006,0.00003,0.00001
53.60000,3.01194,0.99987,0.00008,0.00003,0.00002
53.80000,3.01194,0.99989,0.00006,0.00003,0.00002
54.00000,3.01194,0.99985,0.00011,0.00003,0.00002
54.20000,3.01194,0.99986,0.00009,0.00003,0.00002
54.40000,3.01194,0.99983,0.00012,0.00003,0.00002
54.60000,3.01194,0.99976,0.00018,0.00004,0.00002
54.80000,3.01194,0.99986,0.00009,0.00003,0.00002
55.00000,3.01194,0.99983,0.00012,0.00003,0.00002
55.20000,3.01194,0.99983,0.00012,0.00004,0.00002
55.40000,3.01194,0.99985,0.00010,0.00003,0.00002
55.60000,3.01194,0.99988,0.00007,0.00003,0.00001
55.80000,3.01194,0.99985,0.00010,0.00003,0.00002
56.00000,3.01194,0.99984,0.00010,0.00004,0.00002
56.20000,3.01194,0.99988,0.00007,0.00003,0.00002
56.40000,3.01194,0.99981,0.00014,0.00004,0.00002
56.60000,3.01194,0.99982,0.00012,0.00004,0.00002
56.80000,3.01194,0.99989,0.00007,0.00003,0.00002
57.00000,3.01194,0.99984,0.00011,0.00003,0.00002
57.20000,3.01194,0.99984,0.00011,0.00004,0.00002
57.40000,3.01194,0.99983,0.00012,0.00003,0.00002
57.60000,3.01194,0.99988,0.00006,0.00003,0.00002
57.80000,3.01194,0.99985,0.00010,0.00003,0.00002
58.00000,3.01194,0.99990,0.00006,0.00003,0.00001
58.20000,3.01194,0.99990,0.00006,0.00003,0.00002
58.40000,3.01194,0.99987,0.00009,0.00003,0.00002
58.60000,3.01194,0.99989,0.00006,0.00003,0.00001
58.80000,3.01194,0.99984,0.00011,0.00004,0.00002
59.00000,3.01194,0.99991,0.00005,0.00003,0.00001
59.20000,3.01194,0.99991,0.00005,0.00003,0.00001
59.40000,3.01194,0.99988,0.00007,0.00003,0.00002
59.60000,3.01194,0.99987,0.00008,0.00003,0.00002
59.80000,3.01194,0.99984,0.00011,0.00004,0.00002
60.00000,3.01194,0.99990,0.00006,0.00003,0.00001
60.20000,3.01194,0.99992,0.00004,0.00003,0.00001
60.40000,3.01194,0.99988,0.00007,0.00003,0.00002
60.60000,3.01194,0.99982,0.00012,0.00004,0.00002
60.80000,3.01194,0.99988,0.00008,0.00003,0.00002
61.00000,3.01194,0.99988,0.00008,0.00003,0.00002
61.20000,3.01194,0.99988,0.00007,0.00003,0.00002
61.40000,3.01193,0.99988,0.00007,0.00003,0.00002
61.60000,3.01194,0.99987,0.00008,0.00003,0.00002
61.80000,3.01194,0.99984,0.00011,0.00004,0.00002
62.00000,3.01194,0.99982,0.00013,0.00003,0.00002
62.20000,3.01194,0.99987,0.00009,0.00003,0.00002
62.40000,3.01193,0.99987,0.00008,0.00003,0.00002
62.60000,3.01194,0.99985,0.00009,0.00004,0.00002
62.80000,3.01194,0.99984,0.00010,0.00004,0.00002
63.00000,3.01194,0.99983,0.00012,0.00004,0.00002
63.20000,3.01194,0.99988,0.00007,0.00003,0.00002
63.40000,3.01193,0.99989,0.00006,0.00003,0.00002
63.60000,3.01194,0.99989,0.00005,0.00004,0.00002
63.80000,3.01194,0.99982,0.00013,0.00003,0.00002
64.00000,3.01194,0.99982,0.00012,0.00003,0.00002
64.20000,3.01194,0.99988,0.00007,0.00003,0.00002
64.40000,3.01193,0.99984,0.00011,0.00004,0.00002
64.60000,3.01194,0.99986,0.00009,0.00004,0.00002
64.80000,3.01193,0.99985,0.00010,0.00004,0.00002
65.00000,3.01194,0.99986,0.00008,0.00003,0.00002
65.20000,3.01194,0.99982,0.00012,0.00004,0.00002
65.40000,3.01193,0.99985,0.00009,0.00004,0.00002
65.60000,3.01194,0.99984,0.00011,0.00004,0.00002
65.80000,3.01193,0.99984,0.00011,0.00004,0.00002
66.00000,3.01194,0.99985,0.00010,0.00003,0.00002
66.20000,3.01194,0.99981,0.00013,0.00004,0.00002
66.40000,3.01193,0.99975,0.00018,0.00004,0.00002
66.60000,3.01194,0.99987,0.00008,0.00003,0.00002
66.80000,3.01193,0.99977,0.00017,0.00004,0.00002
67.00000,3.01194,0.99986,0.00008,0.00003,0.00002
67.20000,3.01194,0.99987,0.00008,0.00003,0.00002
67.40000,3.01193,0.99978,0.00016,0.00004,0.00002
67.60000,3.01194,0.99976,0.00017,0.00004,0.00002
67.80000,3.01193,0.99978,0.00016,0.00004,0.00002
68.00000,3.01194,0.99983,0.00012,0.00003,0.00002
68.20000,3.01194,0.99978,0.00016,0.00004,0.00002
68.40000,3.01193,0.99984,0.00011,0.00003,0.00002
68.60000,3.01194,0.99977,0.00016,0.00004,0.00002
68.80000,3.01193,0.99979,0.00016,0.00004,0.00002
69.00000,3.01194,0.99980,0.00014,0.00004,0.00002
69.20000,3.01194,0.99986,0.00008,0.00004,0.00002
69.40000,3.01193,0.99983,0.00012,0.00003,0.00002
69.60000,3.01194,0.99982,0.00012,0.00004,0.00002
69.80000,3.01193,0.99977,0.00017,0.00004,0.00002
70.00000,3.01194,0.99984,0.00011,0.00003,0.00002
70.20000,3.01194,0.99979,0.00014,0.00004,0.00002
70.40000,3.01193,0.99980,0.00014,0.00004,0.00002
70.60000,3.01194,0.99985,0.00010,0.00004,0.00002
70.80000,3.01193,0.99975,0.00019,0.00005,0.00002
71.00000,3.01194,0.99975,0.00018,0.00004,0.00002
71.20000,3.01194,0.99979,0.00014,0.00004,0.00002
71.40000,3.01193,0.99987,0.00008,0.00003,0.00002
71.60000,3.01194,0.99984,0.00010,0.00004,0.00002
71.80000,3.01193,0.99978,0.00016,0.00004,0.00002
72.00000,3.01194,0.99985,0.00010,0.00003,0.00002
72.20000,3.01194,0.99980,0.00014,0.00004,0.00002
72.40000,3.01193,0.99983,0.00012,0.00004,0.00002
72.60000,3.01194,0.99976,0.00017,0.00004,0.00002
72.80000,3.01193,0.99975,0.00018,0.00004,0.00002
73.00000,3.01194,0.99983,0.00012,0.00003,0.00002
73.20000,3.01194,0.99984,0.00011,0.00004,0.00002
73.40000,3.01193,0.99984,0.00011,0.00004,0.00002
73.60000,3.01194,0.99982,0.00012,0.00004,0.00002
73.80000,3.01193,0.99977,0.00017,0.00004,0.00002
74.00000,3.01194,0.99982,0.00012,0.00004,0.00002
74.20000,3.01194,0.99986,0.00009,0.00003,0.00002
74.40000,3.01193,0.99984,0.00010,0.00004,0.00002
74.60000,3.01194,0.99979,0.00015,0.00004,0.00002
74.80000,3.01193,0.99982,0.00013,0.00004,0.00002
75.00000,3.01194,0.99979,0.00014,0.00004,0.00002
75.20000,3.01194,0.99979,0.00015,0.00004,0.00002
75.40000,3.01193,0.99978,0.00016,0.00004,0.00002
75.60000,3.01194,0.99984,0.00010,0.00004,0.00002
75.80000,3.01193,0.99980,0.00014,0.00004,0.00002
76.00000,3.01194,0.99984,0.00011,0.00004,0.00002
76.20000,3.01194,0.99981,0.00013,0.00004,0.00002
76.40000,3.01193,0.99982,0.00012,0.00004,0.00002
76.60000,3.01194,0.99977,0.00016,0.00004,0.00002
76.80000,3.01193,0.99983,0.00012,0.00003,0.00002
77.00000,3.01194,0.99983,0.00012,0.00004,0.00002
77.20000,3.01194,0.99979,0.00015,0.00004,0.00002
77.40000,3.01193,0.99978,0.00016,0.00004,0.00002
77.60000,3.01194,0.99976,0.00017,0.00004,0.00002
77.80000,3.01193,0.99980,0.00014,0.00004,0.00002
78.00000,3.01194,0.99984,0.00011,0.00004,0.00002
78.20000,3.01194,0.99986,0.00009,0.00004,0.00002
78.40000,3.01193,0.99982,0.00012,0.00004,0.00002
78.60000,3.01194,0.99976,0.00018,0.00004,0.00002
78.80000,3.01193,0.99972,0.00022,0.00004,0.00002
79.00000,3.01194,0.99987,0.00008,0.00003,0.00002
79.20000,3.01194,0.99981,0.00013,0.00004,0.00002
79.40000,3.01193,0.99976,0.00017,0.00004,0.00002
79.60000,3.01194,0.99982,0.00013,0.00004,0.00002
79.80000,3.01193,0.99976,0.00017,0.00004,0.00002
80.00000,3.01194,0.99977,0.00017,0.00004,0.00002
80.20000,3.01194,0.99982,0.00012,0.00004,0.00002
80.40000,3.01193,0.99979,0.00015,0.00004,0.00002
80.60000,3.01194,0.99980,0.00014,0.00004,0.00002
80.80000,3.01193,0.99970,0.00023,0.00005,0.00002
81.00000,3.01194,0.99978,0.00016,0.00004,0.00002
81.20000,3.01194,0.99981,0.00012,0.00004,0.00002
81.40000,3.01193,0.99982,0.00012,0.00004,0.00002
81.60000,3.01194,0.99979,0.00015,0.00004,0.00002
81.80000,3.01193,0.99965,0.00028,0.00004,0.00002
82.00000,3.01194,0.99980,0.00013,0.00004,0.00002
82.20000,3.01194,0.99977,0.00016,0.00004,0.00003
82.40000,3.01193,0.99981,0.00013,0.00004,0.00002
82.60000,3.01194,0.99976,0.00018,0.00004,0.00002
82.80000,3.01193,0.99978,0.00016,0.00004,0.00002
83.00000,3.01194,0.99980,0.00015,0.00003,0.00002
83.20000,3.01194,0.99982,0.00013,0.00004,0.00002
83.40000,3.01193,0.99983,0.00011,0.00004,0.00002
83.60000,3.01194,0.99983,0.00011,0.00004,0.00002
83.80000,3.01193,0.99984,0.00011,0.00004,0.00002
84.00000,3.01194,0.99986,0.00009,0.00003,0.00002
84.20000,3.01194,0.99988,0.00008,0.00003,0.00002
84.40000,3.01193,0.99978,0.00017,0.00004,0.00002
84.60000,3.01194,0.99974,0.00021,0.00004,0.00002
84.80000,3.01193,0.99980,0.00015,0.00003,0.00002
85.00000,3.01194,0.99986,0.00010,0.00003,0.00001
85.20000,3.01194,0.99987,0.00008,0.00003,0.00002
85.40000,3.01193,0.99985,0.00010,0.00003,0.00002
85.60000,3.01194,0.99985,0.00009,0.00004,0.00002
85.80000,3.01193,0.99983,0.00012,0.00003,0.00002
86.00000,3.01194,0.99982,0.00013,0.00004,0.00002
86.20000,3.01194,0.99983,0.00011,0.00004,0.00002
86.40000,3.01193,0.99983,0.00011,0.00004,0.00002
86.60000,3.01194,0.99987,0.00008,0.00004,0.00002
86.80000,3.01193,0.99981,0.00014,0.00004,0.00002
87.00000,3.01194,0.99980,0.00014,0.00004,0.00002
87.20000,3.01194,0.99982,0.00012,0.00004,0.00002
87.40000,3.01193,0.99981,0.00013,0.00004,0.00002
87.60000,3.01194,0.99983,0.00012,0.00004,0.00002
87.80000,3.01193,0.99972,0.00021,0.00005,0.00002
88.00000,3.01194,0.99987,0.00008,0.00003,0.00002
88.20000,3.01194,0.99983,0.00012,0.00003,0.00002
88.40000,3.01193,0.99982,0.00012,0.00004,0.00002
88.60000,3.01194,0.99978,0.00015,0.00004,0.00002
88.80000,3.01193,0.99980,0.00015,0.00004,0.00002
89.00000,3.01194,0.99982,0.00012,0.00004,0.00002
89.20000,3.01194,0.99986,0.00009,0.00003,0.00002
89.40000,3.01193,0.99984,0.00011,0.00003,0.00002
89.60000,3.01194,0.99979,0.00014,0.00004,0.00002
89.80000,3.01193,0.99975,0.00019,0.00004,0.00002
90.00000,3.01194,0.99984,0.00011,0.00004,0.00002
90.20000,3.01194,0.99983,0.00011,0.00004,0.00002
90.40000,3.01193,0.99985,0.00010,0.00003,0.00002
90.60000,3.01194,0.99979,0.00015,0.00004,0.00002
90.80000,3.01193,0.99980,0.00014,0.00004,0.00002
91.00000,3.01194,0.99982,0.00013,0.00003,0.00002
91.20000,3.01194,0.99981,0.00013,0.00004,0.00002
91.40000,3.01193,0.99979,0.00015,0.00004,0.00002
91.60000,3.01194,0.99988,0.00008,0.00003,0.00001
91.80000,3.01193,0.99976,0.00018,0.00004,0.00002
92.00000,3.01194,0.99982,0.00013,0.00003,0.00002
92.20000,3.01194,0.99980,0.00014,0.00004,0.00002
92.40000,3.01193,0.99979,0.00015,0.00004,0.00002
92.60000,3.01194,0.99977,0.00017,0.00004,0.00002
92.80000,3.01193,0.99979,0.00016,0.00004,0.00002
93.00000,3.01194,0.99969,0.00024,0.00004,0.00002
93.20000,3.01194,0.99980,0.00014,0.00004,0.00002
93.40000,3.01193,0.99974,0.00019,0.00004,0.00002
93.60000,3.01194,0.99968,0.00025,0.00005,0.00002
93.80000,3.01193,0.99977,0.00017,0.00004,0.00002
94.00000,3.01194,0.99984,0.00010,0.00004,0.00002
94.20000,3.01194,0.99983,0.00011,0.00004,0.00002
94.40000,3.01193,0.99984,0.00011,0.00004,0.00002
94.60000,3.01194,0.99976,0.00017,0.00004,0.00003
94.80000,3.01193,0.99973,0.00020,0.00004,0.00003
95.00000,3.01194,0.99970,0.00023,0.00004,0.00003
95.20000,3.01194,0.99969,0.00024,0.00005,0.00003
95.40000,3.01193,0.99973,0.00020,0.00004,0.00002
95.60000,3.01194,0.99970,0.00023,0.00005,0.00002
95.80000,3.01193,0.99969,0.00024,0.00005,0.00002
96.00000,3.01194,0.99969,0.00025,0.00004,0.00002
96.20000,3.01194,0.99981,0.00013,0.00004,0.00002
96.40000,3.01193,0.99971,0.00023,0.00004,0.00002
96.60000,3.01194,0.99979,0.00015,0.00004,0.00002
96.80000,3.01193,0.99975,0.00019,0.00004,0.00002
97.00000,3.01194,0.99982,0.00012,0.00004,0.00002
97.20000,3.01194,0.99982,0.00011,0.00004,0.00002
97.40000,3.01193,0.99974,0.00021,0.00004,0.00002
97.60000,3.01194,0.99977,0.00016,0.00005,0.00002
97.80000,3.01193,0.99977,0.00016,0.00004,0.00002
98.00000,3.01194,0.99980,0.00015,0.00003,0.00002
98.20000,3.01194,0.99982,0.00012,0.00004,0.00002
98.40000,3.01193,0.99974,0.00020,0.00004,0.00002
98.60000,3.01194,0.99985,0.00009,0.00004,0.00002
98.80000,3.01193,0.99970,0.00023,0.00005,0.00003
99.00000,3.01194,0.99981,0.00013,0.00004,0.00002
99.20000,3.01194,0.99975,0.00019,0.00004,0.00002
99.40000,3.01193,0.99975,0.00018,0.00004,0.00002
99.60000,3.01194,0.99981,0.00014,0.00004,0.00002
99.80000,3.01193,0.99979,0.00015,0.00004,0.00002
100.00000,3.01194,0.99983,0.00011,0.00004,0.00002
100.20000,3.01194,0.99983,0.00011,0.00004,0.00002
100.40000,3.01193,0.99982,0.00012,0.00004,0.00002
100.60000,3.01194,0.99985,0.00009,0.00004,0.00002
100.80000,3.01193,0.99983,0.00012,0.00003,0.00002
101.00000,3.01194,0.99978,0.00016,0.00004,0.00002
101.20000,3.01194,0.99975,0.00019,0.00004,0.00002
101.40000,3.01193,0.99980,0.00015,0.00003,0.00002
101.60000,3.01194,0.99978,0.00015,0.00004,0.00002
101.80000,3.01193,0.99983,0.00012,0.00004,0.00002
102.00000,3.01194,0.99984,0.00011,0.00003,0.00001
102.20000,3.01194,0.99982,0.00013,0.00004,0.00002
102.40000,3.01193,0.99986,0.00009,0.00003,0.00002
102.60000,3.01194,0.99986,0.00009,0.00003,0.00002
102.80000,3.01193,0.99982,0.00012,0.00004,0.00002
103.00000,3.01194,0.99982,0.00013,0.00004,0.00002
103.20000,3.01194,0.99984,0.00011,0.00003,0.00002
103.40000,3.01193,0.99979,0.00014,0.00004,0.00002
103.60000,3.01194,0.99978,0.00015,0.00004,0.00002
103.80000,3.01193,0.99982,0.00012,0.00004,0.00002
104.00000,3.01194,0.99976,0.00018,0.00004,0.00002
104.20000,3.01194,0.99975,0.00018,0.00004,0.00002
104.40000,3.01193,0.99978,0.00016,0.00004,0.00002
104.60000,3.01194,0.99982,0.00011,0.00005,0.00002
104.80000,3.01193,0.99978,0.00015,0.00004,0.00002
105.00000,3.01194,0.99984,0.00011,0.00003,0.00002
105.20000,3.01194,0.99985,0.00009,0.00004,0.00002
105.40000,3.01193,0.99983,0.00012,0.00003,0.00002
105.60000,3.01194,0.99978,0.00016,0.00004,0.00002
105.80000,3.01193,0.99969,0.00024,0.00005,0.00003
106.00000,3.01194,0.99983,0.00012,0.00004,0.00002
106.20000,3.01194,0.99984,0.00011,0.00004,0.00002
106.40000,3.01193,0.99974,0.00020,0.00004,0.00002
106.60000,3.01194,0.99979,0.00015,0.00004,0.00002
106.80000,3.01193,0.99972,0.00022,0.00004,0.00002
107.00000,3.01194,0.99983,0.00011,0.00004,0.00002
107.20000,3.01194,0.99984,0.00010,0.00004,0.00002
107.40000,3.01193,0.99984,0.00011,0.00004,0.00002
107.60000,3.01194,0.99984,0.00010,0.00004,0.00002
107.80000,3.01193,0.99979,0.00015,0.00004,0.00002
108.00000,3.01194,0.99979,0.00015,0.00004,0.00002
108.20000,3.01194,0.99976,0.00017,0.00004,0.00002
108.40000,3.01193,0.99985,0.00010,0.00003,0.00002
108.60000,3.01194,0.99981,0.00012,0.00004,0.00002
108.80000,3.01193,0.99981,0.00013,0.00004,0.00002
109.00000,3.01194,0.99978,0.00016,0.00004,0.00002
109.20000,3.01194,0.99977,0.00017,0.00004,0.00002
109.40000,3.01193,0.99968,0.00025,0.00004,0.00002
109.60000,3.01194,0.99981,0.00014,0.00004,0.00002
109.80000,3.01193,0.99980,0.00014,0.00005,0.00002
110.00000,3.01194,0.99986,0.00009,0.00004,0.00002
110.20000,3.01194,0.99980,0.00014,0.00004,0.00002
110.40000,3.01193,0.99985,0.00009,0.00004,0.00002
110.60000,3.01194,0.99983,0.00011,0.00004,0.00002
110.80000,3.01193,0.99975,0.00019,0.00004,0.00002
111.00000,3.01194,0.99984,0.00011,0.00004,0.00002
111.20000,3.01194,0.99983,0.00012,0.00004,0.00002
111.40000,3.01193,0.99975,0.00019,0.00004,0.00002
111.60000,3.01194,0.99982,0.00012,0.00004,0.00002
111.80000,3.01193,0.99980,0.00014,0.00004,0.00002
112.00000,3.01194,0.99979,0.00014,0.00004,0.00002
112.20000,3.01194,0.99981,0.00013,0.00004,0.00002
112.40000,3.01193,0.99984,0.00011,0.00003,0.00002
112.60000,3.01194,0.99981,0.00013,0.00004,0.00002
112.80000,3.01193,0.99981,0.00013,0.00004,0.00002
113.00000,3.01194,0.99986,0.00009,0.00003,0.00002
113.20000,3.01194,0.99975,0.00018,0.00005,0.00003
113.40000,3.01193,0.99984,0.00011,0.00003,0.00002
113.60000,3.01194,0.99981,0.00014,0.00004,0.00002
113.80000,3.01193,0.99979,0.00015,0.00004,0.00002
114.00000,3.01194,0.99986,0.00009,0.00004,0.00002
114.20000,3.01194,0.99987,0.00008,0.00003,0.00002
114.40000,3.01193,0.99981,0.00013,0.00004,0.00002
114.60000,3.01194,0.99987,0.00007,0.00004,0.00002
114.80000,3.01193,0.99981,0.00013,0.00004,0.00002
115.00000,3.01194,0.99982,0.00012,0.00004,0.00002
115.20000,3.01194,0.99984,0.00011,0.00003,0.00002
115.40000,3.01193,0.99987,0.00008,0.00003,0.00002
115.60000,3.01194,0.99979,0.00015,0.00004,0.00002
115.80000,3.01193,0.99981,0.00013,0.00004,0.00002
116.00000,3.01194,0.99979,0.00015,0.00004,0.00002
116.20000,3.01194,0.99986,0.00008,0.00004,0.00002
116.40000,3.01193,0.99981,0.00013,0.00004,0.00002
116.60000,3.01194,0.99981,0.00013,0.00004,0.00002
116.80000,3.01193,0.99984,0.00010,0.00004,0.00002
117.00000,3.01194,0.99985,0.00010,0.00003,0.00002
117.20000,3.01194,0.99982,0.00012,0.00004,0.00002
117.40000,3.01193,0.99982,0.00012,0.00003,0.00002
117.60000,3.01194,0.99981,0.00013,0.00004,0.00002
117.80000,3.01193,0.99986,0.00009,0.00004,0.00002
118.00000,3.01194,0.99981,0.00013,0.00004,0.00002
118.20000,3.01194,0.99981,0.00013,0.00004,0.00002
118.40000,3.01193,0.99982,0.00012,0.00004,0.00002
118.60000,3.01194,0.99983,0.00011,0.00004,0.00002
118.80000,3.01193,0.99981,0.00014,0.00004,0.00002
119.00000,3.01194,0.99989,0.00007,0.00003,0.00002
119.20000,3.01194,0.99985,0.00010,0.00004,0.00002
119.40000,3.01193,0.99976,0.00018,0.00004,0.00002
119.60000,3.01194,0.99982,0.00012,0.00004,0.00002
119.80000,3.01193,0.99979,0.00015,0.00004,0.00002
120.00000,3.01194,0.99982,0.00012,0.00004,0.00002
120.20000,3.01194,0.99986,0.00009,0.00003,0.00002
120.40000,3.01193,0.99974,0.00020,0.00004,0.00002
120.60000,3.01194,0.99980,0.00014,0.00004,0.00002
120.80000,3.01193,0.99982,0.00012,0.00004,0.00002
121.00000,3.01194,0.99981,0.00013,0.00004,0.00002
121.20000,3.01194,0.99986,0.00009,0.00003,0.00002
121.40000,3.01193,0.99978,0.00016,0.00004,0.00002
121.60000,3.01194,0.99982,0.00013,0.00004,0.00002
121.80000,3.01193,0.99977,0.00018,0.00004,0.00002
122.00000,3.01194,0.99981,0.00013,0.00004,0.00002
122.20000,3.01194,0.99981,0.00013,0.00004,0.00002
122.40000,3.01193,0.99985,0.00010,0.00003,0.00002
122.60000,3.01194,0.99977,0.00017,0.00005,0.00002
122.80000,3.01193,0.99965,0.00029,0.00004,0.00002
123.00000,3.01194,0.99977,0.00018,0.00004,0.00002
123.20000,3.01194,0.99980,0.00014,0.00004,0.00002
123.40000,3.01193,0.99982,0.00011,0.00004,0.00002
123.60000,3.01194,0.99981,0.00013,0.00004,0.00002
123.80000,3.01193,0.99975,0.00019,0.00004,0.00002
124.00000,3.01194,0.99984,0.00010,0.00004,0.00002
124.20000,3.01194,0.99979,0.00015,0.00004,0.00002
124.40000,3.01193,0.99981,0.00013,0.00004,0.00002
124.60000,3.01194,0.99976,0.00018,0.00004,0.00002
124.80000,3.01193,0.99978,0.00016,0.00004,0.00002
125.00000,3.01193,0.99981,0.00014,0.00004,0.00002
125.20000,3.01195,0.99966,0.00026,0.00005,0.00003
125.40000,3.01194,0.99973,0.00021,0.00004,0.00002
125.60000,3.01194,0.99975,0.00018,0.00004,0.00002
125.80000,3.01193,0.99973,0.00021,0.00004,0.00002
126.00000,3.01193,0.99981,0.00014,0.00004,0.00002
126.20000,3.01195,0.99985,0.00010,0.00004,0.00002
126.40000,3.01194,0.99976,0.00018,0.00004,0.00002
126.60000,3.01194,0.99980,0.00014,0.00004,0.00002
126.80000,3.01193,0.99980,0.00014,0.00004,0.00002
127.00000,3.01193,0.99985,0.00010,0.00003,0.00002
127.20000,3.01195,0.99985,0.00010,0.00003,0.00002
127.40000,3.01194,0.99976,0.00018,0.00004,0.00002
127.60000,3.01194,0.99982,0.00013,0.00004,0.00002
127.80000,3.01193,0.99980,0.00014,0.00004,0.00002
128.00000,3.01193,0.99978,0.00017,0.00004,0.00002
128.20000,3.01195,0.99983,0.00011,0.00004,0.00002
128.39999,3.01195,0.99980,0.00015,0.00004,0.00002
128.60001,3.01193,0.99985,0.00009,0.00003,0.00002
128.80000,3.01193,0.99972,0.00022,0.00004,0.00002
129.00000,3.01193,0.99984,0.00010,0.00004,0.00002
129.20000,3.01195,0.99978,0.00016,0.00004,0.00002
129.39999,3.01195,0.99972,0.00021,0.00004,0.00002
129.60001,3.01193,0.99982,0.00012,0.00004,0.00002
129.80000,3.01193,0.99976,0.00017,0.00004,0.00002
130.00000,3.01193,0.99977,0.00017,0.00004,0.00002
130.20000,3.01195,0.99983,0.00011,0.00004,0.00002
130.39999,3.01195,0.99982,0.00012,0.00004,0.00002
130.60001,3.01193,0.99976,0.00018,0.00004,0.00002
130.80000,3.01193,0.99985,0.00009,0.00004,0.00002
131.00000,3.01193,0.99973,0.00020,0.00005,0.00002
131.20000,3.01195,0.99974,0.00020,0.00004,0.00002
131.39999,3.01195,0.99977,0.00017,0.00004,0.00002
131.60001,3.01193,0.99971,0.00022,0.00005,0.00003
131.80000,3.01193,0.99974,0.00020,0.00004,0.00002
132.00000,3.01193,0.99975,0.00019,0.00004,0.00002
132.20000,3.01195,0.99980,0.00013,0.00004,0.00002
132.39999,3.01195,0.99984,0.00011,0.00003,0.00002
132.60001,3.01193,0.99982,0.00012,0.00004,0.00002
132.80000,3.01193,0.99975,0.00019,0.00004,0.00002
133.00000,3.01193,0.99979,0.00016,0.00004,0.00002
133.20000,3.01195,0.99982,0.00011,0.00004,0.00003
133.39999,3.01195,0.99970,0.00024,0.00004,0.00003
133.60001,3.01193,0.99979,0.00015,0.00004,0.00002
133.80000,3.01193,0.99976,0.00017,0.00005,0.00003
134.00000,3.01193,0.99981,0.00014,0.00004,0.00002
134.20000,3.01195,0.99984,0.00011,0.00004,0.00002
134.39999,3.01195,0.99974,0.00019,0.00004,0.00003
134.60001,3.01193,0.99976,0.00018,0.00004,0.00002
134.80000,3.01193,0.99980,0.00014,0.00004,0.00002
135.00000,3.01193,0.99973,0.00021,0.00004,0.00002
135.20000,3.01195,0.99981,0.00014,0.00003,0.00002
135.39999,3.01195,0.99970,0.00023,0.00004,0.00002
135.60001,3.01193,0.99957,0.00035,0.00005,0.00002
135.80000,3.01193,0.99966,0.00027,0.00005,0.00002
136.00000,3.01193,0.99974,0.00020,0.00004,0.00002
136.20000,3.01195,0.99985,0.00010,0.00004,0.00002
136.39999,3.01195,0.99979,0.00015,0.00004,0.00002
136.60001,3.01193,0.99987,0.00008,0.00004,0.00002
136.80000,3.01193,0.99980,0.00014,0.00004,0.00002
137.00000,3.01193,0.99979,0.00014,0.00004,0.00002
137.20000,3.01195,0.99978,0.00016,0.00004,0.00002
137.39999,3.01195,0.99975,0.00019,0.00004,0.00002
137.60001,3.01193,0.99971,0.00021,0.00005,0.00002
137.80000,3.01193,0.99976,0.00017,0.00004,0.00002
138.00000,3.01193,0.99959,0.00034,0.00004,0.00002
138.20000,3.01195,0.99971,0.00022,0.00005,0.00003
138.39999,3.01195,0.99970,0.00023,0.00004,0.00002
138.60001,3.01193,0.99986,0.00008,0.00004,0.00002
138.80000,3.01193,0.99987,0.00007,0.00004,0.00002
139.00000,3.01193,0.99986,0.00008,0.00004,0.00002
139.20000,3.01195,0.99976,0.00019,0.00004,0.00002
139.39999,3.01195,0.99972,0.00023,0.00004,0.00002
139.60001,3.01193,0.99984,0.00010,0.00004,0.00002
139.80000,3.01193,0.99972,0.00022,0.00004,0.00002
140.00000,3.01193,0.99981,0.00014,0.00004,0.00002
140.20000,3.01195,0.99983,0.00011,0.00004,0.00002
140.39999,3.01195,0.99984,0.00011,0.00003,0.00002
140.60001,3.01193,0.99978,0.00017,0.00004,0.00002
140.80000,3.01193,0.99976,0.00018,0.00004,0.00002
141.00000,3.01193,0.99981,0.00014,0.00004,0.00002
141.20000,3.01195,0.99989,0.00006,0.00003,0.00002
141.39999,3.01195,0.99978,0.00016,0.00004,0.00002
141.60001,3.01193,0.99975,0.00019,0.00004,0.00002
141.80000,3.01193,0.99971,0.00023,0.00004,0.00002
142.00000,3.01193,0.99983,0.00011,0.00004,0.00002
142.20000,3.01195,0.99974,0.00019,0.00004,0.00003
142.39999,3.01195,0.99980,0.00014,0.00004,0.00002
142.60001,3.01193,0.99976,0.00017,0.00005,0.00002
142.80000,3.01193,0.99982,0.00012,0.00003,0.00002
143.00000,3.01193,0.99983,0.00012,0.00004,0.00002
143.20000,3.01195,0.99972,0.00022,0.00004,0.00002
143.39999,3.01195,0.99968,0.00026,0.00004,0.00002
143.60001,3.01193,0.99975,0.00019,0.00004,0.00002
143.80000,3.01193,0.99974,0.00020,0.00004,0.00002
144.00000,3.01193,0.99979,0.00015,0.00004,0.00002
144.20000,3.01195,0.99980,0.00014,0.00004,0.00002
144.39999,3.01195,0.99983,0.00012,0.00003,0.00002
144.60001,3.01193,0.99985,0.00009,0.00004,0.00002
144.80000,3.01193,0.99965,0.00028,0.00005,0.00002
145.00000,3.01193,0.99982,0.00013,0.00003,0.00002
145.20000,3.01195,0.99978,0.00016,0.00004,0.00002
145.39999,3.01195,0.99985,0.00010,0.00004,0.00002
145.60001,3.01193,0.99972,0.00022,0.00004,0.00002
145.80000,3.01193,0.99970,0.00023,0.00005,0.00003
146.00000,3.01193,0.99972,0.00022,0.00004,0.00002
146.20000,3.01195,0.99986,0.00009,0.00003,0.00002
146.39999,3.01195,0.99985,0.00009,0.00003,0.00002
146.60001,3.01193,0.99974,0.00020,0.00004,0.00002
146.80000,3.01193,0.99976,0.00019,0.00004,0.00002
147.00000,3.01193,0.99977,0.00017,0.00004,0.00002
147.20000,3.01195,0.99979,0.00015,0.00004,0.00002
147.39999,3.01195,0.99981,0.00014,0.00003,0.00002
147.60001,3.01193,0.99975,0.00019,0.00004,0.00002
147.80000,3.01193,0.99976,0.00017,0.00004,0.00002
148.00000,3.01193,0.99979,0.00015,0.00004,0.00002
148.20000,3.01195,0.99981,0.00013,0.00004,0.00002
148.39999,3.01195,0.99980,0.00014,0.00004,0.00002
148.60001,3.01193,0.99978,0.00016,0.00004,0.00002
148.80000,3.01193,0.99980,0.00014,0.00004,0.00002
149.00000,3.01193,0.99976,0.00018,0.00004,0.00002
149.20000,3.01195,0.99980,0.00014,0.00004,0.00002
149.39999,3.01195,0.99984,0.00011,0.00004,0.00002
149.60001,3.01193,0.99980,0.00014,0.00004,0.00002
149.80000,3.01193,0.99977,0.00017,0.00004,0.00002
150.00000,3.01193,0.99981,0.00014,0.00004,0.00002
150.20000,3.01195,0.99980,0.00014,0.00004,0.00002
150.39999,3.01195,0.99980,0.00014,0.00004,0.00002
150.60001,3.01193,0.99968,0.00026,0.00004,0.00002
150.80000,3.01193,0.99973,0.00021,0.00004,0.00002
151.00000,3.01193,0.99975,0.00019,0.00004,0.00002
151.20000,3.01195,0.99964,0.00029,0.00005,0.00002
151.39999,3.01195,0.99980,0.00014,0.00004,0.00002
151.60001,3.01193,0.99982,0.00012,0.00004,0.00002
151.80000,3.01193,0.99977,0.00016,0.00005,0.00003
152.00000,3.01193,0.99983,0.00012,0.00004,0.00002
152.20000,3.01195,0.99985,0.00009,0.00004,0.00002
152.39999,3.01195,0.99980,0.00014,0.00004,0.00003
152.60001,3.01193,0.99975,0.00019,0.00004,0.00002
152.80000,3.01193,0.99974,0.00019,0.00004,0.00003
153.00000,3.01193,0.99971,0.00022,0.00004,0.00003
153.20000,3.01195,0.99973,0.00020,0.00004,0.00002
153.39999,3.01195,0.99969,0.00024,0.00005,0.00003
153.60001,3.01193,0.99965,0.00027,0.00005,0.00002
153.80000,3.01193,0.99983,0.00011,0.00004,0.00002
154.00000,3.01193,0.99975,0.00018,0.00005,0.00002
154.20000,3.01195,0.99982,0.00013,0.00003,0.00002
154.39999,3.01195,0.99978,0.00016,0.00004,0.00002
154.60001,3.01193,0.99985,0.00010,0.00004,0.00002
154.80000,3.01193,0.99980,0.00014,0.00004,0.00002
155.00000,3.01193,0.99980,0.00014,0.00004,0.00003
155.20000,3.01195,0.99984,0.00010,0.00004,0.00003
155.39999,3.01195,0.99986,0.00009,0.00004,0.00002
155.60001,3.01193,0.99982,0.00012,0.00004,0.00002
155.80000,3.01193,0.99981,0.00013,0.00004,0.00002
156.00000,3.01193,0.99970,0.00024,0.00004,0.00002
156.20000,3.01195,0.99980,0.00014,0.00004,0.00002
156.39999,3.01195,0.99985,0.00010,0.00003,0.00002
156.60001,3.01193,0.99983,0.00011,0.00004,0.00002
156.80000,3.01193,0.99977,0.00018,0.00003,0.00002
157.00000,3.01193,0.99986,0.00009,0.00003,0.00001
157.20000,3.01195,0.99980,0.00014,0.00004,0.00002
157.39999,3.01195,0.99983,0.00012,0.00003,0.00001
157.60001,3.01193,0.99983,0.00012,0.00004,0.00002
157.80000,3.01193,0.99975,0.00019,0.00004,0.00002
158.00000,3.01193,0.99985,0.00011,0.00003,0.00001
158.20000,3.01195,0.99985,0.00010,0.00004,0.00002
158.39999,3.01195,0.99977,0.00018,0.00004,0.00002
158.60001,3.01193,0.99985,0.00010,0.00003,0.00001
158.80000,3.01193,0.99983,0.00012,0.00004,0.00002
159.00000,3.01193,0.99985,0.00010,0.00003,0.00002
159.20000,3.01195,0.99983,0.00012,0.00003,0.00002
159.39999,3.01195,0.99977,0.00017,0.00004,0.00002
159.60001,3.01193,0.99979,0.00016,0.00004,0.00002
159.80000,3.01193,0.99979,0.00016,0.00004,0.00002
160.00000,3.01193,0.99967,0.00026,0.00004,0.00002
160.20000,3.01195,0.99982,0.00013,0.00004,0.00002
160.39999,3.01195,0.99983,0.00011,0.00004,0.00002
160.60001,3.01193,0.99977,0.00017,0.00004,0.00002
160.80000,3.01193,0.99976,0.00018,0.00004,0.00002
161.00000,3.01193,0.99985,0.00010,0.00003,0.00002
161.20000,3.01195,0.99983,0.00012,0.00004,0.00002
161.39999,3.01195,0.99984,0.00011,0.00004,0.00002
161.60001,3.01193,0.99969,0.00024,0.00004,0.00002
161.80000,3.01193,0.99967,0.00026,0.00004,0.00002
162.00000,3.01193,0.99979,0.00015,0.00004,0.00002
162.20000,3.01195,0.99981,0.00013,0.00004,0.00002
162.39999,3.01195,0.99975,0.00019,0.00004,0.00002
162.60001,3.01193,0.99980,0.00014,0.00004,0.00002
162.80000,3.01193,0.99981,0.00013,0.00004,0.00002
163.00000,3.01193,0.99979,0.00015,0.00004,0.00002
163.20000,3.01195,0.99983,0.00011,0.00003,0.00002
163.39999,3.01195,0.99981,0.00014,0.00003,0.00002
163.60001,3.01193,0.99978,0.00015,0.00004,0.00002
163.80000,3.01193,0.99981,0.00012,0.00004,0.00002
164.00000,3.01193,0.99973,0.00020,0.00004,0.00002
164.20000,3.01195,0.99980,0.00014,0.00004,0.00002
164.39999,3.01195,0.99981,0.00014,0.00003,0.00002
164.60001,3.01193,0.99971,0.00023,0.00005,0.00002
164.80000,3.01193,0.99980,0.00014,0.00004,0.00002
165.00000,3.01193,0.99984,0.00011,0.00003,0.00002
165.20000,3.01195,0.99985,0.00009,0.00004,0.00002
165.39999,3.01195,0.99984,0.00011,0.00003,0.00002
165.60001,3.01193,0.99978,0.00016,0.00004,0.00002
165.80000,3.01193,0.99982,0.00012,0.00004,0.00002
166.00000,3.01193,0.99983,0.00012,0.00003,0.00002
166.20000,3.01195,0.99983,0.00011,0.00004,0.00002
166.39999,3.01195,0.99975,0.00019,0.00004,0.00002
166.60001,3.01193,0.99978,0.00016,0.00004,0.00002
166.80000,3.01193,0.99983,0.00012,0.00004,0.00002
167.00000,3.01193,0.99980,0.00014,0.00004,0.00002
167.20000,3.01195,0.99981,0.00013,0.00004,0.00002
167.39999,3.01195,0.99979,0.00016,0.00004,0.00002
167.60001,3.01193,0.99984,0.00010,0.00004,0.00002
167.80000,3.01193,0.99980,0.00014,0.00004,0.00002
168.00000,3.01193,0.99975,0.00019,0.00004,0.00002
168.20000,3.01195,0.99980,0.00014,0.00004,0.00002
168.39999,3.01195,0.99982,0.00012,0.00004,0.00002
168.60001,3.01193,0.99976,0.00018,0.00004,0.00002
168.80000,3.01193,0.99969,0.00025,0.00004,0.00002
169.00000,3.01193,0.99979,0.00015,0.00004,0.00002
169.20000,3.01195,0.99983,0.00011,0.00004,0.00002
169.39999,3.01195,0.99984,0.00012,0.00003,0.00002
169.60001,3.01193,0.99974,0.00020,0.00004,0.00002
169.80000,3.01193,0.99972,0.00022,0.00004,0.00002
170.00000,3.01193,0.99980,0.00015,0.00004,0.00002
170.20000,3.01195,0.99982,0.00012,0.00004,0.00002
170.39999,3.01195,0.99980,0.00014,0.00004,0.00002
170.60001,3.01193,0.99978,0.00016,0.00004,0.00002
170.80000,3.01193,0.99978,0.00017,0.00004,0.00002
171.00000,3.01193,0.99982,0.00012,0.00004,0.00002
171.20000,3.01195,0.99979,0.00016,0.00004,0.00002
171.39999,3.01195,0.99980,0.00014,0.00004,0.00002
171.60001,3.01193,0.99986,0.00008,0.00004,0.00002
171.80000,3.01193,0.99983,0.00011,0.00004,0.00002
172.00000,3.01193,0.99979,0.00014,0.00004,0.00002
172.20000,3.01195,0.99980,0.00013,0.00004,0.00002
172.39999,3.01195,0.99978,0.00016,0.00004,0.00002
172.60001,3.01193,0.99982,0.00012,0.00004,0.00002
172.80000,3.01193,0.99967,0.00027,0.00004,0.00002
173.00000,3.01193,0.99979,0.00015,0.00004,0.00002
173.20000,3.01195,0.99978,0.00016,0.00004,0.00002
173.39999,3.01195,0.99980,0.00014,0.00004,0.00002
173.60001,3.01193,0.99975,0.00019,0.00004,0.00002
173.80000,3.01193,0.99977,0.00017,0.00004,0.00002
174.00000,3.01193,0.99981,0.00013,0.00004,0.00002
174.20000,3.01195,0.99982,0.00012,0.00004,0.00002
174.39999,3.01195,0.99985,0.00010,0.00004,0.00002
174.60001,3.01193,0.99974,0.00019,0.00004,0.00002
174.80000,3.01193,0.99967,0.00026,0.00004,0.00002
175.00000,3.01193,0.99984,0.00010,0.00004,0.00002
175.20000,3.01195,0.99978,0.00015,0.00004,0.00002
175.39999,3.01195,0.99983,0.00011,0.00004,0.00002
175.60001,3.01193,0.99983,0.00011,0.00004,0.00002
175.80000,3.01193,0.99977,0.00016,0.00005,0.00002
176.00000,3.01193,0.99984,0.00010,0.00003,0.00002
176.20000,3.01195,0.99980,0.00014,0.00004,0.00002
176.39999,3.01195,0.99979,0.00015,0.00004,0.00002
176.60001,3.01193,0.99983,0.00011,0.00004,0.00002
176.80000,3.01193,0.99980,0.00014,0.00004,0.00002
177.00000,3.01193,0.99981,0.00014,0.00003,0.00002
177.20000,3.01195,0.99977,0.00016,0.00004,0.00002
177.39999,3.01195,0.99985,0.00010,0.00003,0.00002
177.60001,3.01193,0.99972,0.00022,0.00004,0.00002
177.80000,3.01193,0.99981,0.00012,0.00004,0.00002
178.00000,3.01193,0.99980,0.00014,0.00004,0.00002
178.20000,3.01195,0.99986,0.00009,0.00004,0.00002
178.39999,3.01195,0.99984,0.00011,0.00004,0.00002
178.60001,3.01193,0.99982,0.00012,0.00004,0.00002
178.80000,3.01193,0.99981,0.00013,0.00004,0.00002
179.00000,3.01193,0.99983,0.00011,0.00004,0.00002
179.20000,3.01195,0.99983,0.00011,0.00004,0.00002
179.39999,3.01195,0.99983,0.00011,0.00003,0.00002
179.60001,3.01193,0.99987,0.00008,0.00003,0.00002
179.80000,3.01193,0.99978,0.00015,0.00004,0.00002
180.00000,3.01193,0.99974,0.00020,0.00004,0.00002
180.20000,3.01195,0.99979,0.00015,0.00004,0.00002
180.39999,3.01195,0.99982,0.00012,0.00004,0.00002
180.60001,3.01193,0.99981,0.00012,0.00004,0.00002
180.80000,3.01193,0.99978,0.00015,0.00004,0.00002
181.00000,3.01193,0.99978,0.00017,0.00004,0.00002
181.20000,3.01195,0.99984,0.00011,0.00004,0.00002
181.39999,3.01195,0.99983,0.00011,0.00004,0.00002
181.60001,3.01193,0.99980,0.00014,0.00004,0.00002
181.80000,3.01193,0.99971,0.00022,0.00004,0.00002
182.00000,3.01193,0.99979,0.00015,0.00004,0.00002
182.20000,3.01195,0.99979,0.00014,0.00004,0.00002
182.39999,3.01195,0.99982,0.00012,0.00004,0.00002
182.60001,3.01193,0.99980,0.00014,0.00004,0.00002
182.80000,3.01193,0.99982,0.00012,0.00004,0.00002
183.00000,3.01193,0.99979,0.00015,0.00004,0.00002
183.20000,3.01195,0.99973,0.00021,0.00004,0.00002
183.39999,3.01195,0.99981,0.00013,0.00004,0.00002
183.60001,3.01193,0.99974,0.00020,0.00004,0.00002
183.80000,3.01193,0.99972,0.00021,0.00004,0.00002
184.00000,3.01193,0.99975,0.00019,0.00004,0.00002
184.20000,3.01195,0.99978,0.00016,0.00004,0.00002
184.39999,3.01195,0.99973,0.00021,0.00004,0.00002
184.60001,3.01193,0.99969,0.00023,0.00005,0.00002
184.80000,3.01193,0.99976,0.00017,0.00004,0.00002
185.00000,3.01193,0.99980,0.00014,0.00004,0.00002
185.20000,3.01195,0.99983,0.00010,0.00004,0.00002
185.39999,3.01195,0.99979,0.00015,0.00004,0.00002
185.60001,3.01193,0.99972,0.00021,0.00004,0.00002
185.80000,3.01193,0.99977,0.00017,0.00004,0.00002
186.00000,3.01193,0.99968,0.00025,0.00004,0.00002
186.20000,3.01195,0.99975,0.00019,0.00004,0.00002
186.39999,3.01195,0.99978,0.00016,0.00004,0.00002
186.60001,3.01193,0.99980,0.00014,0.00004,0.00002
186.80000,3.01193,0.99983,0.00012,0.00004,0.00002
187.00000,3.01193,0.99982,0.00012,0.00004,0.00002
187.20000,3.01195,0.99980,0.00014,0.00004,0.00002
187.39999,3.01195,0.99983,0.00012,0.00003,0.00002
187.60001,3.01193,0.99979,0.00015,0.00004,0.00002
187.80000,3.01193,0.99981,0.00013,0.00004,0.00002
188.00000,3.01193,0.99984,0.00011,0.00004,0.00002
188.20000,3.01195,0.99976,0.00017,0.00005,0.00002
188.39999,3.01195,0.99975,0.00019,0.00004,0.00002
188.60001,3.01193,0.99984,0.00010,0.00004,0.00002
188.80000,3.01193,0.99978,0.00015,0.00005,0.00002
189.00000,3.01193,0.99980,0.00015,0.00004,0.00002
189.20000,3.01195,0.99987,0.00008,0.00003,0.00002
189.39999,3.01195,0.99981,0.00012,0.00004,0.00002
189.60001,3.01193,0.99979,0.00015,0.00004,0.00002
189.80000,3.01193,0.99981,0.00013,0.00004,0.00002
190.00000,3.01193,0.99980,0.00014,0.00004,0.00002
190.20000,3.01195,0.99980,0.00014,0.00004,0.00002
190.39999,3.01195,0.99979,0.00016,0.00004,0.00002
190.60001,3.01193,0.99979,0.00015,0.00004,0.00002
190.80000,3.01193,0.99980,0.00014,0.00004,0.00002
191.00000,3.01193,0.99979,0.00016,0.00004,0.00002
191.20000,3.01195,0.99985,0.00010,0.00004,0.00002
191.39999,3.01195,0.99985,0.00010,0.00003,0.00002
191.60001,3.01193,0.99978,0.00015,0.00004,0.00002
191.80000,3.01193,0.99983,0.00011,0.00004,0.00002
192.00000,3.01193,0.99979,0.00016,0.00003,0.00002
192.20000,3.01195,0.99981,0.00013,0.00004,0.00002
192.39999,3.01195,0.99988,0.00007,0.00003,0.00002
192.60001,3.01193,0.99981,0.00013,0.00004,0.00002
192.80000,3.01193,0.99973,0.00021,0.00004,0.00002
193.00000,3.01193,0.99977,0.00018,0.00004,0.00002
193.20000,3.01195,0.99984,0.00011,0.00004,0.00002
193.39999,3.01195,0.99981,0.00013,0.00004,0.00002
193.60001,3.01193,0.99981,0.00013,0.00004,0.00002
193.80000,3.01193,0.99979,0.00015,0.00004,0.00002
194.00000,3.01193,0.99983,0.00012,0.00003,0.00002
194.20000,3.01195,0.99985,0.00009,0.00004,0.00002
194.39999,3.01195,0.99980,0.00014,0.00004,0.00002
194.60001,3.01193,0.99983,0.00011,0.00004,0.00002
194.80000,3.01193,0.99984,0.00011,0.00003,0.00002
195.00000,3.01193,0.99985,0.00010,0.00004,0.00002
195.20000,3.01195,0.99985,0.00010,0.00003,0.00002
195.39999,3.01195,0.99981,0.00013,0.00004,0.00002
195.60001,3.01193,0.99980,0.00014,0.00004,0.00002
195.80000,3.01193,0.99983,0.00012,0.00003,0.00002
196.00000,3.01193,0.99980,0.00013,0.00004,0.00002
196.20000,3.01195,0.99986,0.00009,0.00003,0.00002
196.39999,3.01195,0.99982,0.00013,0.00004,0.00002
196.60001,3.01193,0.99979,0.00015,0.00004,0.00002
196.80000,3.01193,0.99976,0.00017,0.00004,0.00002
197.00000,3.01193,0.99984,0.00011,0.00003,0.00002
197.20000,3.01195,0.99980,0.00013,0.00005,0.00002
197.39999,3.01195,0.99983,0.00011,0.00004,0.00002
197.60001,3.01193,0.99983,0.00011,0.00004,0.00002
197.80000,3.01193,0.99981,0.00012,0.00004,0.00003
198.00000,3.01193,0.99961,0.00033,0.00004,0.00002
198.20000,3.01195,0.99839,0.00153,0.00005,0.00003
