Time (seconds), Duration (seconds),pred_(unlabeled),pred_imbalance,pred_working,pred_impact
0.00000,3.01194,0.60848,0.00044,0.15236,0.23872
0.20000,3.01194,0.65907,0.00072,0.18250,0.15771
0.40000,3.01194,0.72673,0.00006,0.17080,0.10242
0.60000,3.01194,0.76613,0.00000,0.11785,0.11601
0.80000,3.01194,0.64109,0.00001,0.10465,0.25426
1.00000,3.01194,0.79606,0.00038,0.03784,0.16572
1.20000,3.01194,0.46653,0.00001,0.09654,0.43692
1.40000,3.01194,0.46888,0.00003,0.10141,0.42967
1.60000,3.01194,0.56739,0.00007,0.19000,0.24253
1.80000,3.01194,0.53266,0.00009,0.18610,0.28115
2.00000,3.01194,0.53861,0.00011,0.19181,0.26947
2.20000,3.01194,0.57619,0.00000,0.13121,0.29260
2.40000,3.01194,0.60218,0.00082,0.25105,0.14596
2.60000,3.01194,0.79423,0.00015,0.09024,0.11537
2.80000,3.01194,0.69273,0.00000,0.08554,0.22173
3.00000,3.01194,0.53014,0.00003,0.14072,0.32910
3.20000,3.01194,0.55804,0.00002,0.12818,0.31376
3.40000,3.01194,0.54520,0.00022,0.21717,0.23741
3.60000,3.01194,0.75115,0.00030,0.09469,0.15386
3.80000,3.01194,0.52760,0.00002,0.10798,0.36441
4.00000,3.01194,0.62710,0.00000,0.13901,0.23389
4.20000,3.01194,0.73778,0.00183,0.15364,0.10675
4.40000,3.01194,0.85273,0.00095,0.06741,0.07891
4.60000,3.01194,0.69048,0.00019,0.12223,0.18711
4.80000,3.01194,0.55937,0.00019,0.17707,0.26337
5.00000,3.01194,0.48887,0.00000,0.12197,0.38915
5.20000,3.01194,0.53664,0.00018,0.17495,0.28823
5.40000,3.01194,0.46211,0.00004,0.15825,0.37960
5.60000,3.01194,0.67814,0.00019,0.16782,0.15384
5.80000,3.01194,0.58317,0.00010,0.18401,0.23273
6.00000,3.01194,0.76428,0.03255,0.10994,0.09322
6.20000,3.01194,0.71650,0.00021,0.18821,0.09509
6.40000,3.01194,0.96025,0.00043,0.00400,0.03532
6.60000,3.01194,0.42447,0.00000,0.12276,0.45276
6.80000,3.01194,0.42608,0.00008,0.15355,0.42029
7.00000,3.01194,0.49059,0.00025,0.18501,0.32416
7.20000,3.01194,0.58244,0.00028,0.19066,0.22662
7.40000,3.01194,0.64437,0.00027,0.15515,0.20021
7.60000,3.01194,0.53201,0.00001,0.13590,0.33208
7.80000,3.01194,0.73990,0.00496,0.12068,0.13445
8.00000,3.01194,0.89617,0.01587,0.03521,0.05275
8.20000,3.01194,0.77444,0.00057,0.06918,0.15581
8.40000,3.01194,0.51658,0.00002,0.14895,0.33444
8.60000,3.01194,0.46419,0.00005,0.11789,0.41787
8.80000,3.01194,0.54341,0.00009,0.16317,0.29334
9.00000,3.01194,0.63465,0.00027,0.14936,0.21573
9.20000,3.01194,0.70655,0.00020,0.11647,0.17677
9.40000,3.01194,0.55641,0.00053,0.15407,0.28898
9.60000,3.01194,0.53759,0.00025,0.20697,0.25519
9.80000,3.01194,0.69926,0.00008,0.10525,0.19541
10.00000,3.01194,0.95582,0.00008,0.01363,0.03047
10.20000,3.01194,0.93892,0.00003,0.02825,0.03280
10.40000,3.01194,0.37798,0.00000,0.06109,0.56093
10.60000,3.01194,0.46286,0.00003,0.08810,0.44902
10.80000,3.01194,0.42162,0.00055,0.19961,0.37822
11.00000,3.01194,0.58368,0.00406,0.12457,0.28768
11.20000,3.01194,0.62820,0.00003,0.13422,0.23756
11.40000,3.01194,0.51041,0.00000,0.18141,0.30818
11.60000,3.01194,0.61845,0.00056,0.21912,0.16187
11.80000,3.01194,0.59174,0.00001,0.13533,0.27292
12.00000,3.01194,0.71013,0.00012,0.09895,0.19080
12.20000,3.01194,0.62070,0.00002,0.09326,0.28602
12.40000,3.01194,0.52503,0.00001,0.13016,0.34480
12.60000,3.01194,0.54065,0.00002,0.15144,0.30790
12.80000,3.01194,0.57083,0.00004,0.20721,0.22191
13.00000,3.01194,0.57627,0.00146,0.22357,0.19870
13.20000,3.01194,0.56032,0.00005,0.17134,0.26829
13.40000,3.01194,0.57904,0.00001,0.17801,0.24294
13.60000,3.01194,0.59472,0.00135,0.22802,0.17591
13.80000,3.01194,0.59117,0.00251,0.23576,0.17056
14.00000,3.01194,0.81026,0.00020,0.10931,0.08022
14.20000,3.01194,0.87869,0.00062,0.04512,0.07557
14.40000,3.01194,0.50118,0.00006,0.17057,0.32820
14.60000,3.01194,0.27735,0.00001,0.05512,0.66752
14.80000,3.01194,0.42009,0.00006,0.08473,0.49512
15.00000,3.01194,0.49367,0.00035,0.23312,0.27286
15.20000,3.01194,0.55017,0.00004,0.17883,0.27096
15.40000,3.01194,0.60491,0.00000,0.15444,0.24065
15.60000,3.01194,0.50786,0.00005,0.20879,0.28330
15.80000,3.01194,0.56496,0.00114,0.18439,0.24951
16.00000,3.01194,0.40898,0.00004,0.17690,0.41408
16.20000,3.01194,0.45021,0.00009,0.19090,0.35880
16.40000,3.01194,0.57020,0.00050,0.18640,0.24290
16.60000,3.01194,0.60074,0.00007,0.08094,0.31825
16.80000,3.01194,0.49201,0.00009,0.13456,0.37334
17.00000,3.01194,0.60363,0.02524,0.28379,0.08735
17.20000,3.01194,0.45805,0.07630,0.33122,0.13443
17.40000,3.01194,0.53057,0.00053,0.21773,0.25117
17.60000,3.01194,0.61861,0.00036,0.24296,0.13807
17.80000,3.01194,0.61374,0.00574,0.31104,0.06949
18.00000,3.01194,0.61626,0.00106,0.26810,0.11458
18.20000,3.01194,0.72661,0.00017,0.17934,0.09388
18.40000,3.01194,0.67219,0.00004,0.08983,0.23794
18.60000,3.01194,0.45560,0.00004,0.15819,0.38617
18.80000,3.01194,0.44366,0.00002,0.10581,0.45051
19.00000,3.01194,0.44799,0.00009,0.11810,0.43382
19.20000,3.01194,0.50225,0.00089,0.27381,0.22305
19.40000,3.01194,0.59296,0.00016,0.19499,0.21189
19.60000,3.01194,0.60706,0.00004,0.17857,0.21433
19.80000,3.01194,0.64175,0.00036,0.22681,0.13108
20.00000,3.01194,0.60420,0.00032,0.27211,0.12338
20.20000,3.01194,0.50449,0.00001,0.17139,0.32410
20.40000,3.01194,0.55868,0.00022,0.21510,0.22600
20.60000,3.01194,0.60557,0.00032,0.15038,0.24373
20.80000,3.01194,0.63099,0.00060,0.15814,0.21027
