Time(Seconds),Length(Seconds),Label(string),Confidence(double),Comment(string)
0.007274,0.5555177,impact,1,
0.5627917,0.0176355,working,1,
0.5804272,0.7186459,impact,1,
1.2990731,0.0214267,working,1,
1.3204998,0.4316036,impact,1,
1.7521034,0.0583987,working,1,
1.8193199,0.0220443,working,1,
1.8663914,0.5298782,impact,1,
2.3962696,0.1315805,working,1,
2.5278501,0.4409724,impact,1,
2.9708225,0.103687,working,1,
3.0755095,0.4623098,impact,1,
3.5378193,0.1742553,working,1,
3.7120746,0.4978721,impact,1,
4.2125035,0.5024278,working,1,
4.7149313,0.3165044,impact,1,
5.0314357,0.110365,working,1,
5.1418007,0.2821986,impact,1,
5.4239993,0.5724643,working,1,
5.9974636,0.4606414,impact,1,
6.458105,0.1016121,working,1,
6.5597171,0.3353198,impact,1,
6.8977458,0.0989032,working,1,
6.996649,0.2540301,impact,1,
7.2610144,0.1378352,working,1,
7.3988496,0.5180167,impact,1,
7.9188663,0.1859529,working,1,
8.1048192,0.4309165,impact,1,
8.5357357,0.1265288,working,1,
8.6622645,0.8580847,impact,1,
9.5203492,0.0620465,working,1,
9.5823957,0.8351948,impact,1,
10.4175905,0.1125134,working,1,
10.5301039,0.627478,impact,1,
11.1849563,0.2842009,working,1,
11.4691572,0.3115752,impact,1,
11.7807324,0.0360034,working,1,
11.8167358,0.3962116,impact,1,
12.2149474,0.1420192,working,1,
12.3615268,0.2476322,impact,1,
12.609159,0.5613289,working,1,
13.1704879,0.2384353,impact,1,
13.4089232,0.0307076,working,1,
13.4396308,0.1896644,impact,1,
13.6292952,0.1334468,working,1,
13.7683343,0.2016213,impact,1,
13.9699556,0.0554718,working,1,
14.0254274,0.1619344,impact,1,
14.2005821,0.1706552,impact,1,
14.3712373,0.0121898,working,1,
14.3834271,0.2004522,impact,1,
14.5858793,0.0668686,working,1,
14.6639145,0.4184348,impact,1,
15.0823493,0.3166672,working,1,
15.3990165,0.4796514,impact,1,
15.8786679,0.2536088,working,1,
16.1322767,0.5733764,impact,1,
