Time (seconds), Duration (seconds),pred_(unlabeled),pred_imbalance,pred_working,pred_impact
0.00000,3.01194,0.84376,0.15419,0.00047,0.00158
0.20000,3.01194,0.05697,0.93945,0.00232,0.00126
0.40000,3.01194,0.00602,0.99394,0.00003,0.00001
0.60000,3.01194,0.00768,0.99221,0.00007,0.00004
0.80000,3.01194,0.00795,0.99199,0.00005,0.00001
1.00000,3.01194,0.00924,0.99066,0.00006,0.00005
1.20000,3.01194,0.01356,0.98616,0.00013,0.00015
1.40000,3.01194,0.00838,0.99154,0.00004,0.00003
1.60000,3.01194,0.01637,0.98355,0.00003,0.00005
1.80000,3.01194,0.01250,0.98746,0.00002,0.00002
2.00000,3.01194,0.01567,0.98395,0.00015,0.00023
2.20000,3.01194,0.01356,0.98618,0.00009,0.00016
2.40000,3.01194,0.02027,0.97938,0.00016,0.00019
2.60000,3.01194,0.01291,0.98687,0.00012,0.00011
2.80000,3.01194,0.01121,0.98870,0.00004,0.00005
3.00000,3.01194,0.02059,0.97926,0.00006,0.00008
3.20000,3.01194,0.01807,0.98148,0.00025,0.00020
3.40000,3.01194,0.01353,0.98615,0.00015,0.00018
3.60000,3.01194,0.03505,0.96349,0.00073,0.00072
3.80000,3.01194,0.01697,0.98281,0.00009,0.00013
4.00000,3.01194,0.01322,0.98661,0.00008,0.00009
4.20000,3.01194,0.01113,0.98864,0.00013,0.00010
4.40000,3.01194,0.02784,0.97188,0.00011,0.00017
4.60000,3.01194,0.01718,0.98278,0.00002,0.00002
4.80000,3.01194,0.01899,0.98080,0.00008,0.00014
5.00000,3.01194,0.02345,0.97647,0.00004,0.00003
5.20000,3.01194,0.03584,0.96365,0.00015,0.00037
5.40000,3.01194,0.03842,0.96124,0.00015,0.00020
5.60000,3.01194,0.02171,0.97809,0.00011,0.00009
5.80000,3.01194,0.01716,0.98263,0.00006,0.00015
6.00000,3.01194,0.03620,0.96345,0.00013,0.00022
6.20000,3.01194,0.01015,0.98972,0.00005,0.00008
6.40000,3.01194,0.07318,0.92618,0.00027,0.00037
6.60000,3.01194,0.04365,0.95580,0.00011,0.00044
6.80000,3.01194,0.06698,0.93239,0.00012,0.00051
7.00000,3.01194,0.06603,0.93103,0.00084,0.00209
7.20000,3.01194,0.03790,0.96160,0.00017,0.00033
7.40000,3.01194,0.04063,0.95891,0.00018,0.00029
7.60000,3.01194,0.03314,0.96630,0.00019,0.00036
7.80000,3.01194,0.05307,0.94684,0.00002,0.00007
8.00000,3.01194,0.03352,0.96609,0.00016,0.00023
8.20000,3.01194,0.03242,0.96732,0.00011,0.00015
8.40000,3.01194,0.04347,0.95589,0.00022,0.00042
8.60000,3.01194,0.02175,0.97813,0.00005,0.00007
8.80000,3.01194,0.02417,0.97566,0.00006,0.00011
9.00000,3.01194,0.02653,0.97332,0.00003,0.00012
9.20000,3.01194,0.02753,0.97221,0.00007,0.00019
9.40000,3.01194,0.02312,0.97674,0.00005,0.00008
9.60000,3.01194,0.04286,0.95690,0.00004,0.00019
9.80000,3.01194,0.01629,0.98363,0.00003,0.00005
10.00000,3.01194,0.01485,0.98503,0.00005,0.00007
10.20000,3.01194,0.01549,0.98446,0.00002,0.00004
10.40000,3.01194,0.01939,0.98004,0.00025,0.00032
10.60000,3.01194,0.01391,0.98594,0.00005,0.00009
10.80000,3.01194,0.02622,0.97354,0.00008,0.00015
11.00000,3.01194,0.01918,0.98044,0.00017,0.00021
11.20000,3.01194,0.03301,0.96571,0.00047,0.00082
11.40000,3.01194,0.02954,0.97003,0.00013,0.00031
11.60000,3.01194,0.03628,0.96268,0.00034,0.00071
11.80000,3.01194,0.02352,0.97610,0.00013,0.00025
12.00000,3.01194,0.01637,0.98346,0.00007,0.00011
12.20000,3.01194,0.02101,0.97843,0.00024,0.00031
12.40000,3.01194,0.02251,0.97702,0.00026,0.00021
12.60000,3.01194,0.02564,0.97405,0.00011,0.00020
12.80000,3.01194,0.02272,0.97708,0.00009,0.00011
13.00000,3.01194,0.03062,0.96798,0.00058,0.00083
13.20000,3.01194,0.01663,0.98319,0.00008,0.00009
13.40000,3.01194,0.03702,0.96237,0.00026,0.00035
13.60000,3.01194,0.02613,0.97354,0.00015,0.00018
13.80000,3.01194,0.02636,0.97346,0.00006,0.00011
14.00000,3.01194,0.02097,0.97878,0.00008,0.00017
14.20000,3.01194,0.03489,0.96428,0.00030,0.00053
14.40000,3.01194,0.01868,0.98088,0.00016,0.00027
14.60000,3.01194,0.02096,0.97833,0.00036,0.00035
14.80000,3.01194,0.01914,0.98066,0.00008,0.00012
15.00000,3.01194,0.02154,0.97830,0.00005,0.00010
15.20000,3.01194,0.02628,0.97358,0.00005,0.00009
15.40000,3.01194,0.01363,0.98598,0.00022,0.00018
15.60000,3.01194,0.01654,0.98297,0.00027,0.00021
15.80000,3.01194,0.02151,0.97790,0.00032,0.00027
16.00000,3.01194,0.02550,0.97438,0.00004,0.00008
16.20000,3.01194,0.01350,0.98639,0.00004,0.00007
16.40000,3.01194,0.04031,0.95938,0.00010,0.00021
16.60000,3.01194,0.01863,0.98104,0.00015,0.00018
16.80000,3.01194,0.03046,0.96903,0.00026,0.00025
17.00000,3.01194,0.01624,0.98335,0.00021,0.00021
17.20000,3.01194,0.03761,0.96209,0.00015,0.00015
17.40000,3.01194,0.01483,0.98491,0.00012,0.00014
17.60000,3.01194,0.01643,0.98353,0.00002,0.00002
17.80000,3.01194,0.01913,0.98043,0.00021,0.00023
18.00000,3.01194,0.02307,0.97674,0.00010,0.00009
18.20000,3.01194,0.03206,0.96766,0.00015,0.00013
18.40000,3.01194,0.01957,0.98028,0.00006,0.00009
18.60000,3.01194,0.02161,0.97829,0.00003,0.00007
18.80000,3.01194,0.02000,0.97987,0.00006,0.00008
19.00000,3.01194,0.03155,0.96810,0.00012,0.00024
19.20000,3.01194,0.02302,0.97687,0.00003,0.00008
19.40000,3.01194,0.03467,0.96491,0.00015,0.00027
19.60000,3.01194,0.01059,0.98933,0.00003,0.00004
19.80000,3.01194,0.01989,0.97987,0.00012,0.00013
20.00000,3.01194,0.00977,0.99018,0.00002,0.00002
20.20000,3.01194,0.00994,0.98991,0.00007,0.00007
20.40000,3.01194,0.01186,0.98808,0.00003,0.00003
20.60000,3.01194,0.01432,0.98555,0.00006,0.00007
20.80000,3.01194,0.00855,0.99136,0.00004,0.00005
21.00000,3.01194,0.01711,0.98266,0.00010,0.00012
