Time(Seconds),Length(Seconds),Label(string),Confidence(double),Comment(string)
0.2557681,1.9689782999999998,working,1,
2.2289093,0.6364207,impact,1,
3.0235136000000002,2.5814531,working,1,
5.6055978,0.7047302,impact,1,
6.453577,2.080792,working,1,
8.535126,0.8902927999999994,impact,1,
9.5443692,2.2557464000000005,working,1,
11.8008509,0.43418570000000045,impact,1,
12.5086416,0.1924019,impact,1,
12.7423743,2.5487640000000003,working,1,
15.291821800000001,0.49709179999999875,impact,1,
16.1708612,2.3514340000000002,working,1,
18.5235408,0.9694607000000008,impact,1,
19.5438572,1.7735828999999999,working,1,
21.3179334,1.1022396999999995,impact,1,
22.5443968,1.5920098,working,1,
24.1365968,1.3864176000000006,impact,1,
25.5928313,1.3853323000000002,working,1,
26.9787073,1.382343100000001,impact,1,
28.514178,1.6324528999999999,working,1,
30.147220499999996,1.2339377000000011,impact,1,
31.5980513,0.1530427,impact,1,
31.8106744,1.9569323,working,1,
33.768220199999995,1.378859600000001,impact,1,
35.2650627,1.4873478,working,1,
36.752970000000005,1.2582153999999948,impact,1,
38.073173,1.4105504000000002,working,1,
39.484152800000004,1.127398400000001,impact,1,
40.8613814,2.4116982,working,1,
43.27785589999999,0.5600118000000018,impact,1,
44.4881158,0.2393345,impact,1,
44.8082384,1.7588148,working,1,
46.56796249999999,0.08562750000000122,impact,1,
46.7719913,0.41427240000000004,imbalance,1,
47.8056908,1.4736141,working,1,
49.27942,0.7325674000000008,impact,1,
50.3048471,1.5944597000000003,working,1,
51.899545,0.9538935999999941,impact,1,
52.9488547,2.1628145,working,1,
55.11252459999999,0.6846731000000008,impact,1,
56.1381292,1.9713251,working,1,
58.109595999999996,0.02391850000000087,impact,1,
58.2504867,0.3411059,imbalance,1,
59.050157,1.8540599,working,1,
60.9045886,0.4727222000000024,impact,1,
61.7043015,2.1469612000000002,working,1,
63.8519261,0.04706189999999493,impact,1,
64.00660359999999,0.3119772,imbalance,1,
64.941911,2.788776,working,1,
67.7312796,0.6479334000000007,impact,1,
69.2263055,2.4948430999999993,working,1,
71.72133099999999,0.43055050000000084,impact,1,
72.7872499,1.8747942999999998,working,1,
74.6626198,0.47062219999999355,impact,1,
75.6188045,2.3746633000000004,working,1,
77.9936072,0.5544728000000008,impact,1,
78.9581728,2.0932001000000002,working,1,
81.0518243,0.7740028999999935,impact,1,
82.1436134,2.2634916000000005,working,1,
84.4072445,0.7853284999999934,impact,1,
85.6159868,2.2794594,working,1,
87.8955568,0.6373920000000011,impact,1,
89.1024591,2.187804,working,1,
91.2906943,0.6309355000000081,impact,1,
92.42990920000001,3.0093413,working,1,
95.4394892,0.6810750000000009,impact,1,
96.6944669,2.2847611999999997,working,1,
98.97934709999998,0.6230979000000095,impact,1,
100.1543479,2.623968,working,1,
102.7784712,0.43135999999999364,impact,1,
103.9412336,2.6865944999999996,working,1,
106.6280861,0.07446900000000078,impact,1,
106.8237626,0.21024299999999999,impact,1,
107.7554869,2.6268172,working,1,
110.38287039999999,0.1366641000000079,impact,1,
110.615604,0.1868985,impact,1,
111.4753151,2.7430676000000003,working,1,
114.21860260000001,0.3860507000000012,impact,1,
115.2741084,2.5950385,working,1,
117.8696584,0.09404090000000097,impact,1,
118.0777258,0.2619158,impact,1,
118.9091713,3.1082095,working,1,
122.0176122,0.42227839999999395,impact,1,
123.0829101,2.7099208,working,1,
125.7932183,0.0843215000000089,impact,1,
125.9935059,0.2321907,impact,1,
126.7928331,2.3786233,working,1,
129.1721054,2.373848800000003,impact,1,
132.0673113,2.4987809,working,1,
134.5667148,0.8513715999999864,impact,1,
135.52388779999998,1.8873091000000002,working,1,
137.4113702,0.3891337000000158,impact,1,
138.3044751,2.4049305999999997,working,1,
140.7096898,1.2959014000000155,impact,1,
142.15995529999998,2.3660305999999993,working,1,
144.5262955,0.4167528999999936,impact,1,
145.4117712,2.5668425,working,1,
147.979288,0.3820964000000079,impact,1,
148.899829,2.2396187000000003,working,1,
151.1396786,0.4314121000000076,impact,1,
151.9644179,2.6089944,working,1,
154.5740546,0.5367782999999866,impact,1,
155.5877072,2.2342687999999997,working,1,
157.822423,0.472475200000001,impact,1,
158.8648931,1.945435,working,1,
160.81057100000004,0.06507979999998559,impact,1,
160.9983398,0.2712901,impact,1,
161.60889310000002,2.4861621,working,1,
164.0957925,0.10478530000002116,impact,1,
164.29346909999998,0.37962569999999995,impact,1,
165.0094029,2.0690011,working,1,
167.07845269999999,0.46094350000002215,impact,1,
168.2470523,3.0434751,working,1,
171.29057319999998,0.05291720000000772,impact,1,
171.4575119,0.236883,impact,1,
172.7792339,2.0887446,working,1,
174.8680938,0.8839807000000006,impact,1,
176.3079545,2.8194526,working,1,
179.1275389,1.8554162999999946,impact,1,
181.5045895,2.4137435,working,1,
183.91876630000004,0.8876549000000085,impact,1,
185.1397835,4.363737400000001,working,1,
