Time (seconds), Duration (seconds),pred_(unlabeled),pred_imbalance,pred_working,pred_impact
0.00000,3.01194,0.88417,0.02513,0.04808,0.04263
0.20000,3.01194,0.95556,0.02752,0.00562,0.01130
0.40000,3.01194,0.93261,0.04277,0.01048,0.01414
0.60000,3.01194,0.89772,0.06355,0.00085,0.03789
0.80000,3.01194,0.51320,0.01270,0.01847,0.45563
1.00000,3.01194,0.40115,0.04139,0.09755,0.45990
1.20000,3.01194,0.94130,0.01696,0.01289,0.02886
1.40000,3.01194,0.95997,0.01416,0.01385,0.01202
1.60000,3.01194,0.49376,0.02988,0.35534,0.12102
1.80000,3.01194,0.62235,0.03390,0.27014,0.07361
2.00000,3.01194,0.80128,0.04779,0.09964,0.05129
2.20000,3.01194,0.78666,0.06754,0.09625,0.04955
2.40000,3.01194,0.81151,0.08955,0.08362,0.01532
2.60000,3.01194,0.66218,0.27513,0.04570,0.01698
2.80000,3.01194,0.23849,0.73292,0.02568,0.00291
3.00000,3.01194,0.93786,0.01900,0.01521,0.02793
3.20000,3.01194,0.92318,0.03755,0.01970,0.01957
3.40000,3.01194,0.85527,0.04764,0.08376,0.01333
3.60000,3.01194,0.97845,0.01647,0.00227,0.00282
3.80000,3.01194,0.88934,0.10098,0.00556,0.00413
4.00000,3.01194,0.93901,0.02335,0.00014,0.03751
4.20000,3.01194,0.49401,0.00392,0.00900,0.49307
4.40000,3.01194,0.36175,0.03695,0.06100,0.54031
4.60000,3.01194,0.98135,0.00253,0.00440,0.01173
4.80000,3.01194,0.99617,0.00014,0.00187,0.00182
5.00000,3.01194,0.92306,0.00612,0.06159,0.00923
5.20000,3.01194,0.66617,0.08839,0.24096,0.00449
5.40000,3.01194,0.48251,0.30842,0.16880,0.04027
5.60000,3.01194,0.57224,0.35542,0.04250,0.02984
5.80000,3.01194,0.75158,0.16217,0.06747,0.01878
6.00000,3.01194,0.80532,0.05597,0.12312,0.01559
6.20000,3.01194,0.89108,0.03837,0.06426,0.00629
6.40000,3.01194,0.87141,0.00939,0.10510,0.01409
6.60000,3.01194,0.99178,0.00125,0.00391,0.00307
6.80000,3.01194,0.97921,0.01056,0.00323,0.00700
7.00000,3.01194,0.97478,0.01747,0.00033,0.00742
7.20000,3.01194,0.77916,0.02912,0.00050,0.19123
7.40000,3.01194,0.27116,0.01832,0.00307,0.70744
7.60000,3.01194,0.91556,0.00139,0.00340,0.07965
7.80000,3.01194,0.99597,0.00006,0.00157,0.00239
8.00000,3.01194,0.99385,0.00091,0.00419,0.00104
8.20000,3.01194,0.83770,0.08655,0.05978,0.01596
8.40000,3.01194,0.10393,0.80410,0.08364,0.00833
8.60000,3.01194,0.63415,0.04823,0.24161,0.07600
8.80000,3.01194,0.87621,0.06218,0.02066,0.04095
9.00000,3.01194,0.77420,0.20702,0.01277,0.00602
9.20000,3.01194,0.92668,0.04922,0.01251,0.01159
9.40000,3.01194,0.99679,0.00043,0.00060,0.00218
9.60000,3.01194,0.90378,0.00094,0.05827,0.03700
9.80000,3.01194,0.99096,0.00128,0.00373,0.00404
10.00000,3.01194,0.99613,0.00087,0.00113,0.00187
10.20000,3.01194,0.97021,0.00002,0.00001,0.02976
10.40000,3.01194,0.20989,0.00190,0.00106,0.78715
10.60000,3.01194,0.34437,0.01465,0.00041,0.64057
10.80000,3.01194,0.99114,0.00032,0.00366,0.00488
11.00000,3.01194,0.99878,0.00000,0.00095,0.00027
11.20000,3.01194,0.99309,0.00043,0.00582,0.00065
11.40000,3.01194,0.72619,0.00182,0.25579,0.01620
11.60000,3.01194,0.44060,0.26150,0.25332,0.04459
11.80000,3.01194,0.89807,0.09489,0.00344,0.00360
12.00000,3.01194,0.85550,0.13923,0.00305,0.00222
12.20000,3.01194,0.81285,0.16901,0.00870,0.00945
12.40000,3.01194,0.78180,0.17233,0.02776,0.01811
12.60000,3.01194,0.92875,0.02751,0.02226,0.02148
12.80000,3.01194,0.95308,0.03856,0.00335,0.00502
13.00000,3.01194,0.91349,0.00648,0.06276,0.01727
13.20000,3.01194,0.91891,0.00983,0.03831,0.03295
13.40000,3.01194,0.99326,0.00192,0.00107,0.00375
13.60000,3.01194,0.98837,0.00242,0.00005,0.00916
13.80000,3.01194,0.86718,0.00870,0.00243,0.12169
14.00000,3.01194,0.11412,0.00606,0.00116,0.87866
14.20000,3.01194,0.88429,0.02709,0.01222,0.07639
14.40000,3.01194,0.99150,0.00099,0.00383,0.00368
14.60000,3.01194,0.99929,0.00002,0.00062,0.00007
14.80000,3.01194,0.86220,0.02469,0.10806,0.00505
15.00000,3.01194,0.48504,0.04433,0.33775,0.13288
15.20000,3.01194,0.27076,0.67030,0.04978,0.00916
15.40000,3.01194,0.76029,0.16980,0.02472,0.04518
15.60000,3.01194,0.71451,0.28148,0.00217,0.00183
15.80000,3.01194,0.45681,0.54195,0.00084,0.00041
16.00000,3.01194,0.97730,0.01085,0.00924,0.00261
16.20000,3.01194,0.95115,0.00982,0.03565,0.00337
16.40000,3.01194,0.96356,0.00060,0.02384,0.01200
16.60000,3.01194,0.99356,0.00056,0.00368,0.00219
16.80000,3.01194,0.99528,0.00196,0.00065,0.00211
17.00000,3.01194,0.96405,0.02930,0.00047,0.00618
17.20000,3.01194,0.82080,0.05572,0.00006,0.12343
17.40000,3.01194,0.47939,0.04251,0.00396,0.47413
17.60000,3.01194,0.63202,0.01884,0.00657,0.34257
17.80000,3.01194,0.99490,0.00008,0.00085,0.00417
18.00000,3.01194,0.99323,0.00017,0.00380,0.00280
18.20000,3.01194,0.95644,0.01742,0.01966,0.00648
18.40000,3.01194,0.51912,0.32051,0.13550,0.02487
18.60000,3.01194,0.61750,0.17625,0.16407,0.04218
18.80000,3.01194,0.68011,0.00072,0.28915,0.03002
19.00000,3.01194,0.62361,0.00181,0.35652,0.01807
19.20000,3.01194,0.90075,0.00078,0.09129,0.00717
19.40000,3.01194,0.99817,0.00021,0.00126,0.00036
19.60000,3.01194,0.99380,0.00367,0.00056,0.00197
19.80000,3.01194,0.97917,0.00675,0.00014,0.01394
20.00000,3.01194,0.62639,0.00225,0.00032,0.37105
20.20000,3.01194,0.34905,0.02856,0.00439,0.61800
20.40000,3.01194,0.94116,0.00074,0.00152,0.05657
20.60000,3.01194,0.98862,0.00006,0.00149,0.00984
20.80000,3.01194,0.99350,0.00013,0.00385,0.00252
21.00000,3.01194,0.97176,0.01159,0.01033,0.00632
21.20000,3.01194,0.93525,0.02470,0.03390,0.00615
21.40000,3.01194,0.41171,0.38321,0.18855,0.01653
21.60000,3.01194,0.78728,0.00284,0.16443,0.04545
21.80000,3.01194,0.65217,0.00190,0.32289,0.02304
22.00000,3.01194,0.82128,0.00049,0.16987,0.00837
22.20000,3.01194,0.99268,0.00006,0.00562,0.00164
22.40000,3.01194,0.99017,0.00222,0.00420,0.00341
22.60000,3.01194,0.99157,0.00221,0.00011,0.00610
22.80000,3.01194,0.95835,0.00580,0.00068,0.03518
23.00000,3.01194,0.68263,0.06925,0.02142,0.22670
23.20000,3.01194,0.74261,0.00853,0.00650,0.24237
23.40000,3.01194,0.74958,0.00453,0.00136,0.24453
23.60000,3.01194,0.76413,0.01001,0.01201,0.21385
23.80000,3.01194,0.98105,0.00271,0.00651,0.00972
24.00000,3.01194,0.98718,0.00244,0.00570,0.00468
24.20000,3.01194,0.93899,0.00954,0.03882,0.01264
24.40000,3.01194,0.96958,0.00007,0.02369,0.00666
24.60000,3.01194,0.89186,0.00244,0.09879,0.00691
24.80000,3.01194,0.26083,0.00136,0.70928,0.02853
25.00000,3.01194,0.94724,0.00004,0.04779,0.00493
25.20000,3.01194,0.98918,0.00146,0.00805,0.00131
25.40000,3.01194,0.99775,0.00093,0.00006,0.00126
25.60000,3.01194,0.97482,0.01231,0.00023,0.01265
25.80000,3.01194,0.49346,0.00909,0.00247,0.49498
26.00000,3.01194,0.42489,0.00753,0.00692,0.56066
26.20000,3.01194,0.74735,0.00062,0.00066,0.25137
26.40000,3.01194,0.98003,0.00008,0.00017,0.01972
26.60000,3.01194,0.99711,0.00001,0.00105,0.00183
26.80000,3.01194,0.99921,0.00003,0.00042,0.00035
27.00000,3.01194,0.98853,0.00141,0.00620,0.00385
27.20000,3.01194,0.77836,0.00358,0.19853,0.01953
27.40000,3.01194,0.68373,0.03504,0.27145,0.00978
27.60000,3.01194,0.62201,0.02022,0.34236,0.01541
27.80000,3.01194,0.80533,0.01140,0.17534,0.00793
28.00000,3.01194,0.97441,0.00647,0.01592,0.00319
28.20000,3.01194,0.99733,0.00067,0.00139,0.00061
28.40000,3.01194,0.99474,0.00219,0.00099,0.00208
28.60000,3.01194,0.99370,0.00001,0.00000,0.00628
28.80000,3.01194,0.87975,0.00566,0.00049,0.11410
29.00000,3.01194,0.36986,0.02002,0.00127,0.60885
29.20000,3.01194,0.68523,0.00003,0.00003,0.31471
29.40000,3.01194,0.97170,0.00000,0.01175,0.01655
29.60000,3.01194,0.99538,0.00013,0.00220,0.00229
29.80000,3.01194,0.99825,0.00001,0.00163,0.00011
30.00000,3.01194,0.97396,0.00156,0.01305,0.01144
30.20000,3.01194,0.88991,0.00000,0.10858,0.00151
30.40000,3.01194,0.73693,0.05581,0.20427,0.00299
30.60000,3.01194,0.07517,0.07132,0.84776,0.00575
30.80000,3.01194,0.43318,0.56212,0.00227,0.00243
31.00000,3.01194,0.38164,0.61463,0.00136,0.00237
31.20000,3.01194,0.82059,0.17598,0.00181,0.00162
31.40000,3.01194,0.99230,0.00034,0.00686,0.00050
31.60000,3.01194,0.96049,0.00175,0.03446,0.00331
31.80000,3.01194,0.99212,0.00023,0.00692,0.00074
32.00000,3.01194,0.99607,0.00172,0.00175,0.00046
32.20000,3.01194,0.97912,0.01608,0.00010,0.00469
32.40000,3.01194,0.93931,0.01326,0.00051,0.04692
32.60000,3.01194,0.41794,0.00038,0.00130,0.58038
32.80000,3.01194,0.32622,0.00222,0.00317,0.66839
33.00000,3.01194,0.83814,0.00029,0.00023,0.16135
33.20000,3.01194,0.96111,0.00007,0.00082,0.03801
33.40000,3.01194,0.99794,0.00016,0.00072,0.00117
33.60000,3.01194,0.99430,0.00015,0.00302,0.00253
33.80000,3.01194,0.96880,0.00012,0.02911,0.00196
34.00000,3.01194,0.87180,0.01539,0.10160,0.01120
34.20000,3.01194,0.80661,0.01709,0.12967,0.04663
34.40000,3.01194,0.36852,0.00044,0.62608,0.00496
34.60000,3.01194,0.83485,0.00567,0.13770,0.02178
34.80000,3.01194,0.98699,0.00134,0.00695,0.00472
35.00000,3.01194,0.99431,0.00066,0.00290,0.00213
35.20000,3.01194,0.99138,0.00657,0.00008,0.00197
35.40000,3.01194,0.96206,0.00993,0.00038,0.02764
35.60000,3.01194,0.52031,0.11821,0.00366,0.35782
35.80000,3.01194,0.62524,0.21535,0.00649,0.15292
36.00000,3.01194,0.93100,0.00813,0.00206,0.05881
36.20000,3.01194,0.95397,0.01632,0.00379,0.02592
36.40000,3.01194,0.98139,0.01169,0.00444,0.00248
36.60000,3.01194,0.94323,0.04405,0.00961,0.00311
36.80000,3.01194,0.92737,0.05787,0.01197,0.00279
37.00000,3.01194,0.96440,0.02191,0.00866,0.00503
37.20000,3.01194,0.53632,0.01334,0.44250,0.00783
37.40000,3.01194,0.92764,0.01798,0.04294,0.01144
37.60000,3.01194,0.98554,0.01284,0.00112,0.00050
37.80000,3.01194,0.99928,0.00002,0.00001,0.00068
38.00000,3.01194,0.98117,0.00259,0.00001,0.01623
38.20000,3.01194,0.81008,0.00130,0.00002,0.18861
38.40000,3.01194,0.17463,0.00470,0.00030,0.82036
38.60000,3.01194,0.82023,0.00368,0.00179,0.17430
38.80000,3.01194,0.99956,0.00006,0.00003,0.00034
39.00000,3.01194,0.99661,0.00023,0.00209,0.00106
39.20000,3.01194,0.99273,0.00116,0.00459,0.00152
39.40000,3.01194,0.89040,0.00067,0.10834,0.00059
39.60000,3.01194,0.28588,0.00919,0.70360,0.00132
39.80000,3.01194,0.01383,0.00622,0.97920,0.00076
40.00000,3.01194,0.47939,0.34477,0.16489,0.01095
40.20000,3.01194,0.52474,0.47378,0.00057,0.00092
40.40000,3.01194,0.80550,0.19061,0.00177,0.00211
40.60000,3.01194,0.87494,0.10263,0.01199,0.01044
40.80000,3.01194,0.98184,0.00728,0.00881,0.00208
41.00000,3.01194,0.98449,0.00016,0.01276,0.00259
41.20000,3.01194,0.96049,0.00008,0.03365,0.00578
41.40000,3.01194,0.99930,0.00001,0.00016,0.00053
41.60000,3.01194,0.99530,0.00126,0.00000,0.00344
41.80000,3.01194,0.89843,0.00212,0.00003,0.09943
42.00000,3.01194,0.04549,0.00154,0.00012,0.95284
42.20000,3.01194,0.91770,0.00028,0.00287,0.07915
42.40000,3.01194,0.99939,0.00002,0.00047,0.00012
42.60000,3.01194,0.99043,0.00012,0.00866,0.00079
42.80000,3.01194,0.98703,0.00014,0.00925,0.00358
43.00000,3.01194,0.83590,0.06106,0.06931,0.03373
43.20000,3.01194,0.11864,0.00734,0.86085,0.01318
43.40000,3.01194,0.22162,0.00232,0.77297,0.00309
43.60000,3.01194,0.62119,0.36537,0.01232,0.00111
43.80000,3.01194,0.72250,0.27607,0.00013,0.00129
44.00000,3.01194,0.99898,0.00030,0.00062,0.00010
44.20000,3.01194,0.99473,0.00259,0.00133,0.00134
44.40000,3.01194,0.95161,0.00000,0.00955,0.03884
44.60000,3.01194,0.86716,0.00100,0.04575,0.08609
44.80000,3.01194,0.99741,0.00002,0.00244,0.00013
45.00000,3.01194,0.98953,0.00006,0.00365,0.00676
45.20000,3.01194,0.98257,0.00000,0.00000,0.01743
45.40000,3.01194,0.10212,0.00067,0.00102,0.89619
45.60000,3.01194,0.99890,0.00001,0.00000,0.00109
45.80000,3.01194,0.99969,0.00000,0.00019,0.00012
46.00000,3.01194,0.99861,0.00000,0.00128,0.00011
46.20000,3.01194,0.95585,0.00040,0.03037,0.01338
46.40000,3.01194,0.36125,0.00108,0.63622,0.00146
46.60000,3.01194,0.61477,0.33441,0.04647,0.00435
46.80000,3.01194,0.35652,0.04041,0.60249,0.00058
47.00000,3.01194,0.96168,0.00569,0.03127,0.00136
47.20000,3.01194,0.97438,0.00000,0.02259,0.00303
47.40000,3.01194,0.99888,0.00001,0.00064,0.00046
47.60000,3.01194,0.99892,0.00002,0.00046,0.00060
47.80000,3.01194,0.93213,0.00096,0.00000,0.06691
48.00000,3.01194,0.43626,0.00027,0.00008,0.56338
48.20000,3.01194,0.27195,0.02343,0.01082,0.69379
48.40000,3.01194,0.99937,0.00001,0.00002,0.00061
48.60000,3.01194,0.99916,0.00003,0.00033,0.00048
48.80000,3.01194,0.99186,0.00001,0.00763,0.00050
49.00000,3.01194,0.95781,0.00344,0.03830,0.00045
49.20000,3.01194,0.35546,0.01717,0.62492,0.00244
49.40000,3.01194,0.01030,0.00004,0.98956,0.00010
49.60000,3.01194,0.42212,0.00006,0.57749,0.00033
49.80000,3.01194,0.96234,0.00003,0.03709,0.00053
50.00000,3.01194,0.99936,0.00000,0.00047,0.00017
50.20000,3.01194,0.99876,0.00002,0.00052,0.00070
50.40000,3.01194,0.98829,0.00008,0.00025,0.01139
50.60000,3.01194,0.32481,0.00089,0.00016,0.67415
50.80000,3.01194,0.42341,0.01345,0.01127,0.55187
51.00000,3.01194,0.99528,0.00015,0.00058,0.00399
51.20000,3.01194,0.99818,0.00000,0.00093,0.00089
51.40000,3.01194,0.94931,0.00009,0.04651,0.00409
51.60000,3.01194,0.93841,0.00357,0.05287,0.00515
51.80000,3.01194,0.40178,0.29133,0.25676,0.05013
52.00000,3.01194,0.54110,0.08063,0.28825,0.09003
52.20000,3.01194,0.67345,0.01368,0.19359,0.11928
52.40000,3.01194,0.75069,0.00153,0.10287,0.14491
52.60000,3.01194,0.79321,0.00068,0.16934,0.03677
52.80000,3.01194,0.89877,0.00671,0.08975,0.00477
53.00000,3.01194,0.90131,0.00027,0.09449,0.00392
53.20000,3.01194,0.99662,0.00073,0.00067,0.00198
53.40000,3.01194,0.99540,0.00044,0.00097,0.00319
53.60000,3.01194,0.83536,0.00140,0.00007,0.16317
53.80000,3.01194,0.74141,0.00105,0.00132,0.25622
54.00000,3.01194,0.29275,0.04323,0.01230,0.65172
54.20000,3.01194,0.99698,0.00019,0.00062,0.00221
54.40000,3.01194,0.99510,0.00030,0.00106,0.00355
54.60000,3.01194,0.98756,0.00003,0.01161,0.00080
54.80000,3.01194,0.89601,0.03158,0.05973,0.01268
55.00000,3.01194,0.32343,0.02405,0.64458,0.00793
55.20000,3.01194,0.15716,0.04992,0.73627,0.05664
55.40000,3.01194,0.84180,0.00008,0.15334,0.00478
55.60000,3.01194,0.94935,0.04659,0.00164,0.00243
55.80000,3.01194,0.99842,0.00000,0.00002,0.00156
56.00000,3.01194,0.89332,0.00001,0.05166,0.05502
56.20000,3.01194,0.90261,0.00001,0.09592,0.00145
56.40000,3.01194,0.99802,0.00073,0.00081,0.00043
56.60000,3.01194,0.98401,0.00000,0.00001,0.01598
56.80000,3.01194,0.20556,0.00303,0.00468,0.78673
57.00000,3.01194,0.95921,0.00007,0.00038,0.04033
57.20000,3.01194,0.99273,0.00065,0.00071,0.00591
57.40000,3.01194,0.99974,0.00000,0.00021,0.00005
57.60000,3.01194,0.98426,0.01541,0.00022,0.00010
57.80000,3.01194,0.63902,0.00007,0.34204,0.01887
58.00000,3.01194,0.74366,0.16158,0.07467,0.02008
58.20000,3.01194,0.83731,0.12536,0.03205,0.00528
58.40000,3.01194,0.98137,0.01708,0.00081,0.00073
58.60000,3.01194,0.99775,0.00000,0.00188,0.00037
58.80000,3.01194,0.94179,0.00089,0.04624,0.01109
59.00000,3.01194,0.99943,0.00000,0.00048,0.00009
59.20000,3.01194,0.99637,0.00028,0.00004,0.00331
59.40000,3.01194,0.95808,0.00043,0.00012,0.04138
59.60000,3.01194,0.08540,0.00381,0.00123,0.90956
59.80000,3.01194,0.92966,0.00430,0.00226,0.06378
60.00000,3.01194,0.99728,0.00206,0.00019,0.00046
60.20000,3.01194,0.99987,0.00000,0.00012,0.00001
60.40000,3.01194,0.98895,0.00051,0.01009,0.00045
60.60000,3.01194,0.64019,0.01508,0.33613,0.00860
60.80000,3.01194,0.11860,0.03730,0.83432,0.00978
61.00000,3.01194,0.95707,0.00988,0.02552,0.00753
61.20000,3.01194,0.99453,0.00344,0.00122,0.00081
61.40000,3.01193,0.99140,0.00117,0.00176,0.00567
61.60000,3.01194,0.99490,0.00000,0.00053,0.00456
61.80000,3.01194,0.96949,0.00422,0.00753,0.01876
62.00000,3.01194,0.92075,0.03086,0.03842,0.00997
62.20000,3.01194,0.98100,0.00000,0.00805,0.01095
62.40000,3.01193,0.94892,0.00000,0.00000,0.05108
62.60000,3.01194,0.07738,0.00108,0.00175,0.91978
62.80000,3.01194,0.99861,0.00066,0.00011,0.00062
63.00000,3.01194,0.99985,0.00000,0.00011,0.00004
63.20000,3.01194,0.93573,0.05896,0.00242,0.00289
63.40000,3.01193,0.87054,0.00022,0.07225,0.05699
63.60000,3.01194,0.46451,0.00057,0.53153,0.00340
63.80000,3.01194,0.67326,0.24458,0.06469,0.01748
64.00000,3.01194,0.69308,0.30286,0.00315,0.00091
64.20000,3.01194,0.67724,0.32145,0.00081,0.00050
64.40000,3.01193,0.92360,0.02344,0.01985,0.03311
64.60000,3.01194,0.71223,0.01280,0.14238,0.13259
64.80000,3.01193,0.86811,0.02737,0.04742,0.05710
65.00000,3.01194,0.71975,0.24698,0.02081,0.01246
65.20000,3.01194,0.92192,0.02434,0.03757,0.01617
65.40000,3.01193,0.90652,0.05130,0.03057,0.01161
65.60000,3.01194,0.94432,0.00001,0.04093,0.01474
65.80000,3.01193,0.99750,0.00000,0.00075,0.00175
66.00000,3.01194,0.99756,0.00000,0.00003,0.00240
66.20000,3.01194,0.94815,0.00141,0.00000,0.05044
66.40000,3.01193,0.27081,0.00032,0.00022,0.72865
66.60000,3.01194,0.13345,0.00114,0.00228,0.86314
66.80000,3.01193,0.71327,0.00000,0.28651,0.00022
67.00000,3.01194,0.99989,0.00000,0.00006,0.00004
67.20000,3.01194,0.99084,0.00002,0.00853,0.00061
67.40000,3.01193,0.91433,0.01436,0.03914,0.03217
67.60000,3.01194,0.70539,0.00827,0.27038,0.01597
67.80000,3.01193,0.02717,0.00126,0.97028,0.00129
68.00000,3.01194,0.15665,0.03073,0.81183,0.00078
68.20000,3.01194,0.78569,0.21354,0.00059,0.00019
68.40000,3.01193,0.80322,0.19575,0.00045,0.00058
68.60000,3.01194,0.91189,0.06258,0.00949,0.01604
68.80000,3.01193,0.85057,0.03452,0.04983,0.06508
69.00000,3.01194,0.90415,0.01956,0.03169,0.04459
69.20000,3.01194,0.91461,0.07209,0.00857,0.00474
69.40000,3.01193,0.94231,0.00064,0.05391,0.00313
69.60000,3.01194,0.96286,0.00097,0.02717,0.00900
69.80000,3.01193,0.99883,0.00008,0.00024,0.00085
70.00000,3.01194,0.98222,0.00287,0.00008,0.01484
70.20000,3.01194,0.89474,0.00047,0.00009,0.10471
70.40000,3.01193,0.09893,0.00298,0.00363,0.89447
70.60000,3.01194,0.89118,0.02007,0.00809,0.08065
70.80000,3.01193,0.99638,0.00085,0.00085,0.00192
71.00000,3.01194,0.99901,0.00000,0.00090,0.00009
71.20000,3.01194,0.92792,0.00199,0.06073,0.00936
71.40000,3.01193,0.56007,0.03476,0.38734,0.01782
71.60000,3.01194,0.28627,0.29739,0.36687,0.04946
71.80000,3.01193,0.77109,0.12186,0.10428,0.00276
72.00000,3.01194,0.95526,0.01979,0.00742,0.01753
72.20000,3.01194,0.98978,0.00134,0.00198,0.00690
72.40000,3.01193,0.96502,0.00000,0.02942,0.00556
72.60000,3.01194,0.98740,0.00099,0.00592,0.00569
72.80000,3.01193,0.99919,0.00001,0.00074,0.00006
73.00000,3.01194,0.99499,0.00013,0.00000,0.00488
73.20000,3.01194,0.75652,0.00015,0.00019,0.24314
73.40000,3.01193,0.06272,0.00232,0.00188,0.93308
73.60000,3.01194,0.99552,0.00077,0.00017,0.00354
73.80000,3.01193,0.99878,0.00041,0.00026,0.00055
74.00000,3.01194,0.99959,0.00000,0.00036,0.00005
74.20000,3.01194,0.95552,0.00406,0.03803,0.00239
74.40000,3.01193,0.61612,0.01644,0.31920,0.04824
74.60000,3.01194,0.19098,0.18368,0.59024,0.03510
74.80000,3.01193,0.70769,0.10503,0.18480,0.00248
75.00000,3.01194,0.70946,0.28413,0.00329,0.00312
75.20000,3.01194,0.88451,0.04342,0.03087,0.04120
75.40000,3.01193,0.82708,0.00447,0.08505,0.08340
75.60000,3.01194,0.94366,0.01338,0.03024,0.01271
75.80000,3.01193,0.91566,0.00001,0.08053,0.00380
76.00000,3.01194,0.99940,0.00002,0.00029,0.00029
76.20000,3.01194,0.99909,0.00005,0.00027,0.00059
76.40000,3.01193,0.97370,0.00018,0.00000,0.02611
76.60000,3.01194,0.40784,0.00010,0.00011,0.59196
76.80000,3.01193,0.12100,0.01793,0.00760,0.85347
77.00000,3.01194,0.99906,0.00010,0.00035,0.00048
77.20000,3.01194,0.99943,0.00002,0.00017,0.00038
77.40000,3.01193,0.99428,0.00000,0.00548,0.00024
77.60000,3.01194,0.95606,0.00094,0.04209,0.00091
77.80000,3.01193,0.55674,0.00449,0.34273,0.09604
78.00000,3.01194,0.03358,0.00588,0.95579,0.00476
78.20000,3.01194,0.74575,0.02972,0.22332,0.00121
78.40000,3.01193,0.93369,0.06006,0.00465,0.00160
78.60000,3.01194,0.98084,0.00077,0.00802,0.01037
78.80000,3.01193,0.76065,0.00856,0.18093,0.04986
79.00000,3.01194,0.97954,0.00000,0.01544,0.00502
79.20000,3.01194,0.99875,0.00002,0.00095,0.00029
79.40000,3.01193,0.99861,0.00002,0.00031,0.00106
79.60000,3.01194,0.85300,0.00027,0.00003,0.14671
79.80000,3.01193,0.25391,0.00018,0.00060,0.74531
80.00000,3.01194,0.43745,0.09129,0.00806,0.46320
80.20000,3.01194,0.99968,0.00000,0.00002,0.00030
80.40000,3.01193,0.99862,0.00003,0.00053,0.00082
80.60000,3.01194,0.98658,0.00005,0.01244,0.00093
80.80000,3.01193,0.93757,0.00241,0.05540,0.00462
81.00000,3.01194,0.23044,0.02960,0.71578,0.02417
81.20000,3.01194,0.12181,0.01621,0.84378,0.01820
81.40000,3.01193,0.94324,0.03277,0.01658,0.00740
81.60000,3.01194,0.91406,0.07342,0.00691,0.00560
81.80000,3.01193,0.89081,0.00348,0.06225,0.04346
82.00000,3.01194,0.90928,0.00067,0.07769,0.01236
82.20000,3.01194,0.76644,0.00399,0.22520,0.00437
82.40000,3.01193,0.98804,0.00000,0.01083,0.00113
82.60000,3.01194,0.99890,0.00006,0.00030,0.00074
82.80000,3.01193,0.99825,0.00004,0.00002,0.00169
83.00000,3.01194,0.84748,0.00021,0.00005,0.15227
83.20000,3.01194,0.10530,0.00037,0.00029,0.89404
83.40000,3.01193,0.84576,0.00754,0.00147,0.14523
83.60000,3.01194,0.99988,0.00000,0.00002,0.00010
83.80000,3.01193,0.99765,0.00003,0.00097,0.00135
84.00000,3.01194,0.97935,0.00002,0.02027,0.00036
84.20000,3.01194,0.83869,0.02319,0.12794,0.01018
84.40000,3.01193,0.02979,0.00317,0.96468,0.00236
84.60000,3.01194,0.02161,0.00183,0.97444,0.00213
84.80000,3.01193,0.92712,0.00698,0.06174,0.00415
85.00000,3.01194,0.90506,0.09080,0.00200,0.00214
85.20000,3.01194,0.92340,0.00753,0.02626,0.04280
85.40000,3.01193,0.95439,0.00053,0.03171,0.01338
85.60000,3.01194,0.89656,0.00328,0.06192,0.03824
85.80000,3.01193,0.91798,0.00018,0.07065,0.01119
86.00000,3.01194,0.99806,0.00022,0.00054,0.00118
86.20000,3.01194,0.98928,0.00384,0.00031,0.00656
86.40000,3.01193,0.90235,0.00002,0.00007,0.09756
86.60000,3.01194,0.12849,0.00008,0.00065,0.87077
86.80000,3.01193,0.27323,0.01195,0.04317,0.67164
87.00000,3.01194,0.99849,0.00007,0.00063,0.00081
87.20000,3.01194,0.99911,0.00001,0.00061,0.00027
87.40000,3.01193,0.99340,0.00006,0.00618,0.00035
87.60000,3.01194,0.82760,0.02501,0.13587,0.01153
87.80000,3.01193,0.21746,0.00479,0.75490,0.02284
88.00000,3.01194,0.12516,0.01984,0.84038,0.01462
88.20000,3.01194,0.57719,0.10938,0.30848,0.00494
88.40000,3.01193,0.79250,0.19525,0.00687,0.00538
88.60000,3.01194,0.94125,0.03449,0.00863,0.01563
88.80000,3.01193,0.94808,0.00143,0.03075,0.01974
89.00000,3.01194,0.83841,0.00068,0.13120,0.02972
89.20000,3.01194,0.97017,0.00000,0.02477,0.00506
89.40000,3.01193,0.99901,0.00017,0.00018,0.00065
89.60000,3.01194,0.99376,0.00017,0.00045,0.00562
89.80000,3.01193,0.76808,0.00002,0.00002,0.23188
90.00000,3.01194,0.10514,0.00015,0.00052,0.89419
90.20000,3.01194,0.82381,0.00701,0.01539,0.15379
90.40000,3.01193,0.99991,0.00000,0.00002,0.00006
90.60000,3.01194,0.99848,0.00009,0.00049,0.00094
90.80000,3.01193,0.99382,0.00001,0.00590,0.00027
91.00000,3.01194,0.79389,0.01315,0.18152,0.01144
91.20000,3.01194,0.13154,0.00119,0.85203,0.01524
91.40000,3.01193,0.11474,0.00652,0.85944,0.01930
91.60000,3.01194,0.90980,0.04740,0.03441,0.00840
91.80000,3.01193,0.90658,0.08030,0.00640,0.00672
92.00000,3.01194,0.89881,0.01888,0.03055,0.05175
92.20000,3.01194,0.80894,0.01291,0.07897,0.09918
92.40000,3.01193,0.78611,0.08120,0.06970,0.06299
92.60000,3.01194,0.78552,0.13503,0.05584,0.02361
92.80000,3.01193,0.87321,0.04480,0.06293,0.01907
93.00000,3.01194,0.82831,0.09827,0.04809,0.02533
93.20000,3.01194,0.80744,0.00793,0.09715,0.08748
93.40000,3.01193,0.98338,0.00001,0.00624,0.01037
93.60000,3.01194,0.99346,0.00097,0.00058,0.00498
93.80000,3.01193,0.98713,0.00585,0.00011,0.00690
94.00000,3.01194,0.65123,0.00103,0.00003,0.34771
94.20000,3.01194,0.08668,0.00027,0.00122,0.91183
94.40000,3.01193,0.70343,0.00110,0.24839,0.04708
94.60000,3.01194,0.99983,0.00000,0.00011,0.00006
94.80000,3.01193,0.99484,0.00014,0.00132,0.00370
95.00000,3.01194,0.98439,0.00008,0.01348,0.00206
95.20000,3.01194,0.88644,0.04481,0.06191,0.00684
95.40000,3.01193,0.05900,0.00020,0.93382,0.00699
95.60000,3.01194,0.09486,0.02219,0.87258,0.01037
95.80000,3.01193,0.86372,0.09469,0.03753,0.00405
96.00000,3.01194,0.81259,0.18402,0.00176,0.00163
96.20000,3.01194,0.86790,0.11993,0.00506,0.00712
96.40000,3.01193,0.92124,0.00699,0.03237,0.03940
96.60000,3.01194,0.82808,0.00193,0.13093,0.03907
96.80000,3.01193,0.94351,0.00001,0.05145,0.00503
97.00000,3.01194,0.99727,0.00000,0.00240,0.00033
97.20000,3.01194,0.99687,0.00017,0.00090,0.00206
97.40000,3.01193,0.96947,0.00055,0.00000,0.02998
97.60000,3.01194,0.34758,0.00001,0.00007,0.65234
97.80000,3.01193,0.20227,0.00673,0.07160,0.71941
98.00000,3.01194,0.99952,0.00001,0.00015,0.00032
98.20000,3.01194,0.99954,0.00010,0.00010,0.00026
98.40000,3.01193,0.98622,0.00003,0.00739,0.00635
98.60000,3.01194,0.96482,0.00063,0.03388,0.00067
98.80000,3.01193,0.63736,0.00211,0.32360,0.03694
99.00000,3.01194,0.00638,0.00059,0.99181,0.00122
99.20000,3.01194,0.54714,0.05346,0.39183,0.00757
99.40000,3.01193,0.58753,0.40822,0.00203,0.00222
99.60000,3.01194,0.82087,0.15510,0.01316,0.01087
99.80000,3.01193,0.83182,0.01977,0.07693,0.07149
100.00000,3.01194,0.77989,0.00566,0.08610,0.12835
100.20000,3.01194,0.81036,0.03043,0.10752,0.05169
100.40000,3.01193,0.99134,0.00003,0.00755,0.00108
100.60000,3.01194,0.91870,0.00001,0.06118,0.02011
100.80000,3.01193,0.99775,0.00000,0.00058,0.00167
101.00000,3.01194,0.98058,0.01298,0.00058,0.00586
101.20000,3.01194,0.96494,0.00032,0.00001,0.03473
101.40000,3.01193,0.12667,0.00037,0.00087,0.87210
101.60000,3.01194,0.48421,0.00449,0.02836,0.48294
101.80000,3.01193,0.99177,0.00012,0.00753,0.00058
102.00000,3.01194,0.99789,0.00000,0.00177,0.00034
102.20000,3.01194,0.99292,0.00122,0.00341,0.00245
102.40000,3.01193,0.82768,0.00604,0.15926,0.00702
102.60000,3.01194,0.38789,0.00664,0.58365,0.02183
102.80000,3.01193,0.22847,0.01208,0.73965,0.01980
103.00000,3.01194,0.88569,0.10324,0.00980,0.00126
103.20000,3.01194,0.76358,0.22893,0.00410,0.00339
103.40000,3.01193,0.74791,0.19559,0.03371,0.02278
103.60000,3.01194,0.63928,0.03575,0.18251,0.14246
103.80000,3.01193,0.80971,0.00468,0.05142,0.13420
104.00000,3.01194,0.93672,0.00133,0.02305,0.03889
104.20000,3.01194,0.94120,0.00264,0.00615,0.05001
104.40000,3.01193,0.96134,0.00000,0.00822,0.03044
104.60000,3.01194,0.94188,0.00003,0.00299,0.05510
104.80000,3.01193,0.76163,0.16259,0.01258,0.06320
105.00000,3.01194,0.87733,0.00000,0.01129,0.11137
105.20000,3.01194,0.96881,0.00000,0.00001,0.03118
105.40000,3.01193,0.15867,0.00091,0.02968,0.81074
105.60000,3.01194,0.99747,0.00000,0.00244,0.00009
105.80000,3.01193,0.99888,0.00000,0.00039,0.00072
106.00000,3.01194,0.92030,0.07032,0.00268,0.00670
106.20000,3.01194,0.93042,0.00070,0.00975,0.05913
106.40000,3.01193,0.60282,0.00037,0.38660,0.01020
106.60000,3.01194,0.82601,0.11468,0.04369,0.01562
106.80000,3.01193,0.70940,0.28118,0.00876,0.00066
107.00000,3.01194,0.58564,0.41214,0.00099,0.00123
107.20000,3.01194,0.48307,0.49330,0.01546,0.00816
107.40000,3.01193,0.70476,0.09065,0.12142,0.08318
107.60000,3.01194,0.69714,0.00467,0.11770,0.18050
107.80000,3.01193,0.97880,0.00007,0.01344,0.00770
108.00000,3.01194,0.98685,0.00041,0.00195,0.01080
108.20000,3.01194,0.95794,0.00002,0.01582,0.02622
108.40000,3.01193,0.99571,0.00002,0.00102,0.00325
108.60000,3.01194,0.87364,0.04097,0.00919,0.07620
108.80000,3.01193,0.86802,0.00000,0.00559,0.12638
109.00000,3.01194,0.89379,0.00001,0.00001,0.10619
109.20000,3.01194,0.09991,0.00058,0.00639,0.89312
109.40000,3.01193,0.99734,0.00001,0.00254,0.00012
109.60000,3.01194,0.99914,0.00000,0.00043,0.00043
109.80000,3.01193,0.94002,0.04224,0.00678,0.01096
110.00000,3.01194,0.86207,0.00049,0.08800,0.04943
110.20000,3.01194,0.47397,0.00065,0.51290,0.01247
110.40000,3.01193,0.75493,0.08101,0.11919,0.04486
110.60000,3.01194,0.65900,0.33693,0.00305,0.00101
110.80000,3.01193,0.67876,0.31608,0.00311,0.00205
111.00000,3.01194,0.55229,0.37554,0.04686,0.02531
111.20000,3.01194,0.69835,0.08175,0.14609,0.07382
111.40000,3.01193,0.73077,0.03076,0.11017,0.12830
111.60000,3.01194,0.84795,0.06685,0.04948,0.03572
111.80000,3.01193,0.99255,0.00023,0.00319,0.00403
112.00000,3.01194,0.84143,0.00064,0.10353,0.05440
112.20000,3.01194,0.99846,0.00000,0.00041,0.00113
112.40000,3.01193,0.98645,0.00890,0.00110,0.00355
112.60000,3.01194,0.98303,0.00011,0.00001,0.01686
112.80000,3.01193,0.05943,0.00027,0.00010,0.94020
113.00000,3.01194,0.40652,0.00242,0.00551,0.58555
113.20000,3.01194,0.99212,0.00022,0.00688,0.00079
113.40000,3.01193,0.99876,0.00001,0.00072,0.00052
113.60000,3.01194,0.99368,0.00304,0.00164,0.00164
113.80000,3.01193,0.81617,0.00034,0.17855,0.00494
114.00000,3.01194,0.64619,0.05148,0.23331,0.06902
114.20000,3.01194,0.23284,0.04328,0.70795,0.01593
114.40000,3.01193,0.69387,0.30498,0.00074,0.00042
114.60000,3.01194,0.64672,0.34978,0.00166,0.00184
114.80000,3.01193,0.74616,0.21244,0.01817,0.02323
115.00000,3.01194,0.73371,0.09534,0.09521,0.07573
115.20000,3.01194,0.86068,0.00036,0.06179,0.07718
115.40000,3.01193,0.84255,0.06733,0.03173,0.05838
115.60000,3.01194,0.97894,0.00011,0.00079,0.02016
115.80000,3.01193,0.85682,0.00031,0.01364,0.12924
116.00000,3.01194,0.98525,0.00011,0.01160,0.00304
116.20000,3.01194,0.99559,0.00299,0.00005,0.00137
116.40000,3.01193,0.81584,0.00000,0.00109,0.18307
116.60000,3.01194,0.21543,0.00703,0.00456,0.77298
116.80000,3.01193,0.99233,0.00001,0.00306,0.00460
117.00000,3.01194,0.99112,0.00081,0.00063,0.00745
117.20000,3.01194,0.99935,0.00000,0.00059,0.00006
117.40000,3.01193,0.99876,0.00080,0.00016,0.00028
117.60000,3.01194,0.55596,0.00003,0.36465,0.07936
117.80000,3.01193,0.60876,0.02513,0.34726,0.01885
118.00000,3.01194,0.62394,0.36716,0.00549,0.00340
118.20000,3.01194,0.68690,0.31179,0.00068,0.00064
118.40000,3.01193,0.51244,0.48391,0.00192,0.00173
118.60000,3.01194,0.82447,0.07380,0.03680,0.06493
118.80000,3.01193,0.82383,0.03438,0.08220,0.05960
119.00000,3.01194,0.66990,0.24653,0.05124,0.03233
119.20000,3.01194,0.79771,0.13698,0.03220,0.03311
119.40000,3.01193,0.81042,0.15997,0.00807,0.02154
119.60000,3.01194,0.97406,0.00745,0.00113,0.01736
119.80000,3.01193,0.91167,0.00007,0.04560,0.04266
120.00000,3.01194,0.99719,0.00021,0.00062,0.00199
120.20000,3.01194,0.99681,0.00131,0.00063,0.00125
120.40000,3.01193,0.97897,0.00009,0.00000,0.02094
120.60000,3.01194,0.26431,0.00180,0.00082,0.73307
120.80000,3.01193,0.82900,0.00131,0.00058,0.16910
121.00000,3.01194,0.99861,0.00018,0.00104,0.00018
121.20000,3.01194,0.99820,0.00001,0.00118,0.00060
121.40000,3.01193,0.99845,0.00014,0.00089,0.00052
121.60000,3.01194,0.89224,0.00086,0.10313,0.00377
121.80000,3.01193,0.39623,0.00696,0.49093,0.10589
122.00000,3.01194,0.59462,0.23028,0.15463,0.02047
122.20000,3.01194,0.79623,0.19950,0.00228,0.00198
122.40000,3.01193,0.61150,0.38294,0.00288,0.00268
122.60000,3.01194,0.71589,0.25612,0.01381,0.01418
122.80000,3.01193,0.70740,0.02033,0.15145,0.12082
123.00000,3.01194,0.79892,0.00891,0.07638,0.11579
123.20000,3.01194,0.96241,0.00326,0.02027,0.01406
123.40000,3.01193,0.92482,0.00039,0.00686,0.06793
123.60000,3.01194,0.96649,0.00045,0.00074,0.03233
123.80000,3.01193,0.90709,0.02133,0.01783,0.05375
124.00000,3.01194,0.95003,0.00523,0.00345,0.04129
124.20000,3.01194,0.85226,0.00001,0.01070,0.13704
124.40000,3.01193,0.89656,0.00001,0.00001,0.10342
124.60000,3.01194,0.20740,0.00053,0.01620,0.77587
124.80000,3.01193,0.98474,0.00155,0.00691,0.00680
125.00000,3.01193,0.99897,0.00000,0.00090,0.00013
125.20000,3.01195,0.97955,0.01640,0.00188,0.00217
125.40000,3.01194,0.65448,0.00071,0.08342,0.26139
125.60000,3.01194,0.26967,0.00248,0.72370,0.00416
125.80000,3.01193,0.89267,0.08299,0.01681,0.00753
126.00000,3.01193,0.62369,0.37048,0.00237,0.00346
126.20000,3.01195,0.53441,0.45580,0.00512,0.00467
126.40000,3.01194,0.63584,0.33917,0.01238,0.01261
126.60000,3.01194,0.90931,0.04231,0.02457,0.02381
126.80000,3.01193,0.85040,0.00198,0.11980,0.02782
127.00000,3.01193,0.82129,0.00889,0.14956,0.02026
127.20000,3.01195,0.99518,0.00026,0.00276,0.00181
127.40000,3.01194,0.99384,0.00070,0.00283,0.00263
127.60000,3.01194,0.99378,0.00037,0.00010,0.00575
127.80000,3.01193,0.89131,0.00240,0.00152,0.10477
128.00000,3.01193,0.59028,0.00026,0.02935,0.38012
128.20000,3.01195,0.93707,0.00005,0.00614,0.05675
128.39999,3.01195,0.95790,0.00000,0.00108,0.04101
128.60001,3.01193,0.83240,0.00009,0.01004,0.15747
128.80000,3.01193,0.97481,0.00000,0.00265,0.02253
129.00000,3.01193,0.95098,0.00000,0.00858,0.04044
129.20000,3.01195,0.88373,0.00000,0.02790,0.08837
129.39999,3.01195,0.85191,0.00000,0.00144,0.14664
129.60001,3.01193,0.80813,0.00000,0.00161,0.19025
129.80000,3.01193,0.98010,0.00000,0.01791,0.00200
130.00000,3.01193,0.99958,0.00000,0.00026,0.00016
130.20000,3.01195,0.99751,0.00000,0.00197,0.00052
130.39999,3.01195,0.95217,0.00000,0.04314,0.00468
130.60001,3.01193,0.91172,0.00073,0.08672,0.00083
130.80000,3.01193,0.60526,0.00281,0.38289,0.00904
131.00000,3.01193,0.03258,0.00105,0.96574,0.00063
131.20000,3.01195,0.70570,0.27513,0.01557,0.00360
131.39999,3.01195,0.60942,0.39002,0.00019,0.00037
131.60001,3.01193,0.64673,0.34621,0.00453,0.00252
131.80000,3.01193,0.83024,0.13355,0.01810,0.01811
132.00000,3.01193,0.92289,0.00309,0.03365,0.04037
132.20000,3.01195,0.75048,0.00095,0.22686,0.02171
132.39999,3.01195,0.74037,0.01533,0.23035,0.01395
132.60001,3.01193,0.99640,0.00005,0.00310,0.00045
132.80000,3.01193,0.99813,0.00003,0.00093,0.00090
133.00000,3.01193,0.99697,0.00024,0.00002,0.00277
133.20000,3.01195,0.72205,0.00112,0.00013,0.27670
133.39999,3.01195,0.22149,0.00121,0.00107,0.77623
133.60001,3.01193,0.98022,0.00162,0.00229,0.01588
133.80000,3.01193,0.99932,0.00000,0.00017,0.00050
134.00000,3.01193,0.98891,0.00004,0.00833,0.00273
134.20000,3.01195,0.90325,0.00128,0.09184,0.00364
134.39999,3.01195,0.47499,0.40441,0.09832,0.02228
134.60001,3.01193,0.54767,0.02847,0.36129,0.06256
134.80000,3.01193,0.75222,0.04231,0.16041,0.04507
135.00000,3.01193,0.97421,0.00009,0.01284,0.01286
135.20000,3.01195,0.64853,0.00074,0.20980,0.14092
135.39999,3.01195,0.99147,0.00001,0.00629,0.00222
135.60001,3.01193,0.99837,0.00003,0.00095,0.00065
135.80000,3.01193,0.99661,0.00008,0.00001,0.00330
136.00000,3.01193,0.16216,0.00035,0.00162,0.83587
136.20000,3.01195,0.26393,0.00457,0.00058,0.73092
136.39999,3.01195,0.99221,0.00150,0.00190,0.00440
136.60001,3.01193,0.99963,0.00001,0.00028,0.00009
136.80000,3.01193,0.99445,0.00076,0.00388,0.00091
137.00000,3.01193,0.41202,0.00123,0.57101,0.01574
137.20000,3.01195,0.64414,0.15738,0.12876,0.06972
137.39999,3.01195,0.76101,0.19703,0.01608,0.02589
137.60001,3.01193,0.65134,0.33965,0.00331,0.00570
137.80000,3.01193,0.78902,0.18697,0.01009,0.01391
138.00000,3.01193,0.81325,0.07765,0.04328,0.06582
138.20000,3.01195,0.85150,0.08861,0.03647,0.02343
138.39999,3.01195,0.71111,0.07850,0.19442,0.01597
138.60001,3.01193,0.89754,0.01924,0.07067,0.01255
138.80000,3.01193,0.99501,0.00052,0.00223,0.00225
139.00000,3.01193,0.99779,0.00053,0.00013,0.00155
139.20000,3.01195,0.98653,0.00502,0.00003,0.00842
139.39999,3.01195,0.75271,0.00403,0.00046,0.24280
139.60001,3.01193,0.34509,0.00359,0.00490,0.64643
139.80000,3.01193,0.84819,0.00535,0.00362,0.14285
140.00000,3.01193,0.93863,0.00091,0.00108,0.05939
140.20000,3.01195,0.98095,0.00040,0.00780,0.01085
140.39999,3.01195,0.98234,0.00599,0.00789,0.00378
140.60001,3.01193,0.94430,0.00919,0.02775,0.01876
140.80000,3.01193,0.61672,0.05545,0.26216,0.06567
141.00000,3.01193,0.32480,0.48305,0.16046,0.03168
141.20000,3.01195,0.51070,0.37603,0.06882,0.04444
141.39999,3.01195,0.71297,0.16376,0.06985,0.05343
141.60001,3.01193,0.71206,0.25188,0.01678,0.01928
141.80000,3.01193,0.84985,0.08745,0.02645,0.03625
142.00000,3.01193,0.84203,0.10385,0.01475,0.03937
142.20000,3.01195,0.95304,0.00335,0.02770,0.01591
142.39999,3.01195,0.93805,0.00006,0.04058,0.02132
142.60001,3.01193,0.99680,0.00118,0.00059,0.00143
142.80000,3.01193,0.99288,0.00390,0.00031,0.00291
143.00000,3.01193,0.93874,0.00081,0.00000,0.06045
143.20000,3.01195,0.13079,0.00963,0.00204,0.85754
143.39999,3.01195,0.77090,0.17554,0.00123,0.05233
143.60001,3.01193,0.99781,0.00097,0.00048,0.00074
143.80000,3.01193,0.99991,0.00000,0.00005,0.00005
144.00000,3.01193,0.95646,0.00027,0.03996,0.00332
144.20000,3.01195,0.67016,0.03451,0.27996,0.01537
144.39999,3.01195,0.29724,0.26564,0.36760,0.06953
144.60001,3.01193,0.52405,0.40334,0.06105,0.01156
144.80000,3.01193,0.45518,0.54281,0.00096,0.00105
145.00000,3.01193,0.76883,0.22214,0.00344,0.00559
145.20000,3.01195,0.82093,0.12690,0.02226,0.02992
145.39999,3.01195,0.85845,0.01808,0.05572,0.06775
145.60001,3.01193,0.97837,0.00069,0.00733,0.01361
145.80000,3.01193,0.87405,0.00003,0.09707,0.02886
146.00000,3.01193,0.99788,0.00016,0.00077,0.00118
146.20000,3.01195,0.99589,0.00181,0.00035,0.00195
146.39999,3.01195,0.97991,0.00002,0.00000,0.02007
146.60001,3.01193,0.26886,0.00088,0.00181,0.72845
146.80000,3.01193,0.63884,0.02420,0.00334,0.33362
147.00000,3.01193,0.99901,0.00023,0.00037,0.00039
147.20000,3.01195,0.99943,0.00000,0.00031,0.00025
147.39999,3.01195,0.98858,0.00957,0.00131,0.00054
147.60001,3.01193,0.52257,0.00438,0.46048,0.01257
147.80000,3.01193,0.60130,0.05553,0.22059,0.12258
148.00000,3.01193,0.66399,0.30041,0.02417,0.01143
148.20000,3.01195,0.63346,0.36544,0.00048,0.00062
148.39999,3.01195,0.79380,0.19822,0.00278,0.00520
148.60001,3.01193,0.97885,0.01171,0.00332,0.00612
148.80000,3.01193,0.98094,0.00000,0.01305,0.00600
149.00000,3.01193,0.87514,0.00015,0.08719,0.03753
149.20000,3.01195,0.99850,0.00001,0.00131,0.00018
149.39999,3.01195,0.99631,0.00093,0.00008,0.00268
149.60001,3.01193,0.96337,0.00000,0.00001,0.03662
149.80000,3.01193,0.08140,0.00288,0.00267,0.91305
150.00000,3.01193,0.90322,0.01441,0.00094,0.08143
150.20000,3.01195,0.99576,0.00361,0.00031,0.00033
150.39999,3.01195,0.99979,0.00000,0.00014,0.00006
150.60001,3.01193,0.98690,0.00205,0.01014,0.00091
150.80000,3.01193,0.63441,0.00179,0.35672,0.00708
151.00000,3.01193,0.28527,0.04221,0.62969,0.04283
151.20000,3.01195,0.81786,0.11927,0.05578,0.00709
151.39999,3.01195,0.56767,0.43078,0.00054,0.00101
151.60001,3.01193,0.75738,0.23011,0.00549,0.00702
151.80000,3.01193,0.89836,0.07425,0.01081,0.01658
152.00000,3.01193,0.90517,0.00896,0.03899,0.04688
152.20000,3.01195,0.95334,0.00732,0.02524,0.01409
152.39999,3.01195,0.80188,0.00001,0.18225,0.01586
152.60001,3.01193,0.99821,0.00014,0.00055,0.00110
152.80000,3.01193,0.99875,0.00004,0.00049,0.00073
153.00000,3.01193,0.95895,0.00005,0.00000,0.04101
153.20000,3.01195,0.38833,0.00104,0.00066,0.60997
153.39999,3.01195,0.24996,0.06059,0.00237,0.68708
153.60001,3.01193,0.99934,0.00033,0.00005,0.00028
153.80000,3.01193,0.99943,0.00002,0.00027,0.00028
154.00000,3.01193,0.99630,0.00000,0.00347,0.00023
154.20000,3.01195,0.94174,0.00371,0.05233,0.00222
154.39999,3.01195,0.42214,0.02646,0.46375,0.08766
154.60001,3.01193,0.68212,0.06908,0.22493,0.02387
154.80000,3.01193,0.90177,0.07773,0.01261,0.00789
155.00000,3.01193,0.87932,0.10949,0.00433,0.00685
155.20000,3.01195,0.94001,0.01091,0.02369,0.02539
155.39999,3.01195,0.97626,0.00124,0.01030,0.01220
155.60001,3.01193,0.69130,0.00015,0.22950,0.07905
155.80000,3.01193,0.99016,0.00007,0.00683,0.00294
156.00000,3.01193,0.99840,0.00012,0.00063,0.00084
156.20000,3.01195,0.98218,0.00001,0.00001,0.01779
156.39999,3.01195,0.31113,0.00056,0.00117,0.68713
156.60001,3.01193,0.42663,0.00513,0.00138,0.56687
156.80000,3.01193,0.99259,0.00115,0.00324,0.00303
157.00000,3.01193,0.99881,0.00011,0.00056,0.00051
157.20000,3.01195,0.99440,0.00116,0.00357,0.00088
157.39999,3.01195,0.48309,0.00127,0.49150,0.02413
157.60001,3.01193,0.50646,0.02689,0.40080,0.06585
157.80000,3.01193,0.53608,0.23233,0.19980,0.03180
158.00000,3.01193,0.96585,0.02528,0.00191,0.00697
158.20000,3.01195,0.99693,0.00254,0.00027,0.00026
158.39999,3.01195,0.96046,0.00086,0.00934,0.02934
158.60001,3.01193,0.97563,0.00000,0.00301,0.02137
158.80000,3.01193,0.87311,0.00358,0.04424,0.07906
159.00000,3.01193,0.99395,0.00004,0.00399,0.00203
159.20000,3.01195,0.91473,0.00000,0.00433,0.08094
159.39999,3.01195,0.99490,0.00000,0.00000,0.00510
159.60001,3.01193,0.09218,0.00067,0.00065,0.90649
159.80000,3.01193,0.98315,0.00535,0.00483,0.00667
160.00000,3.01193,0.99964,0.00000,0.00028,0.00008
160.20000,3.01195,0.99311,0.00009,0.00572,0.00109
160.39999,3.01195,0.76793,0.00004,0.07262,0.15941
160.60001,3.01193,0.17578,0.00049,0.82264,0.00109
160.80000,3.01193,0.86426,0.13094,0.00271,0.00209
161.00000,3.01193,0.71944,0.27494,0.00233,0.00329
161.20000,3.01195,0.78243,0.20872,0.00381,0.00505
161.39999,3.01195,0.89032,0.00530,0.03443,0.06995
161.60001,3.01193,0.83757,0.03755,0.03719,0.08769
161.80000,3.01193,0.98714,0.00263,0.00279,0.00744
162.00000,3.01193,0.89670,0.00002,0.04588,0.05740
162.20000,3.01195,0.94561,0.00002,0.04870,0.00567
162.39999,3.01195,0.99802,0.00135,0.00003,0.00061
162.60001,3.01193,0.94936,0.00001,0.00015,0.05048
162.80000,3.01193,0.50742,0.03044,0.00269,0.45945
163.00000,3.01193,0.25959,0.00539,0.01008,0.72493
163.20000,3.01195,0.99452,0.00133,0.00007,0.00409
163.39999,3.01195,0.99821,0.00080,0.00078,0.00022
163.60001,3.01193,0.99983,0.00003,0.00012,0.00002
163.80000,3.01193,0.54114,0.00028,0.37184,0.08675
164.00000,3.01193,0.48744,0.25298,0.22370,0.03589
164.20000,3.01195,0.62943,0.34592,0.01846,0.00619
164.39999,3.01195,0.77618,0.21970,0.00090,0.00322
164.60001,3.01193,0.99554,0.00134,0.00019,0.00293
164.80000,3.01193,0.97207,0.00000,0.01332,0.01461
165.00000,3.01193,0.96300,0.00395,0.01698,0.01607
165.20000,3.01195,0.99927,0.00001,0.00063,0.00008
165.39999,3.01195,0.99461,0.00019,0.00002,0.00518
165.60001,3.01193,0.86795,0.00066,0.00003,0.13136
165.80000,3.01193,0.03944,0.00046,0.00005,0.96005
166.00000,3.01193,0.98773,0.00740,0.00027,0.00460
166.20000,3.01195,0.99815,0.00118,0.00033,0.00033
166.39999,3.01195,0.99966,0.00002,0.00029,0.00003
166.60001,3.01193,0.86887,0.00029,0.12422,0.00662
166.80000,3.01193,0.39750,0.00310,0.58713,0.01227
167.00000,3.01193,0.29700,0.23652,0.45870,0.00777
167.20000,3.01195,0.73579,0.26176,0.00172,0.00073
167.39999,3.01195,0.76742,0.23038,0.00113,0.00107
167.60001,3.01193,0.85442,0.08929,0.02120,0.03509
167.80000,3.01193,0.82226,0.01647,0.06916,0.09210
168.00000,3.01193,0.85298,0.04366,0.04887,0.05450
168.20000,3.01195,0.77079,0.18275,0.02483,0.02164
168.39999,3.01195,0.84458,0.12251,0.01101,0.02190
168.60001,3.01193,0.96022,0.00202,0.01967,0.01809
168.80000,3.01193,0.95517,0.02545,0.00396,0.01542
169.00000,3.01193,0.98612,0.00000,0.00037,0.01351
169.20000,3.01195,0.81868,0.01091,0.03579,0.13462
169.39999,3.01195,0.97672,0.00067,0.01152,0.01109
169.60001,3.01193,0.99362,0.00027,0.00000,0.00610
169.80000,3.01193,0.75735,0.00028,0.00068,0.24168
170.00000,3.01193,0.28416,0.00186,0.05753,0.65645
170.20000,3.01195,0.99376,0.00000,0.00036,0.00588
170.39999,3.01195,0.92708,0.00013,0.05353,0.01926
170.60001,3.01193,0.99907,0.00000,0.00063,0.00029
170.80000,3.01193,0.99431,0.00510,0.00003,0.00056
171.00000,3.01193,0.69412,0.00189,0.17601,0.12798
171.20000,3.01195,0.98806,0.00167,0.00785,0.00243
171.39999,3.01195,0.78827,0.20942,0.00200,0.00031
171.60001,3.01193,0.81271,0.13091,0.04803,0.00835
171.80000,3.01193,0.60608,0.38697,0.00360,0.00334
172.00000,3.01193,0.63233,0.36446,0.00176,0.00146
172.20000,3.01195,0.58243,0.41069,0.00326,0.00363
172.39999,3.01195,0.89750,0.04826,0.02225,0.03199
172.60001,3.01193,0.87752,0.01727,0.06494,0.04027
172.80000,3.01193,0.95900,0.00035,0.03599,0.00466
173.00000,3.01193,0.99746,0.00000,0.00172,0.00082
173.20000,3.01195,0.99728,0.00004,0.00002,0.00266
173.39999,3.01195,0.98791,0.00057,0.00002,0.01149
173.60001,3.01193,0.14659,0.00034,0.00002,0.85305
173.80000,3.01193,0.15024,0.00102,0.00068,0.84806
174.00000,3.01193,0.99594,0.00003,0.00053,0.00349
174.20000,3.01195,0.99991,0.00000,0.00005,0.00005
174.39999,3.01195,0.99803,0.00006,0.00080,0.00110
174.60001,3.01193,0.98102,0.00327,0.01331,0.00241
174.80000,3.01193,0.65367,0.04726,0.28596,0.01311
175.00000,3.01193,0.14746,0.00154,0.83940,0.01161
175.20000,3.01195,0.07490,0.00782,0.89749,0.01978
175.39999,3.01195,0.76861,0.21678,0.01107,0.00353
175.60001,3.01193,0.79700,0.20005,0.00103,0.00192
175.80000,3.01193,0.90025,0.03787,0.02620,0.03569
176.00000,3.01193,0.80273,0.02408,0.06726,0.10593
176.20000,3.01195,0.82167,0.01450,0.06735,0.09648
176.39999,3.01195,0.87621,0.02565,0.03716,0.06098
176.60001,3.01193,0.86719,0.01499,0.07180,0.04602
176.80000,3.01193,0.86511,0.01172,0.09612,0.02706
177.00000,3.01193,0.88011,0.00172,0.09520,0.02297
177.20000,3.01195,0.98773,0.00006,0.00917,0.00305
177.39999,3.01195,0.99253,0.00003,0.00260,0.00484
177.60001,3.01193,0.99338,0.00011,0.00006,0.00645
177.80000,3.01193,0.95973,0.00074,0.00031,0.03923
178.00000,3.01193,0.79923,0.00053,0.00184,0.19840
178.20000,3.01195,0.43156,0.00001,0.00026,0.56818
178.39999,3.01195,0.33138,0.00000,0.00011,0.66851
178.60001,3.01193,0.55199,0.00005,0.00348,0.44447
178.80000,3.01193,0.30695,0.00037,0.00018,0.69249
179.00000,3.01193,0.48128,0.00000,0.00016,0.51856
179.20000,3.01195,0.91815,0.00001,0.00828,0.07356
179.39999,3.01195,0.99930,0.00000,0.00014,0.00056
179.60001,3.01193,0.99594,0.00000,0.00210,0.00196
179.80000,3.01193,0.98853,0.00000,0.01096,0.00051
180.00000,3.01193,0.74589,0.00242,0.24179,0.00990
180.20000,3.01195,0.25147,0.00041,0.73362,0.01450
180.39999,3.01195,0.00571,0.00062,0.99242,0.00125
180.60001,3.01193,0.86071,0.11392,0.01337,0.01199
180.80000,3.01193,0.82453,0.17064,0.00205,0.00278
181.00000,3.01193,0.86926,0.10066,0.01289,0.01718
181.20000,3.01195,0.89803,0.05756,0.01569,0.02872
181.39999,3.01195,0.86703,0.00479,0.05153,0.07665
181.60001,3.01193,0.87143,0.00544,0.10457,0.01856
181.80000,3.01193,0.90606,0.00556,0.07637,0.01201
182.00000,3.01193,0.99782,0.00001,0.00082,0.00136
182.20000,3.01195,0.99733,0.00051,0.00030,0.00186
182.39999,3.01195,0.99583,0.00016,0.00000,0.00400
182.60001,3.01193,0.55543,0.00029,0.00005,0.44423
182.80000,3.01193,0.24722,0.00180,0.01879,0.73219
183.00000,3.01193,0.97367,0.00212,0.00075,0.02346
183.20000,3.01195,0.99758,0.00001,0.00063,0.00178
183.39999,3.01195,0.98404,0.00036,0.00645,0.00914
183.60001,3.01193,0.96267,0.00002,0.03673,0.00057
183.80000,3.01193,0.85010,0.02327,0.08426,0.04238
184.00000,3.01193,0.07512,0.00038,0.90576,0.01874
184.20000,3.01195,0.62000,0.17177,0.17769,0.03054
184.39999,3.01195,0.73357,0.22203,0.02665,0.01774
184.60001,3.01193,0.79546,0.17403,0.01366,0.01686
184.80000,3.01193,0.76492,0.11157,0.06877,0.05474
185.00000,3.01193,0.81887,0.01505,0.07010,0.09597
185.20000,3.01195,0.87904,0.07515,0.02142,0.02439
185.39999,3.01195,0.73797,0.21907,0.02102,0.02194
185.60001,3.01193,0.71086,0.23416,0.02232,0.03266
185.80000,3.01193,0.79286,0.16580,0.00982,0.03152
186.00000,3.01193,0.73966,0.21618,0.01303,0.03112
186.20000,3.01195,0.77872,0.15455,0.01899,0.04773
186.39999,3.01195,0.58039,0.38634,0.00952,0.02375
