Time (seconds), Duration (seconds),pred_(unlabeled),pred_imbalance,pred_working,pred_impact
0.00000,3.01194,0.35912,0.00007,0.24283,0.39799
0.20000,3.01194,0.41878,0.00002,0.22533,0.35587
0.40000,3.01194,0.36515,0.00000,0.08726,0.54759
0.60000,3.01194,0.35431,0.00000,0.09523,0.55046
0.80000,3.01194,0.37471,0.00000,0.09328,0.53201
1.00000,3.01194,0.46839,0.00000,0.12822,0.40339
1.20000,3.01194,0.53893,0.00000,0.13754,0.32353
1.40000,3.01194,0.54468,0.00000,0.13855,0.31677
1.60000,3.01194,0.40351,0.00000,0.13639,0.46011
1.80000,3.01194,0.40080,0.00000,0.09453,0.50468
2.00000,3.01194,0.39049,0.00000,0.13452,0.47499
2.20000,3.01194,0.36520,0.00000,0.06970,0.56510
2.40000,3.01194,0.22400,0.00000,0.00740,0.76860
2.60000,3.01194,0.91833,0.00000,0.03218,0.04949
2.80000,3.01194,0.65181,0.00039,0.24834,0.09947
3.00000,3.01194,0.49068,0.00000,0.31212,0.19720
3.20000,3.01194,0.52035,0.00000,0.42818,0.05147
3.40000,3.01194,0.47350,0.00000,0.14340,0.38310
3.60000,3.01194,0.33913,0.00002,0.05280,0.60804
3.80000,3.01194,0.83049,0.00000,0.05832,0.11119
4.00000,3.01194,0.51041,0.00000,0.17834,0.31125
4.20000,3.01194,0.96155,0.00000,0.00614,0.03231
4.40000,3.01194,0.54669,0.00000,0.31126,0.14205
4.60000,3.01194,0.44011,0.00004,0.16490,0.39495
4.80000,3.01194,0.88394,0.00000,0.06632,0.04973
5.00000,3.01194,0.99713,0.00000,0.00216,0.00072
5.20000,3.01194,0.38909,0.00000,0.05928,0.55163
5.40000,3.01194,0.40325,0.00000,0.07708,0.51966
5.60000,3.01194,0.48653,0.00000,0.17035,0.34311
5.80000,3.01194,0.44938,0.00016,0.37212,0.17835
6.00000,3.01194,0.88606,0.00000,0.04726,0.06668
6.20000,3.01194,0.42955,0.00002,0.26336,0.30707
6.40000,3.01194,0.40749,0.00000,0.15722,0.43529
6.60000,3.01194,0.93202,0.00001,0.02100,0.04698
6.80000,3.01194,0.69802,0.00000,0.02150,0.28047
7.00000,3.01194,0.51923,0.00000,0.08113,0.39963
7.20000,3.01194,0.40725,0.00000,0.09695,0.49580
7.40000,3.01194,0.53841,0.00000,0.08677,0.37481
7.60000,3.01194,0.48698,0.00000,0.20113,0.31190
7.80000,3.01194,0.98559,0.00000,0.00687,0.00754
8.00000,3.01194,0.61209,0.00000,0.15833,0.22959
8.20000,3.01194,0.47501,0.00000,0.07265,0.45234
8.40000,3.01194,0.67474,0.00003,0.16160,0.16364
8.60000,3.01194,0.55247,0.00001,0.21258,0.23495
8.80000,3.01194,0.39947,0.00000,0.12931,0.47122
9.00000,3.01194,0.39553,0.00000,0.15978,0.44468
9.20000,3.01194,0.44576,0.00001,0.19020,0.36402
9.40000,3.01194,0.41440,0.00002,0.21082,0.37477
9.60000,3.01194,0.53865,0.00000,0.01184,0.44952
9.80000,3.01194,0.53006,0.00000,0.05940,0.41054
10.00000,3.01194,0.49048,0.00004,0.22262,0.28686
10.20000,3.01194,0.53780,0.00001,0.15525,0.30694
10.40000,3.01194,0.33621,0.00000,0.09332,0.57047
10.60000,3.01194,0.44066,0.00000,0.17174,0.38760
10.80000,3.01194,0.40570,0.00000,0.11979,0.47451
11.00000,3.01194,0.42545,0.00001,0.13418,0.44037
11.20000,3.01194,0.49873,0.00001,0.22130,0.27996
11.40000,3.01194,0.69035,0.00000,0.03480,0.27485
11.60000,3.01194,0.28476,0.00001,0.00378,0.71146
11.80000,3.01194,0.57340,0.00001,0.05538,0.37122
12.00000,3.01194,0.97803,0.00007,0.01630,0.00560
12.20000,3.01194,0.39147,0.00005,0.03151,0.57696
12.40000,3.01194,0.42648,0.00000,0.12826,0.44526
12.60000,3.01194,0.51838,0.00000,0.15184,0.32978
12.80000,3.01194,0.49101,0.00000,0.19207,0.31692
13.00000,3.01194,0.59484,0.00005,0.28158,0.12354
13.20000,3.01194,0.92935,0.00000,0.00659,0.06406
13.40000,3.01194,0.74144,0.00000,0.18405,0.07451
13.60000,3.01194,0.21985,0.00000,0.00386,0.77629
13.80000,3.01194,0.76520,0.00012,0.07664,0.15804
14.00000,3.01194,0.90643,0.00010,0.08499,0.00848
14.20000,3.01194,0.51615,0.00001,0.27862,0.20522
14.40000,3.01194,0.39459,0.00000,0.08964,0.51577
14.60000,3.01194,0.43124,0.00001,0.13374,0.43501
14.80000,3.01194,0.40242,0.00007,0.27362,0.32389
15.00000,3.01194,0.50102,0.00000,0.14457,0.35441
15.20000,3.01194,0.41715,0.00000,0.09718,0.48567
15.40000,3.01194,0.51395,0.00010,0.19170,0.29425
15.60000,3.01194,0.57956,0.00102,0.22443,0.19498
15.80000,3.01194,0.58174,0.00000,0.19653,0.22173
16.00000,3.01194,0.40896,0.00000,0.13035,0.46069
16.20000,3.01194,0.47157,0.00001,0.15316,0.37525
16.40000,3.01194,0.56642,0.00001,0.29625,0.13732
16.60000,3.01194,0.92981,0.00000,0.00962,0.06057
16.80000,3.01194,0.50183,0.00000,0.00267,0.49550
17.00000,3.01194,0.41807,0.00000,0.08141,0.50052
17.20000,3.01194,0.30783,0.00031,0.04674,0.64512
17.40000,3.01194,0.72428,0.00090,0.13819,0.13663
17.60000,3.01194,0.87278,0.00002,0.10134,0.02586
17.80000,3.01194,0.43823,0.00000,0.15004,0.41173
18.00000,3.01194,0.41962,0.00000,0.09650,0.48388
18.20000,3.01194,0.43405,0.00000,0.21699,0.34896
18.40000,3.01194,0.97139,0.00000,0.02178,0.00683
18.60000,3.01194,0.82831,0.00000,0.01518,0.15651
18.80000,3.01194,0.30100,0.00000,0.02426,0.67475
19.00000,3.01194,0.51821,0.00000,0.18710,0.29469
19.20000,3.01194,0.41975,0.00001,0.12096,0.45927
19.40000,3.01194,0.77023,0.00000,0.08916,0.14061
19.60000,3.01194,0.67523,0.00000,0.07381,0.25095
19.80000,3.01194,0.44356,0.00000,0.12493,0.43150
20.00000,3.01194,0.42416,0.00000,0.10296,0.47288
20.20000,3.01194,0.50058,0.00000,0.22623,0.27318
20.40000,3.01194,0.51603,0.00002,0.24976,0.23419
20.60000,3.01194,0.98959,0.00000,0.00835,0.00206
20.80000,3.01194,0.90980,0.00000,0.01904,0.07115
