Time (seconds), Duration (seconds),pred_(unlabeled),pred_imbalance,pred_working,pred_impact
0.00000,3.01194,0.22990,0.76982,0.00005,0.00023
0.20000,3.01194,0.08044,0.91951,0.00000,0.00004
0.40000,3.01194,0.00999,0.99001,0.00000,0.00000
0.60000,3.01194,0.01989,0.98010,0.00000,0.00000
0.80000,3.01194,0.01085,0.98915,0.00000,0.00000
1.00000,3.01194,0.01479,0.98521,0.00000,0.00000
1.20000,3.01194,0.03854,0.96145,0.00000,0.00001
1.40000,3.01194,0.00475,0.99525,0.00000,0.00000
1.60000,3.01194,0.00698,0.99302,0.00000,0.00000
1.80000,3.01194,0.00856,0.99144,0.00000,0.00000
2.00000,3.01194,0.01887,0.98112,0.00000,0.00001
2.20000,3.01194,0.00590,0.99410,0.00000,0.00000
2.40000,3.01194,0.00445,0.99555,0.00000,0.00000
2.60000,3.01194,0.00841,0.99158,0.00000,0.00000
2.80000,3.01194,0.00447,0.99553,0.00000,0.00000
3.00000,3.01194,0.00390,0.99610,0.00000,0.00000
3.20000,3.01194,0.00642,0.99358,0.00000,0.00000
3.40000,3.01194,0.00774,0.99226,0.00000,0.00000
3.60000,3.01194,0.00706,0.99294,0.00000,0.00000
3.80000,3.01194,0.00467,0.99533,0.00000,0.00000
4.00000,3.01194,0.01344,0.98656,0.00000,0.00000
4.20000,3.01194,0.04880,0.95119,0.00000,0.00001
4.40000,3.01194,0.04431,0.95568,0.00000,0.00001
4.60000,3.01194,0.03561,0.96439,0.00000,0.00000
4.80000,3.01194,0.08054,0.91944,0.00000,0.00002
5.00000,3.01194,0.02682,0.97318,0.00000,0.00000
5.20000,3.01194,0.04374,0.95625,0.00000,0.00001
5.40000,3.01194,0.04588,0.95411,0.00000,0.00000
5.60000,3.01194,0.06971,0.93027,0.00000,0.00001
5.80000,3.01194,0.03034,0.96966,0.00000,0.00000
6.00000,3.01194,0.02844,0.97156,0.00000,0.00000
6.20000,3.01194,0.05928,0.94070,0.00000,0.00001
6.40000,3.01194,0.02737,0.97262,0.00000,0.00001
6.60000,3.01194,0.01430,0.98569,0.00000,0.00000
6.80000,3.01194,0.02554,0.97445,0.00000,0.00000
7.00000,3.01194,0.00702,0.99298,0.00000,0.00000
7.20000,3.01194,0.01047,0.98953,0.00000,0.00000
7.40000,3.01194,0.00499,0.99501,0.00000,0.00000
7.60000,3.01194,0.00454,0.99546,0.00000,0.00000
7.80000,3.01194,0.04277,0.95722,0.00000,0.00001
8.00000,3.01194,0.01714,0.98285,0.00000,0.00000
8.20000,3.01194,0.04428,0.95571,0.00000,0.00001
8.40000,3.01194,0.00926,0.99074,0.00000,0.00000
8.60000,3.01194,0.12859,0.87131,0.00002,0.00008
8.80000,3.01194,0.04211,0.95788,0.00000,0.00001
9.00000,3.01194,0.16479,0.83506,0.00003,0.00012
9.20000,3.01194,0.08529,0.91466,0.00001,0.00003
9.40000,3.01194,0.06010,0.93985,0.00001,0.00004
9.60000,3.01194,0.34864,0.65117,0.00003,0.00016
9.80000,3.01194,0.25494,0.74493,0.00004,0.00010
10.00000,3.01194,0.10086,0.89907,0.00001,0.00006
10.20000,3.01194,0.11375,0.88620,0.00001,0.00004
10.40000,3.01194,0.19824,0.80165,0.00004,0.00007
10.60000,3.01194,0.13540,0.86458,0.00001,0.00002
10.80000,3.01194,0.13392,0.86600,0.00003,0.00005
11.00000,3.01194,0.22037,0.77958,0.00001,0.00005
11.20000,3.01194,0.32112,0.67876,0.00002,0.00010
11.40000,3.01194,0.09534,0.90464,0.00000,0.00001
11.60000,3.01194,0.11505,0.88493,0.00000,0.00002
11.80000,3.01194,0.10186,0.89812,0.00001,0.00002
12.00000,3.01194,0.07001,0.92998,0.00000,0.00001
12.20000,3.01194,0.03137,0.96862,0.00000,0.00000
12.40000,3.01194,0.14862,0.85133,0.00001,0.00003
12.60000,3.01194,0.07506,0.92492,0.00000,0.00002
12.80000,3.01194,0.06943,0.93055,0.00000,0.00001
13.00000,3.01194,0.10647,0.89348,0.00001,0.00004
13.20000,3.01194,0.11446,0.88551,0.00001,0.00002
13.40000,3.01194,0.06553,0.93445,0.00000,0.00002
13.60000,3.01194,0.01812,0.98187,0.00000,0.00001
13.80000,3.01194,0.00649,0.99351,0.00000,0.00000
14.00000,3.01194,0.03958,0.96041,0.00000,0.00001
14.20000,3.01194,0.01757,0.98242,0.00000,0.00001
14.40000,3.01194,0.12106,0.87889,0.00001,0.00004
14.60000,3.01194,0.00967,0.99032,0.00000,0.00000
14.80000,3.01194,0.04397,0.95603,0.00000,0.00000
15.00000,3.01194,0.03093,0.96906,0.00000,0.00000
15.20000,3.01194,0.00935,0.99065,0.00000,0.00000
15.40000,3.01194,0.00730,0.99270,0.00000,0.00000
15.60000,3.01194,0.02175,0.97825,0.00000,0.00000
15.80000,3.01194,0.01595,0.98404,0.00000,0.00000
16.00000,3.01194,0.01452,0.98548,0.00000,0.00000
16.20000,3.01194,0.00612,0.99388,0.00000,0.00000
16.40000,3.01194,0.02074,0.97926,0.00000,0.00000
16.60000,3.01194,0.00732,0.99268,0.00000,0.00000
16.80000,3.01194,0.24047,0.75935,0.00005,0.00014
17.00000,3.01194,0.30538,0.69453,0.00002,0.00007
17.20000,3.01194,0.38066,0.61893,0.00010,0.00031
17.40000,3.01194,0.30683,0.69302,0.00004,0.00011
17.60000,3.01194,0.05983,0.94016,0.00000,0.00001
17.80000,3.01194,0.15401,0.84596,0.00001,0.00003
18.00000,3.01194,0.04227,0.95772,0.00000,0.00001
18.20000,3.01194,0.15759,0.84238,0.00001,0.00002
18.40000,3.01194,0.08430,0.91567,0.00000,0.00002
18.60000,3.01194,0.16736,0.83251,0.00004,0.00008
18.80000,3.01194,0.02656,0.97344,0.00000,0.00001
19.00000,3.01194,0.18506,0.81487,0.00001,0.00005
