Time (seconds), Duration (seconds),pred_(unlabeled),pred_imbalance,pred_working,pred_impact
0.00000,3.01194,0.68032,0.00095,0.13625,0.18247
0.20000,3.01194,0.71663,0.23349,0.03402,0.01586
0.40000,3.01194,0.89625,0.03110,0.06153,0.01112
0.60000,3.01194,0.73534,0.00022,0.13381,0.13063
0.80000,3.01194,0.75901,0.00001,0.06017,0.18081
1.00000,3.01194,0.84101,0.00000,0.03154,0.12746
1.20000,3.01194,0.80436,0.00000,0.00782,0.18781
1.40000,3.01194,0.49988,0.00006,0.05092,0.44914
1.60000,3.01194,0.43761,0.00001,0.01966,0.54272
1.80000,3.01194,0.99992,0.00000,0.00007,0.00001
2.00000,3.01194,0.99889,0.00000,0.00091,0.00020
2.20000,3.01194,0.95991,0.00000,0.01514,0.02495
2.40000,3.01194,0.77146,0.00113,0.14562,0.08180
2.60000,3.01194,0.53703,0.00038,0.27691,0.18568
2.80000,3.01194,0.39766,0.00012,0.18332,0.41890
3.00000,3.01194,0.69268,0.03132,0.11807,0.15793
3.20000,3.01194,0.51900,0.00320,0.20923,0.26858
3.40000,3.01194,0.57917,0.00545,0.14694,0.26843
3.60000,3.01194,0.47510,0.00022,0.20324,0.32144
3.80000,3.01194,0.73636,0.04764,0.13459,0.08141
4.00000,3.01194,0.81203,0.16647,0.01965,0.00184
4.20000,3.01194,0.79233,0.00004,0.11187,0.09577
4.40000,3.01194,0.61546,0.00000,0.01213,0.37241
4.60000,3.01194,0.77414,0.00000,0.00302,0.22283
4.80000,3.01194,0.36635,0.00000,0.03116,0.60250
5.00000,3.01194,0.73973,0.00254,0.12740,0.13033
5.20000,3.01194,0.99963,0.00000,0.00027,0.00009
5.40000,3.01194,0.99996,0.00000,0.00003,0.00001
5.60000,3.01194,0.99871,0.00000,0.00100,0.00029
5.80000,3.01194,0.59638,0.34409,0.04278,0.01675
6.00000,3.01194,0.51824,0.22189,0.12609,0.13378
6.20000,3.01194,0.65675,0.00503,0.28862,0.04960
6.40000,3.01194,0.30064,0.00856,0.01010,0.68069
6.60000,3.01194,0.42964,0.41975,0.00378,0.14683
6.80000,3.01194,0.83751,0.12360,0.01640,0.02249
7.00000,3.01194,0.77460,0.00306,0.15428,0.06805
7.20000,3.01194,0.87217,0.00002,0.08690,0.04092
7.40000,3.01194,0.73899,0.00000,0.10380,0.15721
7.60000,3.01194,0.66037,0.00001,0.02663,0.31300
7.80000,3.01194,0.81783,0.00000,0.00223,0.17993
8.00000,3.01194,0.66913,0.00000,0.00715,0.32372
8.20000,3.01194,0.50878,0.00016,0.05396,0.43710
8.40000,3.01194,0.99704,0.00000,0.00092,0.00204
8.60000,3.01194,0.99892,0.00000,0.00069,0.00038
8.80000,3.01194,0.99942,0.00000,0.00047,0.00011
9.00000,3.01194,0.98717,0.00019,0.00663,0.00600
9.20000,3.01194,0.84574,0.07901,0.02706,0.04820
9.40000,3.01194,0.62522,0.02679,0.17506,0.17293
9.60000,3.01194,0.43380,0.53418,0.02993,0.00208
9.80000,3.01194,0.04654,0.94145,0.00178,0.01022
10.00000,3.01194,0.19611,0.80013,0.00036,0.00340
10.20000,3.01194,0.81076,0.06274,0.07241,0.05410
10.40000,3.01194,0.84805,0.01618,0.10505,0.03073
10.60000,3.01194,0.82121,0.00002,0.15052,0.02825
10.80000,3.01194,0.94278,0.00000,0.04565,0.01157
11.00000,3.01194,0.61578,0.00000,0.00878,0.37544
11.20000,3.01194,0.61596,0.00000,0.00822,0.37582
11.40000,3.01194,0.36899,0.00000,0.02200,0.60901
11.60000,3.01194,0.94764,0.00080,0.04203,0.00952
11.80000,3.01194,0.99958,0.00000,0.00033,0.00008
12.00000,3.01194,0.99988,0.00000,0.00010,0.00002
12.20000,3.01194,0.97978,0.00000,0.01433,0.00589
12.40000,3.01194,0.66901,0.00097,0.10686,0.22317
12.60000,3.01194,0.81098,0.00159,0.12521,0.06223
12.80000,3.01194,0.99521,0.00000,0.00479,0.00000
13.00000,3.01194,0.97851,0.00330,0.01809,0.00010
13.20000,3.01194,0.50875,0.47403,0.00590,0.01132
13.40000,3.01194,0.79664,0.00274,0.10874,0.09189
13.60000,3.01194,0.45038,0.00167,0.03271,0.51525
13.80000,3.01194,0.34381,0.00003,0.07636,0.57980
14.00000,3.01194,0.49760,0.00000,0.16475,0.33764
14.20000,3.01194,0.58479,0.00000,0.03299,0.38223
14.40000,3.01194,0.71036,0.00001,0.09561,0.19402
14.60000,3.01194,0.41910,0.00000,0.01876,0.56214
14.80000,3.01194,0.67973,0.00000,0.00636,0.31391
15.00000,3.01194,0.98716,0.00001,0.00781,0.00501
15.20000,3.01194,0.95867,0.00002,0.03875,0.00256
15.40000,3.01194,0.99941,0.00000,0.00059,0.00001
15.60000,3.01194,0.91165,0.00001,0.08683,0.00151
15.80000,3.01194,0.49462,0.00079,0.49824,0.00635
16.00000,3.01194,0.97896,0.00000,0.02089,0.00014
16.20000,3.01194,0.99119,0.00000,0.00881,0.00000
16.40000,3.01194,0.94659,0.00303,0.04662,0.00376
16.60000,3.01194,0.96414,0.00402,0.01965,0.01219
16.80000,3.01194,0.34571,0.64146,0.00331,0.00953
17.00000,3.01194,0.69203,0.00932,0.14440,0.15425
17.20000,3.01194,0.49583,0.00001,0.17615,0.32802
17.40000,3.01194,0.68460,0.00000,0.09951,0.21590
17.60000,3.01194,0.87387,0.00000,0.00230,0.12383
17.80000,3.01194,0.78078,0.00000,0.00055,0.21867
18.00000,3.01194,0.51923,0.00000,0.02996,0.45081
18.20000,3.01194,0.85484,0.00000,0.01408,0.13108
18.40000,3.01194,0.99974,0.00000,0.00024,0.00002
18.60000,3.01194,0.99988,0.00000,0.00011,0.00001
18.80000,3.01194,0.99997,0.00000,0.00003,0.00000
19.00000,3.01194,0.99298,0.00000,0.00554,0.00149
19.20000,3.01194,0.47044,0.39202,0.11766,0.01988
19.40000,3.01194,0.75424,0.17383,0.06327,0.00867
19.60000,3.01194,0.98099,0.00176,0.01708,0.00017
19.80000,3.01194,0.99805,0.00002,0.00175,0.00018
20.00000,3.01194,0.63232,0.35015,0.00918,0.00835
20.20000,3.01194,0.13344,0.86363,0.00245,0.00048
20.40000,3.01194,0.33338,0.64249,0.01960,0.00453
20.60000,3.01194,0.86443,0.00032,0.12793,0.00732
20.80000,3.01194,0.99626,0.00000,0.00011,0.00363
21.00000,3.01194,0.93988,0.00000,0.00008,0.06005
21.20000,3.01194,0.67838,0.00000,0.00033,0.32129
21.40000,3.01194,0.24062,0.00000,0.00202,0.75736
21.60000,3.01194,0.89169,0.00006,0.00693,0.10131
21.80000,3.01194,0.99997,0.00000,0.00002,0.00001
22.00000,3.01194,0.99985,0.00000,0.00014,0.00001
22.20000,3.01194,0.99992,0.00000,0.00008,0.00001
22.40000,3.01194,0.95670,0.00013,0.03769,0.00548
22.60000,3.01194,0.87523,0.06967,0.03393,0.02117
22.80000,3.01194,0.42542,0.45536,0.11427,0.00494
23.00000,3.01194,0.99272,0.00010,0.00537,0.00181
23.20000,3.01194,0.99227,0.00298,0.00455,0.00020
23.40000,3.01194,0.78753,0.14014,0.05816,0.01417
23.60000,3.01194,0.57541,0.40165,0.02166,0.00128
23.80000,3.01194,0.81032,0.06649,0.09511,0.02807
24.00000,3.01194,0.56586,0.00012,0.13426,0.29975
24.20000,3.01194,0.78377,0.00000,0.00735,0.20888
24.40000,3.01194,0.61370,0.00001,0.00020,0.38610
24.60000,3.01194,0.18984,0.00000,0.00019,0.80997
24.80000,3.01194,0.50429,0.00000,0.01555,0.48016
25.00000,3.01194,0.95694,0.00000,0.00667,0.03639
25.20000,3.01194,0.99960,0.00000,0.00031,0.00009
25.40000,3.01194,0.99986,0.00000,0.00012,0.00002
25.60000,3.01194,0.99985,0.00007,0.00007,0.00000
25.80000,3.01194,0.94097,0.01040,0.03938,0.00925
26.00000,3.01194,0.52253,0.34958,0.07570,0.05220
26.20000,3.01194,0.19049,0.77360,0.03148,0.00444
26.40000,3.01194,0.97861,0.00170,0.01929,0.00039
26.60000,3.01194,0.97751,0.01544,0.00598,0.00108
26.80000,3.01194,0.85338,0.01179,0.06014,0.07469
27.00000,3.01194,0.54926,0.38568,0.01751,0.04755
27.20000,3.01194,0.37733,0.00091,0.13724,0.48453
27.40000,3.01194,0.56239,0.00002,0.38871,0.04888
27.60000,3.01194,0.92051,0.00000,0.05521,0.02427
27.80000,3.01194,0.67087,0.00000,0.05994,0.26920
28.00000,3.01194,0.63788,0.00000,0.01428,0.34784
28.20000,3.01194,0.33377,0.00001,0.03887,0.62735
28.40000,3.01194,0.97765,0.00004,0.01044,0.01186
28.60000,3.01194,0.99711,0.00000,0.00282,0.00007
28.80000,3.01194,0.99972,0.00000,0.00027,0.00001
29.00000,3.01194,0.99795,0.00000,0.00168,0.00037
29.20000,3.01194,0.88425,0.00001,0.10092,0.01481
29.40000,3.01194,0.79678,0.00422,0.07833,0.12068
29.60000,3.01194,0.80712,0.00002,0.08251,0.11035
29.80000,3.01194,0.99953,0.00001,0.00035,0.00012
30.00000,3.01194,0.87356,0.00099,0.05036,0.07509
30.20000,3.01194,0.85663,0.00696,0.05872,0.07769
30.40000,3.01194,0.88317,0.09829,0.01326,0.00528
30.60000,3.01194,0.97814,0.01341,0.00766,0.00079
30.80000,3.01194,0.96200,0.00036,0.02965,0.00799
31.00000,3.01194,0.92280,0.00035,0.05178,0.02507
31.20000,3.01194,0.63772,0.00000,0.07862,0.28365
31.40000,3.01194,0.55829,0.00000,0.07736,0.36436
31.60000,3.01194,0.45694,0.00001,0.05138,0.49167
31.80000,3.01194,0.45087,0.00005,0.03964,0.50944
32.00000,3.01194,0.62004,0.00000,0.01102,0.36894
32.20000,3.01194,0.58115,0.00000,0.01888,0.39997
32.40000,3.01194,0.77931,0.00000,0.00401,0.21668
32.60000,3.01194,0.99843,0.00003,0.00069,0.00085
32.80000,3.01194,0.99912,0.00000,0.00070,0.00018
33.00000,3.01194,0.99957,0.00000,0.00040,0.00003
33.20000,3.01194,0.99961,0.00014,0.00025,0.00000
33.40000,3.01194,0.98893,0.00001,0.00373,0.00734
33.60000,3.01194,0.95617,0.00001,0.02398,0.01984
33.80000,3.01194,0.86761,0.00791,0.09219,0.03230
34.00000,3.01194,0.99285,0.00008,0.00585,0.00122
34.20000,3.01194,0.99732,0.00074,0.00128,0.00066
34.40000,3.01194,0.72625,0.26746,0.00448,0.00181
34.60000,3.01194,0.93792,0.05456,0.00332,0.00420
34.80000,3.01194,0.75927,0.23460,0.00042,0.00572
35.00000,3.01194,0.72859,0.00197,0.02294,0.24650
35.20000,3.01194,0.47502,0.00001,0.03390,0.49107
35.40000,3.01194,0.60328,0.00005,0.07170,0.32497
35.60000,3.01194,0.43163,0.00079,0.30259,0.26499
35.80000,3.01194,0.43377,0.00041,0.27705,0.28876
36.00000,3.01194,0.61516,0.00016,0.18901,0.19566
36.20000,3.01194,0.48317,0.00006,0.23662,0.28015
36.40000,3.01194,0.60001,0.00066,0.18960,0.20972
36.60000,3.01194,0.90684,0.00128,0.02997,0.06192
36.80000,3.01194,0.70524,0.00042,0.03519,0.25916
37.00000,3.01194,0.67317,0.00006,0.03284,0.29393
37.20000,3.01194,0.72683,0.00013,0.01026,0.26278
37.40000,3.01194,0.40480,0.00000,0.03782,0.55738
37.60000,3.01194,0.42952,0.00000,0.03109,0.53939
37.80000,3.01194,0.99861,0.00004,0.00078,0.00058
38.00000,3.01194,0.99943,0.00008,0.00034,0.00016
38.20000,3.01194,0.99886,0.00009,0.00059,0.00046
38.40000,3.01194,0.94042,0.00121,0.01832,0.04006
38.60000,3.01194,0.72454,0.00002,0.04471,0.23073
38.80000,3.01194,0.72688,0.00036,0.10329,0.16946
39.00000,3.01194,0.75423,0.13926,0.00610,0.10041
39.20000,3.01194,0.84201,0.04314,0.01283,0.10202
39.40000,3.01194,0.69453,0.00341,0.06014,0.24192
39.60000,3.01194,0.81743,0.00316,0.03461,0.14480
39.80000,3.01194,0.73622,0.00296,0.06437,0.19645
40.00000,3.01194,0.67696,0.00026,0.05274,0.27004
40.20000,3.01194,0.58740,0.07498,0.04881,0.28882
40.40000,3.01194,0.46622,0.00035,0.14406,0.38938
40.60000,3.01194,0.47433,0.00033,0.28038,0.24497
40.80000,3.01194,0.91891,0.00003,0.06116,0.01990
41.00000,3.01194,0.87888,0.00000,0.06116,0.05996
41.20000,3.01194,0.49254,0.00000,0.01236,0.49510
41.40000,3.01194,0.34935,0.00000,0.02080,0.62986
41.60000,3.01194,0.97871,0.00001,0.00066,0.02062
41.80000,3.01194,0.98460,0.00744,0.00560,0.00237
42.00000,3.01194,0.99998,0.00000,0.00002,0.00000
42.20000,3.01194,0.99950,0.00000,0.00022,0.00028
42.40000,3.01194,0.93428,0.00000,0.06099,0.00473
42.60000,3.01194,0.75655,0.09686,0.11579,0.03080
42.80000,3.01194,0.54770,0.00536,0.35230,0.09464
43.00000,3.01194,0.73174,0.00119,0.17458,0.09250
43.20000,3.01194,0.03388,0.96534,0.00028,0.00050
43.40000,3.01194,0.64695,0.34580,0.00355,0.00370
43.60000,3.01194,0.85290,0.14565,0.00106,0.00039
43.80000,3.01194,0.98292,0.00510,0.01105,0.00093
44.00000,3.01194,0.83243,0.00000,0.14075,0.02682
44.20000,3.01194,0.69070,0.00000,0.01260,0.29670
44.40000,3.01194,0.32332,0.00000,0.01318,0.66351
44.60000,3.01194,0.36644,0.00000,0.02781,0.60574
44.80000,3.01194,0.99980,0.00008,0.00010,0.00002
45.00000,3.01194,0.99998,0.00000,0.00002,0.00000
45.20000,3.01194,0.99990,0.00000,0.00006,0.00004
45.40000,3.01194,0.98401,0.00000,0.01350,0.00249
45.60000,3.01194,0.62147,0.05273,0.29480,0.03101
45.80000,3.01194,0.50987,0.04258,0.33855,0.10901
46.00000,3.01194,0.83343,0.00024,0.13195,0.03438
46.20000,3.01194,0.03532,0.96461,0.00003,0.00004
46.40000,3.01194,0.52381,0.47436,0.00066,0.00117
46.60000,3.01194,0.32667,0.66962,0.00240,0.00131
46.80000,3.01194,0.30870,0.68927,0.00194,0.00009
47.00000,3.01194,0.90029,0.00750,0.06309,0.02913
47.20000,3.01194,0.77117,0.00066,0.07757,0.15060
47.40000,3.01194,0.56019,0.00000,0.03047,0.40934
47.60000,3.01194,0.78086,0.00004,0.01891,0.20019
47.80000,3.01194,0.64988,0.00000,0.08855,0.26157
48.00000,3.01194,0.79474,0.00000,0.04981,0.15545
48.20000,3.01194,0.84595,0.00000,0.01522,0.13882
48.40000,3.01194,0.93805,0.00000,0.00753,0.05442
48.60000,3.01194,0.99970,0.00001,0.00021,0.00008
48.80000,3.01194,0.99943,0.00015,0.00037,0.00005
49.00000,3.01194,0.98747,0.01136,0.00093,0.00025
49.20000,3.01194,0.99613,0.00197,0.00065,0.00125
49.40000,3.01194,0.92033,0.00080,0.07051,0.00836
49.60000,3.01194,0.75696,0.03140,0.15873,0.05291
49.80000,3.01194,0.83637,0.04977,0.09764,0.01622
50.00000,3.01194,0.98330,0.00152,0.01104,0.00414
50.20000,3.01194,0.61790,0.26847,0.08942,0.02421
50.40000,3.01194,0.86016,0.08356,0.04682,0.00946
50.60000,3.01194,0.72246,0.27567,0.00143,0.00044
50.80000,3.01194,0.92052,0.00229,0.06703,0.01015
51.00000,3.01194,0.75461,0.00000,0.20299,0.04240
51.20000,3.01194,0.69202,0.00000,0.00665,0.30133
51.40000,3.01194,0.77087,0.00000,0.01037,0.21876
51.60000,3.01194,0.51272,0.00000,0.03580,0.45148
51.80000,3.01194,0.99940,0.00000,0.00020,0.00040
52.00000,3.01194,0.99992,0.00000,0.00008,0.00000
52.20000,3.01194,0.99996,0.00000,0.00004,0.00000
52.40000,3.01194,0.99991,0.00000,0.00008,0.00001
52.60000,3.01194,0.95278,0.00000,0.04023,0.00699
52.80000,3.01194,0.73858,0.00031,0.22376,0.03735
53.00000,3.01194,0.67618,0.00112,0.26332,0.05938
53.20000,3.01194,0.81753,0.00029,0.11100,0.07118
53.40000,3.01194,0.85373,0.10112,0.03133,0.01381
53.60000,3.01194,0.82543,0.11276,0.04559,0.01622
53.80000,3.01194,0.22068,0.77903,0.00024,0.00004
54.00000,3.01194,0.48187,0.51558,0.00234,0.00021
54.20000,3.01194,0.85865,0.07367,0.03996,0.02772
54.40000,3.01194,0.74952,0.01246,0.08206,0.15596
54.60000,3.01194,0.79320,0.00002,0.02219,0.18459
54.80000,3.01194,0.70990,0.00077,0.03712,0.25220
55.00000,3.01194,0.79064,0.00016,0.05477,0.15443
55.20000,3.01194,0.64265,0.00000,0.01283,0.34453
55.40000,3.01194,0.55860,0.00000,0.00755,0.43385
55.60000,3.01194,0.92885,0.00007,0.00172,0.06936
55.80000,3.01194,0.85017,0.14604,0.00055,0.00325
56.00000,3.01194,0.99983,0.00011,0.00003,0.00003
56.20000,3.01194,0.99793,0.00033,0.00071,0.00103
56.40000,3.01194,0.99914,0.00010,0.00033,0.00043
56.60000,3.01194,0.93028,0.00777,0.03040,0.03155
56.80000,3.01194,0.82669,0.00222,0.12833,0.04276
57.00000,3.01194,0.59698,0.01196,0.17124,0.21983
57.20000,3.01194,0.92993,0.00934,0.03935,0.02137
57.40000,3.01194,0.71966,0.18278,0.03405,0.06351
57.60000,3.01194,0.38666,0.59367,0.01419,0.00548
57.80000,3.01194,0.74048,0.24220,0.01630,0.00102
58.00000,3.01194,0.99647,0.00098,0.00188,0.00067
58.20000,3.01194,0.97947,0.00007,0.00334,0.01712
58.40000,3.01194,0.39597,0.00000,0.04230,0.56173
58.60000,3.01194,0.30091,0.00000,0.02283,0.67625
58.80000,3.01194,0.96167,0.00014,0.00235,0.03584
59.00000,3.01194,0.99891,0.00054,0.00038,0.00017
59.20000,3.01194,0.99989,0.00000,0.00009,0.00001
59.40000,3.01194,0.99493,0.00000,0.00203,0.00304
59.60000,3.01194,0.77353,0.00007,0.22014,0.00626
59.80000,3.01194,0.59996,0.00013,0.35300,0.04691
60.00000,3.01194,0.66840,0.26259,0.05935,0.00967
60.20000,3.01194,0.83937,0.00555,0.10720,0.04787
60.40000,3.01194,0.88147,0.10326,0.01386,0.00141
60.60000,3.01194,0.95723,0.03878,0.00351,0.00048
60.80000,3.01194,0.59492,0.00306,0.19231,0.20972
61.00000,3.01194,0.67611,0.00001,0.04173,0.28215
61.20000,3.01194,0.90555,0.00090,0.02819,0.06536
61.40000,3.01193,0.88612,0.07742,0.02077,0.01568
61.60000,3.01194,0.50326,0.00015,0.07473,0.42187
61.80000,3.01194,0.86196,0.00001,0.00854,0.12948
62.00000,3.01194,0.99900,0.00000,0.00053,0.00047
62.20000,3.01194,0.99556,0.00001,0.00269,0.00174
62.40000,3.01193,0.89540,0.09879,0.00271,0.00310
62.60000,3.01194,0.84701,0.00233,0.06190,0.08876
62.80000,3.01194,0.94101,0.02405,0.02446,0.01048
63.00000,3.01194,0.54053,0.00086,0.22484,0.23377
63.20000,3.01194,0.76877,0.00369,0.10969,0.11785
63.40000,3.01193,0.90528,0.08836,0.00588,0.00048
63.60000,3.01194,0.95363,0.00010,0.03961,0.00666
63.80000,3.01194,0.70824,0.00008,0.01803,0.27365
64.00000,3.01194,0.81396,0.00024,0.04169,0.14412
64.20000,3.01194,0.95432,0.02610,0.01079,0.00879
64.40000,3.01193,0.73434,0.00091,0.23508,0.02968
64.60000,3.01194,0.75822,0.00018,0.08148,0.16012
64.80000,3.01193,0.63543,0.00000,0.02632,0.33825
65.00000,3.01194,0.58777,0.00001,0.06867,0.34354
65.20000,3.01194,0.33971,0.45292,0.03600,0.17137
65.40000,3.01193,0.97641,0.00296,0.01087,0.00976
65.60000,3.01194,0.96669,0.02179,0.00651,0.00501
65.80000,3.01193,0.68753,0.28814,0.01161,0.01272
66.00000,3.01194,0.87345,0.05828,0.02137,0.04690
66.20000,3.01194,0.67151,0.01387,0.20918,0.10544
66.40000,3.01193,0.43212,0.00996,0.11318,0.44474
66.60000,3.01194,0.16001,0.83730,0.00125,0.00144
66.80000,3.01193,0.96935,0.00952,0.01929,0.00184
67.00000,3.01194,0.60755,0.00017,0.27238,0.11990
67.20000,3.01194,0.55850,0.00000,0.02839,0.41311
67.40000,3.01193,0.72776,0.00000,0.00152,0.27072
67.60000,3.01194,0.37038,0.00000,0.00133,0.62829
67.80000,3.01193,0.58272,0.00000,0.01704,0.40024
68.00000,3.01194,0.99763,0.00000,0.00056,0.00181
68.20000,3.01194,0.99995,0.00000,0.00004,0.00001
68.40000,3.01193,0.99997,0.00000,0.00003,0.00001
68.60000,3.01194,0.99991,0.00001,0.00007,0.00001
68.80000,3.01193,0.97728,0.00005,0.00979,0.01288
69.00000,3.01194,0.87991,0.00361,0.03454,0.08193
69.20000,3.01194,0.76208,0.06217,0.13071,0.04505
69.40000,3.01193,0.90568,0.00754,0.05656,0.03022
69.60000,3.01194,0.88489,0.00101,0.07185,0.04225
69.80000,3.01193,0.68225,0.27485,0.02665,0.01625
70.00000,3.01194,0.42370,0.57531,0.00050,0.00049
70.20000,3.01194,0.88172,0.11050,0.00669,0.00108
70.40000,3.01193,0.89206,0.02993,0.06013,0.01788
70.60000,3.01194,0.50843,0.00018,0.21254,0.27885
70.80000,3.01193,0.78020,0.00001,0.02756,0.19223
71.00000,3.01194,0.69358,0.00000,0.01555,0.29087
71.20000,3.01194,0.64355,0.00003,0.06469,0.29173
71.40000,3.01193,0.48495,0.00000,0.01575,0.49930
71.60000,3.01194,0.68814,0.00000,0.00991,0.30195
71.80000,3.01193,0.51548,0.00000,0.00914,0.47538
72.00000,3.01194,0.96867,0.00000,0.00306,0.02827
72.20000,3.01194,0.97075,0.00005,0.00877,0.02043
72.40000,3.01193,0.99952,0.00034,0.00011,0.00003
72.60000,3.01194,0.99714,0.00007,0.00123,0.00156
72.80000,3.01193,0.98145,0.00309,0.00475,0.01072
73.00000,3.01194,0.85584,0.05688,0.03048,0.05680
73.20000,3.01194,0.34114,0.61965,0.03438,0.00483
73.40000,3.01193,0.58711,0.36252,0.04736,0.00301
73.60000,3.01194,0.02512,0.97453,0.00026,0.00009
73.80000,3.01193,0.55469,0.44359,0.00054,0.00118
74.00000,3.01194,0.86119,0.12414,0.00153,0.01315
74.20000,3.01194,0.17459,0.82288,0.00041,0.00212
74.40000,3.01193,0.53260,0.45941,0.00612,0.00187
74.60000,3.01194,0.93495,0.00487,0.05428,0.00591
74.80000,3.01193,0.80410,0.00334,0.15674,0.03581
75.00000,3.01194,0.49746,0.00009,0.23365,0.26881
75.20000,3.01194,0.74735,0.00000,0.01332,0.23933
75.40000,3.01193,0.80997,0.00000,0.01670,0.17333
75.60000,3.01194,0.90190,0.00155,0.01597,0.08058
75.80000,3.01193,0.50069,0.00000,0.01308,0.48623
76.00000,3.01194,0.63828,0.00000,0.00935,0.35237
76.20000,3.01194,0.96545,0.00000,0.00388,0.03066
76.40000,3.01193,0.99838,0.00000,0.00111,0.00051
76.60000,3.01194,0.99772,0.00218,0.00008,0.00001
76.80000,3.01193,0.99524,0.00467,0.00007,0.00002
77.00000,3.01194,0.99100,0.00002,0.00308,0.00591
77.20000,3.01194,0.85260,0.03576,0.00400,0.10764
77.40000,3.01193,0.86271,0.01146,0.06856,0.05726
77.60000,3.01194,0.85224,0.00242,0.09124,0.05410
77.80000,3.01193,0.80232,0.19038,0.00673,0.00057
78.00000,3.01194,0.09673,0.90320,0.00005,0.00003
78.20000,3.01194,0.91689,0.07191,0.00321,0.00799
78.40000,3.01193,0.48853,0.50989,0.00027,0.00131
78.60000,3.01194,0.93649,0.03914,0.00890,0.01547
78.80000,3.01193,0.66626,0.31549,0.01377,0.00448
79.00000,3.01194,0.89392,0.00190,0.09428,0.00990
79.20000,3.01194,0.69937,0.00139,0.18796,0.11129
79.40000,3.01193,0.52395,0.00007,0.16834,0.30764
79.60000,3.01194,0.66381,0.00000,0.03760,0.29858
79.80000,3.01193,0.72430,0.00001,0.05083,0.22486
80.00000,3.01194,0.64805,0.00000,0.01123,0.34072
80.20000,3.01194,0.45556,0.00000,0.00180,0.54264
80.40000,3.01193,0.46755,0.00002,0.00822,0.52421
80.60000,3.01194,0.99703,0.00000,0.00137,0.00160
80.80000,3.01193,0.99920,0.00001,0.00063,0.00016
81.00000,3.01194,0.99780,0.00201,0.00016,0.00003
81.20000,3.01194,0.99441,0.00483,0.00048,0.00028
81.40000,3.01193,0.96313,0.00005,0.01144,0.02538
81.60000,3.01194,0.73958,0.04956,0.03802,0.17284
81.80000,3.01193,0.78782,0.20064,0.00507,0.00647
82.00000,3.01194,0.43917,0.55744,0.00217,0.00121
82.20000,3.01194,0.17674,0.82221,0.00089,0.00017
82.40000,3.01193,0.70078,0.29817,0.00029,0.00077
82.60000,3.01194,0.87708,0.00036,0.02684,0.09573
82.80000,3.01193,0.99611,0.00237,0.00005,0.00146
83.00000,3.01194,0.96433,0.00024,0.00734,0.02809
83.20000,3.01194,0.43788,0.00088,0.27228,0.28896
83.40000,3.01193,0.46747,0.00208,0.34601,0.18445
83.60000,3.01194,0.88207,0.00392,0.09758,0.01644
83.80000,3.01193,0.80151,0.00052,0.17551,0.02245
84.00000,3.01194,0.59189,0.00010,0.33097,0.07704
84.20000,3.01194,0.63763,0.00000,0.01280,0.34957
84.40000,3.01193,0.44464,0.00000,0.00969,0.54567
84.60000,3.01194,0.61307,0.00000,0.00175,0.38518
84.80000,3.01193,0.91917,0.00000,0.01242,0.06842
85.00000,3.01194,0.99958,0.00000,0.00029,0.00012
85.20000,3.01194,0.99984,0.00000,0.00016,0.00000
85.40000,3.01193,0.99992,0.00000,0.00007,0.00000
85.60000,3.01194,0.99908,0.00001,0.00069,0.00023
85.80000,3.01193,0.96058,0.00001,0.02660,0.01281
86.00000,3.01194,0.77807,0.05341,0.06644,0.10207
86.20000,3.01194,0.84803,0.01402,0.04855,0.08940
86.40000,3.01193,0.96156,0.01270,0.02412,0.00161
86.60000,3.01194,0.91591,0.04714,0.02278,0.01417
86.80000,3.01193,0.97527,0.01541,0.00271,0.00661
87.00000,3.01194,0.96198,0.03497,0.00051,0.00254
87.20000,3.01194,0.97025,0.00409,0.00216,0.02350
87.40000,3.01193,0.49299,0.00009,0.13131,0.37561
87.60000,3.01194,0.70330,0.03326,0.09578,0.16767
87.80000,3.01193,0.84258,0.00077,0.12352,0.03313
88.00000,3.01194,0.89150,0.00259,0.08775,0.01816
88.20000,3.01194,0.89370,0.00058,0.06466,0.04106
88.40000,3.01193,0.58149,0.00001,0.20845,0.21005
88.60000,3.01194,0.71268,0.00000,0.00642,0.28090
88.80000,3.01193,0.85057,0.00001,0.00152,0.14791
89.00000,3.01194,0.93790,0.00038,0.00312,0.05860
89.20000,3.01194,0.99980,0.00002,0.00006,0.00012
89.40000,3.01193,0.99989,0.00000,0.00008,0.00003
89.60000,3.01194,0.99964,0.00000,0.00021,0.00015
89.80000,3.01193,0.99068,0.00000,0.00743,0.00189
90.00000,3.01194,0.85493,0.01505,0.11208,0.01794
90.20000,3.01194,0.69186,0.24097,0.03533,0.03184
90.40000,3.01193,0.79652,0.17696,0.00780,0.01872
90.60000,3.01194,0.62467,0.36954,0.00145,0.00433
90.80000,3.01193,0.06886,0.93096,0.00009,0.00009
91.00000,3.01194,0.03434,0.96542,0.00020,0.00005
91.20000,3.01194,0.05218,0.94744,0.00030,0.00008
91.40000,3.01193,0.02296,0.97703,0.00000,0.00001
91.60000,3.01194,0.66838,0.32951,0.00005,0.00205
91.80000,3.01193,0.96304,0.00050,0.01298,0.02348
92.00000,3.01194,0.55297,0.00011,0.11774,0.32918
92.20000,3.01194,0.52453,0.00537,0.11487,0.35523
92.40000,3.01193,0.71692,0.00437,0.19887,0.07985
92.60000,3.01194,0.81986,0.00838,0.15348,0.01828
92.80000,3.01193,0.66412,0.00004,0.25078,0.08505
93.00000,3.01194,0.49213,0.00010,0.25676,0.25101
93.20000,3.01194,0.79450,0.00000,0.01939,0.18610
93.40000,3.01193,0.73482,0.00000,0.00829,0.25689
93.60000,3.01194,0.49461,0.00000,0.03904,0.46635
93.80000,3.01193,0.99942,0.00001,0.00034,0.00023
94.00000,3.01194,0.99993,0.00000,0.00006,0.00002
94.20000,3.01194,0.99992,0.00000,0.00007,0.00001
94.40000,3.01193,0.99961,0.00000,0.00034,0.00005
94.60000,3.01194,0.92943,0.00359,0.05331,0.01366
94.80000,3.01193,0.92395,0.00004,0.06877,0.00724
95.00000,3.01194,0.85787,0.00506,0.10615,0.03092
95.20000,3.01194,0.91769,0.01256,0.05377,0.01597
95.40000,3.01193,0.97183,0.01398,0.01169,0.00250
95.60000,3.01194,0.73356,0.17970,0.06819,0.01855
95.80000,3.01193,0.68122,0.23292,0.07776,0.00810
96.00000,3.01194,0.89060,0.06967,0.02565,0.01408
96.20000,3.01194,0.95283,0.00809,0.00904,0.03004
96.40000,3.01193,0.71709,0.02623,0.04453,0.21216
96.60000,3.01194,0.44795,0.00325,0.17448,0.37432
96.80000,3.01193,0.64351,0.01668,0.15002,0.18979
97.00000,3.01194,0.57987,0.01110,0.26706,0.14198
97.20000,3.01194,0.82985,0.00152,0.13054,0.03809
97.40000,3.01193,0.61066,0.00010,0.17986,0.20938
97.60000,3.01194,0.51531,0.00003,0.09884,0.38583
97.80000,3.01193,0.71099,0.00000,0.00478,0.28423
98.00000,3.01194,0.83130,0.00001,0.00362,0.16507
98.20000,3.01194,0.69216,0.00012,0.00949,0.29823
98.40000,3.01193,0.65371,0.00005,0.01586,0.33038
98.60000,3.01194,0.96906,0.00000,0.00258,0.02836
98.80000,3.01193,0.99777,0.00000,0.00098,0.00125
99.00000,3.01194,0.99875,0.00000,0.00115,0.00010
99.20000,3.01194,0.99805,0.00025,0.00164,0.00007
99.40000,3.01193,0.99772,0.00001,0.00226,0.00002
99.60000,3.01194,0.99820,0.00000,0.00093,0.00087
99.80000,3.01193,0.91401,0.00215,0.06811,0.01573
100.00000,3.01194,0.79207,0.00435,0.07471,0.12888
100.20000,3.01194,0.89675,0.01012,0.07589,0.01724
100.40000,3.01193,0.97730,0.00283,0.01864,0.00122
100.60000,3.01194,0.79740,0.04132,0.12344,0.03784
100.80000,3.01193,0.89524,0.05246,0.04036,0.01194
101.00000,3.01194,0.87641,0.00245,0.04912,0.07202
101.20000,3.01194,0.18225,0.80579,0.00092,0.01104
101.40000,3.01193,0.46771,0.00241,0.24854,0.28134
101.60000,3.01194,0.72038,0.00004,0.24084,0.03873
101.80000,3.01193,0.74731,0.00000,0.24243,0.01026
102.00000,3.01194,0.76749,0.00000,0.09710,0.13542
102.20000,3.01194,0.51046,0.00000,0.00445,0.48509
102.40000,3.01193,0.19716,0.00000,0.00218,0.80065
102.60000,3.01194,0.99692,0.00000,0.00017,0.00291
102.80000,3.01193,0.99991,0.00000,0.00008,0.00001
103.00000,3.01194,0.99996,0.00000,0.00004,0.00000
103.20000,3.01194,0.99967,0.00000,0.00033,0.00000
103.40000,3.01193,0.98123,0.00000,0.01865,0.00011
103.60000,3.01194,0.69539,0.00170,0.29368,0.00924
103.80000,3.01193,0.83050,0.00001,0.15281,0.01667
104.00000,3.01194,0.96318,0.00000,0.03651,0.00031
104.20000,3.01194,0.93028,0.00003,0.05296,0.01672
104.40000,3.01193,0.71036,0.00209,0.16224,0.12531
104.60000,3.01194,0.86880,0.00833,0.05131,0.07156
104.80000,3.01193,0.75345,0.00230,0.08508,0.15917
105.00000,3.01194,0.53234,0.00132,0.12953,0.33681
105.20000,3.01194,0.70024,0.00459,0.10236,0.19281
105.40000,3.01193,0.59432,0.00071,0.02875,0.37622
105.60000,3.01194,0.39007,0.54082,0.00130,0.06780
105.80000,3.01193,0.69015,0.00958,0.16628,0.13398
106.00000,3.01194,0.74392,0.00865,0.19392,0.05351
106.20000,3.01194,0.80699,0.00272,0.12726,0.06302
106.40000,3.01193,0.71080,0.00005,0.19881,0.09034
106.60000,3.01194,0.79128,0.00000,0.02099,0.18773
106.80000,3.01193,0.88808,0.00000,0.00402,0.10790
107.00000,3.01194,0.63014,0.00002,0.00914,0.36070
107.20000,3.01194,0.55812,0.00000,0.03309,0.40879
107.40000,3.01193,0.99774,0.00000,0.00037,0.00189
107.60000,3.01194,0.99966,0.00000,0.00029,0.00004
107.80000,3.01193,0.99646,0.00000,0.00349,0.00004
108.00000,3.01194,0.78565,0.21347,0.00058,0.00031
108.20000,3.01194,0.99782,0.00000,0.00167,0.00051
108.40000,3.01193,0.84027,0.00000,0.09857,0.06116
108.60000,3.01194,0.66769,0.00463,0.26706,0.06062
108.80000,3.01193,0.72857,0.00481,0.16204,0.10458
109.00000,3.01194,0.79049,0.00125,0.13713,0.07113
109.20000,3.01194,0.93719,0.00623,0.02720,0.02938
109.40000,3.01193,0.94556,0.00777,0.01220,0.03447
109.60000,3.01194,0.79499,0.00605,0.05739,0.14156
109.80000,3.01193,0.64062,0.00329,0.11235,0.24373
110.00000,3.01194,0.77946,0.00489,0.10457,0.11109
110.20000,3.01194,0.49473,0.00158,0.30841,0.19528
110.40000,3.01193,0.77758,0.00488,0.15301,0.06453
110.60000,3.01194,0.89487,0.00009,0.10078,0.00425
110.80000,3.01193,0.60975,0.00000,0.30992,0.08032
111.00000,3.01194,0.42096,0.00000,0.03038,0.54866
111.20000,3.01194,0.67422,0.00000,0.00549,0.32029
111.40000,3.01193,0.30215,0.00000,0.01450,0.68335
111.60000,3.01194,0.99562,0.00010,0.00192,0.00236
111.80000,3.01193,0.99987,0.00000,0.00012,0.00001
112.00000,3.01194,0.99997,0.00000,0.00003,0.00001
112.20000,3.01194,0.99747,0.00000,0.00235,0.00017
112.40000,3.01193,0.49053,0.00001,0.49367,0.01579
112.60000,3.01194,0.46874,0.00143,0.52652,0.00331
112.80000,3.01193,0.64147,0.00017,0.22716,0.13120
113.00000,3.01194,0.84080,0.00034,0.10540,0.05346
113.20000,3.01194,0.91094,0.00441,0.02532,0.05933
113.40000,3.01193,0.90088,0.09782,0.00006,0.00123
113.60000,3.01194,0.97460,0.01298,0.00068,0.01174
113.80000,3.01193,0.84180,0.01756,0.07030,0.07034
114.00000,3.01194,0.82454,0.02875,0.09061,0.05610
114.20000,3.01194,0.70937,0.00135,0.20032,0.08896
114.40000,3.01193,0.82296,0.00083,0.14771,0.02850
114.60000,3.01194,0.64843,0.00005,0.30152,0.05001
114.80000,3.01193,0.65699,0.00000,0.05888,0.28413
115.00000,3.01194,0.52058,0.00000,0.00395,0.47547
115.20000,3.01194,0.50248,0.00000,0.04643,0.45109
115.40000,3.01193,0.91585,0.00001,0.00965,0.07449
115.60000,3.01194,0.99995,0.00000,0.00005,0.00001
115.80000,3.01193,0.99989,0.00000,0.00010,0.00001
116.00000,3.01194,0.99997,0.00000,0.00003,0.00000
116.20000,3.01194,0.99693,0.00000,0.00246,0.00061
116.40000,3.01193,0.50742,0.00059,0.48909,0.00289
116.60000,3.01194,0.56974,0.00157,0.41983,0.00886
116.80000,3.01193,0.74943,0.00158,0.21436,0.03463
117.00000,3.01194,0.99453,0.00017,0.00416,0.00114
117.20000,3.01194,0.94741,0.03632,0.00742,0.00884
117.40000,3.01193,0.34959,0.65024,0.00007,0.00010
117.60000,3.01194,0.11555,0.88435,0.00006,0.00003
117.80000,3.01193,0.79152,0.18501,0.02095,0.00252
118.00000,3.01194,0.65857,0.00451,0.25152,0.08539
118.20000,3.01194,0.69853,0.00274,0.19071,0.10802
118.40000,3.01193,0.80354,0.00624,0.14670,0.04353
118.60000,3.01194,0.62450,0.00381,0.26991,0.10177
118.80000,3.01193,0.59711,0.00027,0.29086,0.11177
119.00000,3.01194,0.71182,0.00000,0.23078,0.05740
119.20000,3.01194,0.76129,0.00000,0.17846,0.06025
119.40000,3.01193,0.82153,0.00000,0.00377,0.17470
119.60000,3.01194,0.57502,0.00000,0.00205,0.42293
119.80000,3.01193,0.34769,0.00000,0.00652,0.64578
120.00000,3.01194,0.99968,0.00000,0.00010,0.00021
120.20000,3.01194,0.99991,0.00000,0.00008,0.00001
120.40000,3.01193,0.99986,0.00000,0.00013,0.00001
120.60000,3.01194,0.99983,0.00000,0.00012,0.00005
120.80000,3.01193,0.95065,0.00001,0.04061,0.00872
121.00000,3.01194,0.63082,0.01023,0.34641,0.01254
121.20000,3.01194,0.59715,0.00064,0.30474,0.09748
121.40000,3.01193,0.90868,0.00136,0.07093,0.01903
121.60000,3.01194,0.91434,0.00969,0.03787,0.03810
121.80000,3.01193,0.82411,0.15054,0.01878,0.00657
122.00000,3.01194,0.40374,0.59077,0.00450,0.00099
122.20000,3.01194,0.92192,0.04858,0.00747,0.02203
122.40000,3.01193,0.96047,0.00766,0.00593,0.02593
122.60000,3.01194,0.71383,0.13048,0.11146,0.04422
122.80000,3.01193,0.70808,0.00302,0.23320,0.05570
123.00000,3.01194,0.61697,0.00104,0.26033,0.12166
123.20000,3.01194,0.61504,0.00356,0.30679,0.07461
123.40000,3.01193,0.79184,0.00591,0.16230,0.03995
123.60000,3.01194,0.61753,0.00000,0.17735,0.20512
123.80000,3.01193,0.85666,0.00000,0.01499,0.12835
124.00000,3.01194,0.72718,0.00000,0.01039,0.26243
124.20000,3.01194,0.38568,0.00000,0.01964,0.59468
124.40000,3.01193,0.33149,0.00000,0.00548,0.66303
124.60000,3.01194,0.97273,0.00000,0.00505,0.02222
124.80000,3.01193,0.99966,0.00000,0.00027,0.00008
125.00000,3.01193,0.99958,0.00000,0.00038,0.00003
125.20000,3.01195,0.99979,0.00000,0.00014,0.00006
125.40000,3.01194,0.98389,0.00000,0.00717,0.00894
125.60000,3.01194,0.70391,0.00003,0.28750,0.00856
125.80000,3.01193,0.68431,0.00105,0.24346,0.07118
126.00000,3.01193,0.94677,0.00009,0.04708,0.00605
126.20000,3.01195,0.99111,0.00016,0.00677,0.00196
126.40000,3.01194,0.72275,0.00537,0.15794,0.11395
126.60000,3.01194,0.87526,0.12050,0.00255,0.00168
126.80000,3.01193,0.96484,0.01052,0.00920,0.01543
127.00000,3.01193,0.92679,0.00322,0.06158,0.00841
127.20000,3.01195,0.90554,0.00165,0.07829,0.01451
127.40000,3.01194,0.95843,0.00336,0.02164,0.01656
127.60000,3.01194,0.91178,0.00246,0.07825,0.00750
127.80000,3.01193,0.82320,0.00184,0.12966,0.04531
128.00000,3.01193,0.82280,0.00001,0.08385,0.09334
128.20000,3.01195,0.72575,0.00001,0.07408,0.20016
128.39999,3.01195,0.71848,0.00001,0.03713,0.24438
128.60001,3.01193,0.40222,0.00001,0.06051,0.53726
128.80000,3.01193,0.43348,0.00011,0.06119,0.50522
129.00000,3.01193,0.99990,0.00000,0.00009,0.00001
129.20000,3.01195,0.99979,0.00000,0.00015,0.00006
129.39999,3.01195,0.97821,0.00000,0.00842,0.01336
129.60001,3.01193,0.67729,0.00005,0.09017,0.23248
129.80000,3.01193,0.56382,0.00058,0.07389,0.36171
130.00000,3.01193,0.53831,0.01734,0.33933,0.10501
130.20000,3.01195,0.75701,0.01150,0.12025,0.11124
130.39999,3.01195,0.55639,0.43826,0.00473,0.00062
130.60001,3.01193,0.96278,0.03584,0.00118,0.00020
130.80000,3.01193,0.84494,0.00065,0.11020,0.04421
131.00000,3.01193,0.68371,0.00018,0.07888,0.23722
131.20000,3.01195,0.83155,0.00000,0.00681,0.16164
131.39999,3.01195,0.64307,0.00003,0.04104,0.31586
131.60001,3.01193,0.80413,0.05056,0.08723,0.05808
131.80000,3.01193,0.98777,0.00456,0.00419,0.00347
132.00000,3.01193,0.85627,0.00004,0.01440,0.12929
132.20000,3.01195,0.63625,0.00000,0.01632,0.34743
132.39999,3.01195,0.73271,0.00036,0.04089,0.22604
132.60001,3.01193,0.88771,0.05538,0.02484,0.03207
132.80000,3.01193,0.93137,0.05681,0.00469,0.00713
133.00000,3.01193,0.94653,0.01028,0.02416,0.01903
133.20000,3.01195,0.72075,0.00782,0.08611,0.18532
133.39999,3.01195,0.25675,0.72275,0.01641,0.00409
133.60001,3.01193,0.76267,0.06565,0.06123,0.11045
133.80000,3.01193,0.63107,0.35825,0.00192,0.00876
134.00000,3.01193,0.35072,0.64906,0.00002,0.00020
134.20000,3.01195,0.90339,0.08633,0.00811,0.00217
134.39999,3.01195,0.74289,0.00416,0.16603,0.08692
134.60001,3.01193,0.68381,0.00035,0.10510,0.21075
134.80000,3.01193,0.93075,0.03567,0.01151,0.02208
135.00000,3.01193,0.97930,0.00034,0.00456,0.01580
135.20000,3.01195,0.89490,0.00002,0.08560,0.01948
135.39999,3.01195,0.58432,0.00000,0.08620,0.32947
135.60001,3.01193,0.84956,0.00000,0.03943,0.11100
135.80000,3.01193,0.45319,0.00011,0.07378,0.47292
136.00000,3.01193,0.65975,0.00007,0.05661,0.28356
136.20000,3.01195,0.97774,0.00038,0.00625,0.01564
136.39999,3.01195,0.99912,0.00001,0.00060,0.00027
136.60001,3.01193,0.99796,0.00007,0.00095,0.00101
136.80000,3.01193,0.99176,0.00001,0.00783,0.00041
137.00000,3.01193,0.64429,0.00010,0.33432,0.02130
137.20000,3.01195,0.62679,0.00524,0.20078,0.16719
137.39999,3.01195,0.97389,0.00003,0.01917,0.00691
137.60001,3.01193,0.90898,0.02836,0.03249,0.03017
137.80000,3.01193,0.83933,0.15997,0.00006,0.00064
138.00000,3.01193,0.92767,0.07139,0.00013,0.00081
138.20000,3.01195,0.97988,0.01593,0.00114,0.00304
138.39999,3.01195,0.98848,0.00395,0.00178,0.00579
138.60001,3.01193,0.91208,0.00877,0.03205,0.04711
138.80000,3.01193,0.93121,0.02152,0.01830,0.02897
139.00000,3.01193,0.85473,0.00135,0.10796,0.03596
139.20000,3.01195,0.89271,0.00002,0.10155,0.00572
139.39999,3.01195,0.70157,0.00000,0.19616,0.10228
139.60001,3.01193,0.58089,0.00000,0.09813,0.32098
139.80000,3.01193,0.61679,0.00000,0.00751,0.37571
140.00000,3.01193,0.47171,0.00019,0.03987,0.48823
140.20000,3.01195,0.99922,0.00005,0.00071,0.00003
140.39999,3.01195,0.99530,0.00003,0.00465,0.00002
140.60001,3.01193,0.99941,0.00000,0.00047,0.00011
140.80000,3.01193,0.98985,0.00000,0.00707,0.00308
141.00000,3.01193,0.95349,0.00012,0.04469,0.00170
141.20000,3.01195,0.69049,0.11043,0.17224,0.02684
141.39999,3.01195,0.95901,0.00084,0.02762,0.01252
141.60001,3.01193,0.94922,0.00005,0.04274,0.00799
141.80000,3.01193,0.80558,0.00026,0.06326,0.13090
142.00000,3.01193,0.66685,0.00036,0.12753,0.20525
142.20000,3.01195,0.78459,0.20653,0.00083,0.00805
142.39999,3.01195,0.81914,0.17596,0.00055,0.00435
142.60001,3.01193,0.97685,0.01266,0.00132,0.00917
142.80000,3.01193,0.98003,0.00870,0.00080,0.01046
143.00000,3.01193,0.97806,0.00423,0.00246,0.01524
143.20000,3.01195,0.94888,0.00157,0.01330,0.03626
143.39999,3.01195,0.84040,0.00094,0.05092,0.10774
143.60001,3.01193,0.52863,0.00136,0.31035,0.15966
143.80000,3.01193,0.87851,0.00513,0.09279,0.02358
144.00000,3.01193,0.76420,0.00164,0.19789,0.03627
144.20000,3.01195,0.61956,0.00003,0.23896,0.14144
144.39999,3.01195,0.45024,0.00006,0.27014,0.27955
144.60001,3.01193,0.41237,0.00000,0.11351,0.47413
144.80000,3.01193,0.45487,0.00000,0.12095,0.42417
145.00000,3.01193,0.89236,0.00045,0.06393,0.04325
145.20000,3.01195,0.99987,0.00000,0.00011,0.00002
145.39999,3.01195,0.99280,0.00000,0.00493,0.00227
145.60001,3.01193,0.97449,0.00000,0.02225,0.00326
145.80000,3.01193,0.85516,0.00000,0.10470,0.04013
146.00000,3.01193,0.53163,0.00000,0.45486,0.01351
146.20000,3.01195,0.68522,0.00000,0.28582,0.02895
146.39999,3.01195,0.89971,0.00462,0.04206,0.05360
146.60001,3.01193,0.94712,0.00034,0.00980,0.04274
146.80000,3.01193,0.90750,0.00008,0.01326,0.07915
147.00000,3.01193,0.86563,0.00045,0.03211,0.10182
147.20000,3.01195,0.84374,0.00147,0.09265,0.06214
147.39999,3.01195,0.98806,0.00370,0.00770,0.00054
147.60001,3.01193,0.99066,0.00015,0.00835,0.00083
147.80000,3.01193,0.93273,0.00005,0.04655,0.02067
148.00000,3.01193,0.54317,0.00000,0.04288,0.41395
148.20000,3.01195,0.56983,0.00000,0.02685,0.40331
148.39999,3.01195,0.51781,0.00000,0.02530,0.45689
148.60001,3.01193,0.97255,0.00000,0.01016,0.01728
148.80000,3.01193,0.99840,0.00000,0.00082,0.00078
149.00000,3.01193,0.99898,0.00000,0.00095,0.00007
149.20000,3.01195,0.99845,0.00000,0.00145,0.00010
149.39999,3.01195,0.99893,0.00000,0.00101,0.00005
149.60001,3.01193,0.95956,0.00002,0.00742,0.03300
149.80000,3.01193,0.90869,0.00046,0.08799,0.00287
150.00000,3.01193,0.84845,0.00265,0.02383,0.12506
150.20000,3.01195,0.95120,0.00097,0.04213,0.00570
150.39999,3.01195,0.97171,0.01446,0.01082,0.00302
150.60001,3.01193,0.73776,0.23508,0.02212,0.00505
150.80000,3.01193,0.82592,0.04551,0.07461,0.05397
151.00000,3.01193,0.83652,0.09365,0.00961,0.06022
151.20000,3.01195,0.81374,0.07610,0.01610,0.09406
151.39999,3.01195,0.79716,0.02107,0.05298,0.12880
151.60001,3.01193,0.62311,0.01419,0.15742,0.20528
151.80000,3.01193,0.65720,0.04868,0.03332,0.26080
152.00000,3.01193,0.69635,0.01533,0.09068,0.19764
152.20000,3.01195,0.77436,0.04608,0.13618,0.04338
152.39999,3.01195,0.92498,0.00191,0.06437,0.00873
152.60001,3.01193,0.81724,0.00005,0.13599,0.04672
152.80000,3.01193,0.64748,0.00000,0.07003,0.28249
153.00000,3.01193,0.90896,0.00000,0.00029,0.09075
153.20000,3.01195,0.26788,0.00000,0.00933,0.72279
153.39999,3.01195,0.93287,0.00000,0.00502,0.06211
153.60001,3.01193,0.99969,0.00000,0.00029,0.00002
153.80000,3.01193,0.99860,0.00000,0.00132,0.00008
154.00000,3.01193,0.99998,0.00000,0.00002,0.00000
154.20000,3.01195,0.99781,0.00000,0.00206,0.00013
154.39999,3.01195,0.97021,0.00000,0.02286,0.00693
154.60001,3.01193,0.89558,0.00052,0.08741,0.01649
154.80000,3.01193,0.86840,0.00001,0.12495,0.00665
155.00000,3.01193,0.98824,0.00001,0.01155,0.00021
155.20000,3.01195,0.77836,0.00232,0.09998,0.11934
155.39999,3.01195,0.84793,0.01929,0.07459,0.05819
155.60001,3.01193,0.75231,0.01058,0.11072,0.12639
155.80000,3.01193,0.78530,0.00964,0.10983,0.09522
156.00000,3.01193,0.56028,0.00320,0.12131,0.31521
156.20000,3.01195,0.61896,0.00499,0.26827,0.10778
156.39999,3.01195,0.68567,0.00060,0.22832,0.08541
156.60001,3.01193,0.88059,0.00001,0.11525,0.00415
156.80000,3.01193,0.88159,0.00000,0.10392,0.01449
157.00000,3.01193,0.45923,0.00000,0.00040,0.54037
157.20000,3.01195,0.63471,0.00000,0.00362,0.36167
157.39999,3.01195,0.34111,0.00000,0.00769,0.65120
157.60001,3.01193,0.96604,0.00000,0.00231,0.03165
157.80000,3.01193,0.99966,0.00000,0.00032,0.00002
158.00000,3.01193,0.99870,0.00000,0.00130,0.00001
158.20000,3.01195,0.99979,0.00000,0.00015,0.00006
158.39999,3.01195,0.97128,0.00001,0.02585,0.00286
158.60001,3.01193,0.91590,0.00035,0.04568,0.03806
158.80000,3.01193,0.75861,0.00073,0.13423,0.10643
159.00000,3.01193,0.96262,0.00002,0.03491,0.00245
159.20000,3.01195,0.79058,0.19452,0.01166,0.00324
159.39999,3.01195,0.95986,0.02343,0.01555,0.00116
159.60001,3.01193,0.82005,0.17350,0.00617,0.00028
159.80000,3.01193,0.92870,0.05244,0.00999,0.00887
160.00000,3.01193,0.96904,0.00026,0.00434,0.02636
160.20000,3.01195,0.93415,0.00237,0.02329,0.04018
160.39999,3.01195,0.58730,0.00125,0.29293,0.11852
160.60001,3.01193,0.80029,0.00240,0.18613,0.01118
160.80000,3.01193,0.83726,0.00008,0.14777,0.01488
161.00000,3.01193,0.70984,0.00003,0.21147,0.07866
161.20000,3.01195,0.87124,0.00000,0.00541,0.12334
161.39999,3.01195,0.82105,0.00000,0.00071,0.17824
161.60001,3.01193,0.35111,0.00000,0.02543,0.62346
161.80000,3.01193,0.92146,0.00002,0.02385,0.05467
162.00000,3.01193,0.99893,0.00000,0.00102,0.00005
162.20000,3.01195,0.99953,0.00000,0.00042,0.00004
162.39999,3.01195,0.99987,0.00000,0.00011,0.00002
162.60001,3.01193,0.98225,0.00000,0.00552,0.01223
162.80000,3.01193,0.94272,0.00005,0.04150,0.01574
163.00000,3.01193,0.91386,0.00003,0.05299,0.03312
163.20000,3.01195,0.91446,0.00503,0.07053,0.00997
163.39999,3.01195,0.98726,0.00033,0.01036,0.00205
163.60001,3.01193,0.95130,0.02530,0.02103,0.00237
163.80000,3.01193,0.92850,0.06240,0.00190,0.00720
164.00000,3.01193,0.97045,0.01820,0.00070,0.01064
164.20000,3.01195,0.99479,0.00248,0.00066,0.00206
164.39999,3.01195,0.88699,0.01472,0.06195,0.03634
164.60001,3.01193,0.65598,0.00097,0.18621,0.15684
164.80000,3.01193,0.76183,0.00046,0.20191,0.03581
165.00000,3.01193,0.92714,0.00001,0.07213,0.00072
165.20000,3.01195,0.82876,0.00000,0.07510,0.09614
165.39999,3.01195,0.45961,0.00000,0.00815,0.53223
165.60001,3.01193,0.69785,0.00000,0.00204,0.30011
165.80000,3.01193,0.33550,0.00000,0.01182,0.65269
166.00000,3.01193,0.99778,0.00002,0.00145,0.00075
166.20000,3.01195,0.99926,0.00000,0.00069,0.00004
166.39999,3.01195,0.99972,0.00000,0.00022,0.00005
166.60001,3.01193,0.99706,0.00000,0.00281,0.00013
166.80000,3.01193,0.83978,0.00002,0.15857,0.00162
167.00000,3.01193,0.59721,0.00309,0.38739,0.01230
167.20000,3.01195,0.87494,0.00003,0.11357,0.01145
167.39999,3.01195,0.98857,0.00127,0.00855,0.00161
167.60001,3.01193,0.85058,0.13419,0.00941,0.00582
167.80000,3.01193,0.76714,0.22355,0.00190,0.00741
168.00000,3.01193,0.80245,0.15907,0.00117,0.03732
168.20000,3.01195,0.92121,0.07660,0.00011,0.00208
168.39999,3.01195,0.97253,0.00252,0.00872,0.01623
168.60001,3.01193,0.84418,0.00359,0.09729,0.05494
168.80000,3.01193,0.71290,0.00135,0.18424,0.10151
169.00000,3.01193,0.93993,0.00024,0.04490,0.01493
169.20000,3.01195,0.85848,0.00001,0.13534,0.00616
169.39999,3.01195,0.78618,0.00000,0.04802,0.16580
169.60001,3.01193,0.77149,0.00000,0.06485,0.16365
169.80000,3.01193,0.32743,0.00000,0.00875,0.66382
170.00000,3.01193,0.31553,0.00000,0.01690,0.66756
170.20000,3.01195,0.99809,0.00000,0.00164,0.00027
170.39999,3.01195,0.99346,0.00000,0.00641,0.00012
170.60001,3.01193,0.99998,0.00000,0.00002,0.00000
170.80000,3.01193,0.99733,0.00000,0.00250,0.00018
171.00000,3.01193,0.89792,0.00001,0.09598,0.00610
171.20000,3.01195,0.67169,0.00007,0.10536,0.22288
171.39999,3.01195,0.96442,0.00001,0.02677,0.00880
171.60001,3.01193,0.87263,0.11943,0.00333,0.00460
171.80000,3.01193,0.88742,0.04794,0.04028,0.02437
172.00000,3.01193,0.82114,0.06298,0.02768,0.08819
172.20000,3.01195,0.87153,0.10464,0.00062,0.02321
172.39999,3.01195,0.98268,0.01118,0.00392,0.00222
172.60001,3.01193,0.89591,0.00069,0.06276,0.04064
172.80000,3.01193,0.75106,0.00009,0.19802,0.05082
173.00000,3.01193,0.81128,0.00000,0.18381,0.00491
173.20000,3.01195,0.79172,0.00000,0.14718,0.06110
173.39999,3.01195,0.62316,0.00000,0.02398,0.35286
173.60001,3.01193,0.71870,0.00000,0.02188,0.25942
173.80000,3.01193,0.34995,0.00000,0.02619,0.62386
174.00000,3.01193,0.98494,0.00000,0.00341,0.01166
174.20000,3.01195,0.99323,0.00000,0.00655,0.00022
174.39999,3.01195,0.99989,0.00000,0.00011,0.00000
174.60001,3.01193,0.99971,0.00000,0.00026,0.00003
174.80000,3.01193,0.95295,0.00000,0.04653,0.00052
175.00000,3.01193,0.90845,0.00107,0.06699,0.02349
175.20000,3.01195,0.82873,0.00030,0.14477,0.02620
175.39999,3.01195,0.99786,0.00000,0.00180,0.00035
175.60001,3.01193,0.72091,0.27621,0.00176,0.00112
175.80000,3.01193,0.64867,0.32947,0.01074,0.01113
176.00000,3.01193,0.82179,0.00778,0.02200,0.14843
176.20000,3.01195,0.75716,0.00274,0.02251,0.21759
176.39999,3.01195,0.91170,0.00147,0.04080,0.04604
176.60001,3.01193,0.95814,0.00007,0.03747,0.00432
176.80000,3.01193,0.86723,0.00000,0.12986,0.00290
177.00000,3.01193,0.71859,0.00000,0.09715,0.18426
177.20000,3.01195,0.75388,0.00000,0.09102,0.15510
177.39999,3.01195,0.29780,0.00000,0.00455,0.69765
177.60001,3.01193,0.34113,0.00000,0.00921,0.64965
177.80000,3.01193,0.99905,0.00000,0.00074,0.00021
178.00000,3.01193,0.99380,0.00000,0.00606,0.00014
178.20000,3.01195,0.99997,0.00000,0.00003,0.00000
178.39999,3.01195,0.99039,0.00000,0.00896,0.00065
178.60001,3.01193,0.90034,0.00007,0.07565,0.02395
178.80000,3.01193,0.69954,0.00081,0.11653,0.18312
179.00000,3.01193,0.95260,0.00000,0.03834,0.00906
179.20000,3.01195,0.97720,0.00035,0.01587,0.00658
179.39999,3.01195,0.91335,0.00061,0.01340,0.07264
179.60001,3.01193,0.56088,0.00156,0.02743,0.41013
179.80000,3.01193,0.80989,0.00083,0.00925,0.18003
180.00000,3.01193,0.95243,0.00041,0.01750,0.02966
180.20000,3.01195,0.83140,0.00072,0.02814,0.13974
180.39999,3.01195,0.83845,0.00001,0.15459,0.00695
180.60001,3.01193,0.81653,0.00000,0.17605,0.00742
180.80000,3.01193,0.64427,0.00000,0.04286,0.31287
181.00000,3.01193,0.56623,0.00000,0.01957,0.41419
181.20000,3.01195,0.31748,0.00000,0.00516,0.67736
181.39999,3.01195,0.99529,0.00000,0.00008,0.00463
181.60001,3.01193,0.99897,0.00000,0.00074,0.00029
181.80000,3.01193,0.99926,0.00000,0.00073,0.00001
182.00000,3.01193,0.99888,0.00000,0.00107,0.00005
182.20000,3.01195,0.99423,0.00000,0.00576,0.00001
182.39999,3.01195,0.92605,0.00021,0.04924,0.02451
182.60001,3.01193,0.72490,0.00011,0.26860,0.00639
182.80000,3.01193,0.99941,0.00000,0.00055,0.00004
183.00000,3.01193,0.99422,0.00025,0.00163,0.00389
183.20000,3.01195,0.93402,0.05817,0.00523,0.00258
183.39999,3.01195,0.96034,0.01648,0.01095,0.01223
183.60001,3.01193,0.94520,0.04895,0.00112,0.00473
183.80000,3.01193,0.98473,0.01444,0.00018,0.00065
184.00000,3.01193,0.99099,0.00089,0.00379,0.00432
