Time (seconds), Duration (seconds),pred_(unlabeled),pred_imbalance,pred_working,pred_impact
0.00000,3.01194,0.84479,0.13391,0.00204,0.01927
0.20000,3.01194,0.17098,0.82365,0.00083,0.00454
0.40000,3.01194,0.01759,0.98229,0.00003,0.00009
0.60000,3.01194,0.01171,0.98812,0.00005,0.00011
0.80000,3.01194,0.01978,0.97995,0.00009,0.00017
1.00000,3.01194,0.01602,0.98371,0.00005,0.00022
1.20000,3.01194,0.00949,0.99038,0.00003,0.00010
1.40000,3.01194,0.00977,0.99018,0.00002,0.00003
1.60000,3.01194,0.01465,0.98525,0.00004,0.00006
1.80000,3.01194,0.01640,0.98322,0.00008,0.00030
2.00000,3.01194,0.01198,0.98786,0.00002,0.00014
2.20000,3.01194,0.01516,0.98482,0.00001,0.00002
2.40000,3.01194,0.01701,0.98292,0.00002,0.00005
2.60000,3.01194,0.01230,0.98745,0.00003,0.00022
2.80000,3.01194,0.00842,0.99139,0.00003,0.00016
3.00000,3.01194,0.01300,0.98695,0.00002,0.00004
3.20000,3.01194,0.00835,0.99162,0.00001,0.00002
3.40000,3.01194,0.01675,0.98274,0.00007,0.00044
3.60000,3.01194,0.01799,0.98170,0.00005,0.00026
3.80000,3.01194,0.00814,0.99184,0.00001,0.00002
4.00000,3.01194,0.01759,0.98233,0.00004,0.00004
4.20000,3.01194,0.02288,0.97691,0.00005,0.00016
4.40000,3.01194,0.01447,0.98541,0.00002,0.00011
4.60000,3.01194,0.00578,0.99421,0.00000,0.00001
4.80000,3.01194,0.00703,0.99294,0.00001,0.00002
5.00000,3.01194,0.01127,0.98859,0.00004,0.00010
5.20000,3.01194,0.02651,0.97271,0.00011,0.00066
5.40000,3.01194,0.01370,0.98623,0.00002,0.00005
5.60000,3.01194,0.01617,0.98374,0.00003,0.00006
5.80000,3.01194,0.01085,0.98903,0.00004,0.00009
6.00000,3.01194,0.00834,0.99161,0.00001,0.00004
6.20000,3.01194,0.00710,0.99288,0.00001,0.00001
6.40000,3.01194,0.01241,0.98755,0.00002,0.00002
6.60000,3.01194,0.01553,0.98421,0.00006,0.00019
6.80000,3.01194,0.02158,0.97806,0.00006,0.00030
7.00000,3.01194,0.01494,0.98501,0.00001,0.00004
7.20000,3.01194,0.01238,0.98756,0.00002,0.00004
7.40000,3.01194,0.01279,0.98693,0.00005,0.00023
7.60000,3.01194,0.01844,0.98121,0.00006,0.00029
7.80000,3.01194,0.01106,0.98888,0.00002,0.00004
8.00000,3.01194,0.01997,0.97952,0.00018,0.00033
8.20000,3.01194,0.01485,0.98491,0.00006,0.00018
8.40000,3.01194,0.01340,0.98654,0.00001,0.00004
8.60000,3.01194,0.00957,0.99038,0.00002,0.00004
8.80000,3.01194,0.01670,0.98315,0.00004,0.00011
9.00000,3.01194,0.02426,0.97552,0.00005,0.00017
9.20000,3.01194,0.03618,0.96364,0.00005,0.00012
9.40000,3.01194,0.01402,0.98589,0.00003,0.00007
9.60000,3.01194,0.03071,0.96906,0.00005,0.00018
9.80000,3.01194,0.03528,0.96454,0.00005,0.00013
10.00000,3.01194,0.01649,0.98342,0.00002,0.00006
10.20000,3.01194,0.01614,0.98365,0.00005,0.00016
10.40000,3.01194,0.02100,0.97869,0.00006,0.00026
10.60000,3.01194,0.01569,0.98416,0.00004,0.00011
10.80000,3.01194,0.01107,0.98885,0.00002,0.00005
11.00000,3.01194,0.02359,0.97615,0.00006,0.00020
11.20000,3.01194,0.01466,0.98527,0.00002,0.00006
11.40000,3.01194,0.01595,0.98398,0.00002,0.00004
11.60000,3.01194,0.01769,0.98220,0.00003,0.00007
11.80000,3.01194,0.05753,0.94228,0.00005,0.00014
12.00000,3.01194,0.02682,0.97310,0.00002,0.00006
12.20000,3.01194,0.01277,0.98711,0.00003,0.00008
12.40000,3.01194,0.01654,0.98331,0.00003,0.00012
12.60000,3.01194,0.02341,0.97637,0.00005,0.00017
12.80000,3.01194,0.01612,0.98378,0.00003,0.00007
13.00000,3.01194,0.01261,0.98731,0.00002,0.00007
13.20000,3.01194,0.02313,0.97673,0.00004,0.00010
13.40000,3.01194,0.01804,0.98182,0.00004,0.00010
13.60000,3.01194,0.01255,0.98740,0.00001,0.00003
13.80000,3.01194,0.01554,0.98436,0.00001,0.00009
14.00000,3.01194,0.02588,0.97405,0.00002,0.00005
14.20000,3.01194,0.01135,0.98860,0.00001,0.00004
14.40000,3.01194,0.02439,0.97543,0.00003,0.00015
14.60000,3.01194,0.03731,0.96250,0.00003,0.00016
14.80000,3.01194,0.02277,0.97709,0.00003,0.00011
15.00000,3.01194,0.01320,0.98673,0.00002,0.00006
15.20000,3.01194,0.01631,0.98361,0.00002,0.00006
15.40000,3.01194,0.04144,0.95792,0.00012,0.00052
15.60000,3.01194,0.01067,0.98927,0.00001,0.00005
15.80000,3.01194,0.02832,0.97156,0.00003,0.00009
16.00000,3.01194,0.02124,0.97868,0.00003,0.00006
16.20000,3.01194,0.00957,0.99029,0.00002,0.00011
16.40000,3.01194,0.01295,0.98699,0.00001,0.00005
16.60000,3.01194,0.03386,0.96603,0.00003,0.00008
16.80000,3.01194,0.01698,0.98293,0.00003,0.00007
17.00000,3.01194,0.01557,0.98438,0.00001,0.00004
17.20000,3.01194,0.02534,0.97455,0.00002,0.00009
17.40000,3.01194,0.01652,0.98339,0.00002,0.00007
17.60000,3.01194,0.00984,0.99010,0.00002,0.00004
17.80000,3.01194,0.01693,0.98288,0.00004,0.00015
18.00000,3.01194,0.01771,0.98208,0.00005,0.00016
18.20000,3.01194,0.01229,0.98768,0.00001,0.00002
18.40000,3.01194,0.02696,0.97289,0.00003,0.00012
