Time (seconds), Duration (seconds),pred_(unlabeled),pred_imbalance,pred_working,pred_impact
0.00000,3.01194,0.32889,0.00001,0.12504,0.54606
0.20000,3.01194,0.96609,0.00255,0.00329,0.02807
0.40000,3.01194,0.48589,0.00144,0.18122,0.33145
0.60000,3.01194,0.50870,0.00011,0.18841,0.30279
0.80000,3.01194,0.61497,0.00011,0.09499,0.28993
1.00000,3.01194,0.37754,0.00000,0.13372,0.48873
1.20000,3.01194,0.53347,0.00161,0.13196,0.33296
1.40000,3.01194,0.33643,0.00008,0.16273,0.50076
1.60000,3.01194,0.41494,0.00008,0.21926,0.36572
1.80000,3.01194,0.40175,0.00004,0.24420,0.35400
2.00000,3.01194,0.37795,0.00000,0.06586,0.55619
2.20000,3.01194,0.40195,0.00000,0.12319,0.47486
2.40000,3.01194,0.40278,0.00003,0.07533,0.52186
2.60000,3.01194,0.39810,0.00527,0.28533,0.31130
2.80000,3.01194,0.45104,0.00010,0.09454,0.45432
3.00000,3.01194,0.39267,0.00000,0.14374,0.46359
3.20000,3.01194,0.41483,0.00000,0.12988,0.45529
3.40000,3.01194,0.41063,0.00000,0.09295,0.49642
3.60000,3.01194,0.40265,0.00000,0.14876,0.44859
3.80000,3.01194,0.62604,0.00001,0.14438,0.22957
4.00000,3.01194,0.40542,0.00000,0.16588,0.42871
4.20000,3.01194,0.41120,0.00000,0.17131,0.41749
4.40000,3.01194,0.42640,0.00000,0.19822,0.37538
4.60000,3.01194,0.37004,0.00001,0.20431,0.42563
4.80000,3.01194,0.37582,0.00006,0.22719,0.39692
5.00000,3.01194,0.38009,0.00001,0.20320,0.41670
5.20000,3.01194,0.48300,0.00190,0.25561,0.25950
5.40000,3.01194,0.40714,0.00000,0.14648,0.44637
5.60000,3.01194,0.32868,0.00000,0.01750,0.65382
5.80000,3.01194,0.74323,0.00003,0.16081,0.09593
6.00000,3.01194,0.37094,0.00003,0.18202,0.44700
6.20000,3.01194,0.37141,0.00001,0.14252,0.48607
6.40000,3.01194,0.37039,0.00002,0.13772,0.49187
6.60000,3.01194,0.39747,0.00001,0.16451,0.43801
6.80000,3.01194,0.33294,0.00016,0.09524,0.57165
7.00000,3.01194,0.42698,0.00007,0.11111,0.46184
7.20000,3.01194,0.51767,0.00002,0.33606,0.14625
7.40000,3.01194,0.38118,0.00000,0.07333,0.54549
7.60000,3.01194,0.36092,0.00000,0.01356,0.62552
7.80000,3.01194,0.93952,0.00035,0.00673,0.05340
8.00000,3.01194,0.89837,0.00104,0.02921,0.07137
8.20000,3.01194,0.44707,0.00000,0.11999,0.43293
8.40000,3.01194,0.43213,0.00132,0.24599,0.32056
8.60000,3.01194,0.38949,0.00001,0.17397,0.43653
8.80000,3.01194,0.37923,0.00009,0.20424,0.41643
9.00000,3.01194,0.39175,0.00000,0.13293,0.47532
9.20000,3.01194,0.47247,0.00001,0.13254,0.39497
9.40000,3.01194,0.44755,0.00001,0.15407,0.39837
9.60000,3.01194,0.38419,0.00007,0.18070,0.43505
9.80000,3.01194,0.49171,0.00034,0.18025,0.32770
10.00000,3.01194,0.37876,0.00000,0.15667,0.46457
10.20000,3.01194,0.36918,0.00000,0.07359,0.55723
10.40000,3.01194,0.58203,0.00007,0.16714,0.25077
10.60000,3.01194,0.38406,0.00001,0.13957,0.47635
10.80000,3.01194,0.44163,0.00001,0.07041,0.48796
11.00000,3.01194,0.38813,0.00001,0.09631,0.51554
11.20000,3.01194,0.47663,0.00048,0.24292,0.27997
11.40000,3.01194,0.40943,0.00009,0.27427,0.31621
11.60000,3.01194,0.43595,0.00041,0.29462,0.26903
11.80000,3.01194,0.38661,0.00001,0.20525,0.40813
12.00000,3.01194,0.41483,0.00000,0.23602,0.34915
12.20000,3.01194,0.41583,0.00002,0.21677,0.36738
12.40000,3.01194,0.35426,0.00001,0.08136,0.56437
12.60000,3.01194,0.54468,0.00000,0.17523,0.28008
12.80000,3.01194,0.59218,0.00002,0.09605,0.31175
13.00000,3.01194,0.56982,0.00011,0.07144,0.35863
13.20000,3.01194,0.65391,0.00022,0.15425,0.19163
13.40000,3.01194,0.60667,0.00007,0.07685,0.31641
13.60000,3.01194,0.35698,0.00000,0.07219,0.57083
13.80000,3.01194,0.36255,0.00001,0.02453,0.61290
14.00000,3.01194,0.44760,0.00918,0.39516,0.14806
14.20000,3.01194,0.39852,0.00185,0.30921,0.29041
14.40000,3.01194,0.52891,0.00000,0.15060,0.32049
14.60000,3.01194,0.38749,0.00001,0.14562,0.46688
14.80000,3.01194,0.47679,0.00000,0.07576,0.44744
15.00000,3.01194,0.41542,0.00000,0.07918,0.50541
15.20000,3.01194,0.55332,0.00004,0.07839,0.36825
15.40000,3.01194,0.80284,0.02285,0.11687,0.05745
15.60000,3.01194,0.37212,0.00012,0.07135,0.55640
15.80000,3.01194,0.50067,0.00018,0.14640,0.35275
16.00000,3.01194,0.50198,0.00037,0.17692,0.32074
16.20000,3.01194,0.44965,0.00019,0.23730,0.31286
16.40000,3.01194,0.38171,0.00001,0.18408,0.43420
16.60000,3.01194,0.49263,0.00029,0.17790,0.32917
16.80000,3.01194,0.46882,0.00146,0.21137,0.31835
17.00000,3.01194,0.53266,0.00051,0.12518,0.34165
17.20000,3.01194,0.40907,0.00002,0.22358,0.36732
17.40000,3.01194,0.38769,0.00002,0.20708,0.40521
17.60000,3.01194,0.49074,0.00000,0.16466,0.34460
17.80000,3.01194,0.46750,0.00000,0.10329,0.42921
18.00000,3.01194,0.43292,0.00000,0.09807,0.46902
18.20000,3.01194,0.55237,0.00000,0.08952,0.35811
18.40000,3.01194,0.71185,0.00000,0.08090,0.20725
18.60000,3.01194,0.55044,0.00000,0.15630,0.29326
18.80000,3.01194,0.49102,0.00000,0.24878,0.26020
19.00000,3.01194,0.28651,0.00001,0.04870,0.66478
19.20000,3.01194,0.18175,0.00000,0.00977,0.80847
19.40000,3.01194,0.27043,0.00003,0.01607,0.71347
19.60000,3.01194,0.46449,0.00000,0.16481,0.37070
