Time (seconds), Duration (seconds),pred_(unlabeled),pred_imbalance,pred_working,pred_impact
0.00000,3.01194,0.36921,0.00001,0.18913,0.44165
0.20000,3.01194,0.27877,0.00000,0.08568,0.63555
0.40000,3.01194,0.44014,0.00000,0.30770,0.25216
0.60000,3.01194,0.42823,0.00000,0.12828,0.44349
0.80000,3.01194,0.35842,0.00000,0.07818,0.56340
1.00000,3.01194,0.25072,0.00000,0.09757,0.65171
1.20000,3.01194,0.41166,0.00000,0.08089,0.50745
1.40000,3.01194,0.41897,0.00000,0.10051,0.48052
1.60000,3.01194,0.40736,0.00000,0.39647,0.19617
1.80000,3.01194,0.41016,0.00000,0.16395,0.42588
2.00000,3.01194,0.38598,0.00002,0.15992,0.45409
2.20000,3.01194,0.31027,0.00000,0.05780,0.63194
2.40000,3.01194,0.38957,0.00000,0.13784,0.47258
2.60000,3.01194,0.41129,0.00000,0.16904,0.41967
2.80000,3.01194,0.01148,0.00000,0.98841,0.00011
3.00000,3.01194,0.25941,0.00000,0.70867,0.03193
3.20000,3.01194,0.47694,0.00000,0.15934,0.36372
3.40000,3.01194,0.38997,0.00000,0.13649,0.47354
3.60000,3.01194,0.38966,0.00002,0.21202,0.39830
3.80000,3.01194,0.40287,0.00000,0.20675,0.39038
4.00000,3.01194,0.36381,0.00000,0.15704,0.47916
4.20000,3.01194,0.55615,0.00000,0.25255,0.19130
4.40000,3.01194,0.41672,0.00000,0.12023,0.46306
4.60000,3.01194,0.43096,0.00001,0.20259,0.36643
4.80000,3.01194,0.36506,0.00002,0.23959,0.39533
5.00000,3.01194,0.40736,0.00000,0.12397,0.46867
5.20000,3.01194,0.35653,0.00001,0.13518,0.50828
5.40000,3.01194,0.42257,0.00000,0.12676,0.45067
5.60000,3.01194,0.39840,0.00000,0.14975,0.45185
5.80000,3.01194,0.42013,0.00000,0.11895,0.46092
6.00000,3.01194,0.40211,0.00000,0.13523,0.46266
6.20000,3.01194,0.42238,0.00000,0.11468,0.46293
6.40000,3.01194,0.43887,0.00000,0.09816,0.46297
6.60000,3.01194,0.42260,0.00000,0.16406,0.41334
6.80000,3.01194,0.44376,0.00000,0.15217,0.40406
7.00000,3.01194,0.41232,0.00000,0.19678,0.39090
7.20000,3.01194,0.32179,0.00000,0.12730,0.55091
7.40000,3.01194,0.43305,0.00000,0.12430,0.44265
7.60000,3.01194,0.45175,0.00000,0.11720,0.43104
7.80000,3.01194,0.41732,0.00000,0.19350,0.38918
8.00000,3.01194,0.43799,0.00000,0.17105,0.39096
8.20000,3.01194,0.39361,0.00000,0.10044,0.50595
8.40000,3.01194,0.32653,0.00000,0.04112,0.63235
8.60000,3.01194,0.40971,0.00000,0.06394,0.52635
8.80000,3.01194,0.38127,0.00001,0.14042,0.47830
9.00000,3.01194,0.36387,0.00000,0.13182,0.50431
9.20000,3.01194,0.50287,0.00001,0.36438,0.13274
9.40000,3.01194,0.40971,0.00000,0.14262,0.44768
9.60000,3.01194,0.42785,0.00000,0.06937,0.50279
9.80000,3.01194,0.48955,0.00000,0.13100,0.37945
10.00000,3.01194,0.49588,0.00007,0.17872,0.32534
10.20000,3.01194,0.51802,0.00073,0.33595,0.14530
10.40000,3.01194,0.48017,0.00004,0.39186,0.12794
10.60000,3.01194,0.62808,0.00000,0.14196,0.22996
10.80000,3.01194,0.75106,0.08100,0.14723,0.02071
11.00000,3.01194,0.22205,0.00000,0.01514,0.76281
11.20000,3.01194,0.34039,0.00000,0.03718,0.62242
11.40000,3.01194,0.40599,0.00000,0.18861,0.40539
11.60000,3.01194,0.41577,0.00000,0.30620,0.27803
11.80000,3.01194,0.40017,0.00000,0.10561,0.49422
12.00000,3.01194,0.49714,0.00000,0.26261,0.24024
12.20000,3.01194,0.46524,0.00019,0.12787,0.40670
12.40000,3.01194,0.59640,0.00099,0.16529,0.23732
12.60000,3.01194,0.36095,0.00007,0.19019,0.44880
12.80000,3.01194,0.39552,0.00018,0.21208,0.39222
13.00000,3.01194,0.40262,0.00034,0.34524,0.25180
13.20000,3.01194,0.40171,0.00000,0.14258,0.45570
13.40000,3.01194,0.40750,0.00000,0.10932,0.48318
13.60000,3.01194,0.41697,0.00000,0.14685,0.43618
13.80000,3.01194,0.59276,0.00000,0.26685,0.14039
14.00000,3.01194,0.37971,0.00000,0.08723,0.53306
14.20000,3.01194,0.43542,0.00009,0.23553,0.32896
14.40000,3.01194,0.44164,0.00001,0.20068,0.35767
14.60000,3.01194,0.49317,0.00462,0.20835,0.29386
14.80000,3.01194,0.27994,0.00003,0.09614,0.62389
15.00000,3.01194,0.39331,0.00000,0.13882,0.46787
15.20000,3.01194,0.38419,0.00000,0.09500,0.52081
15.40000,3.01194,0.44119,0.00001,0.12006,0.43875
15.60000,3.01194,0.44013,0.00000,0.12093,0.43894
15.80000,3.01194,0.47558,0.00000,0.18118,0.34325
16.00000,3.01194,0.43665,0.00000,0.07297,0.49039
16.20000,3.01194,0.39920,0.00000,0.12566,0.47515
16.40000,3.01194,0.38574,0.00000,0.08463,0.52963
16.60000,3.01194,0.39084,0.00014,0.20155,0.40747
16.80000,3.01194,0.63707,0.00004,0.12174,0.24115
17.00000,3.01194,0.42349,0.00002,0.17001,0.40648
17.20000,3.01194,0.39873,0.00000,0.19794,0.40332
17.40000,3.01194,0.51132,0.00000,0.13481,0.35387
17.60000,3.01194,0.56907,0.00000,0.11890,0.31203
17.80000,3.01194,0.39042,0.00080,0.21984,0.38893
18.00000,3.01194,0.37542,0.00000,0.14139,0.48318
18.20000,3.01194,0.41106,0.00002,0.15642,0.43250
18.40000,3.01194,0.45041,0.00003,0.24851,0.30106
18.60000,3.01194,0.38747,0.00013,0.23184,0.38056
18.80000,3.01194,0.41273,0.00031,0.23240,0.35456
19.00000,3.01194,0.38409,0.00001,0.19009,0.42581
19.20000,3.01194,0.43675,0.00020,0.28072,0.28233
19.40000,3.01194,0.32349,0.00005,0.12742,0.54904
19.60000,3.01194,0.38523,0.00000,0.17002,0.44475
19.80000,3.01194,0.40037,0.00001,0.20918,0.39043
