Time (seconds), Duration (seconds),pred_(unlabeled),pred_imbalance,pred_working,pred_impact
0.00000,3.01194,0.53734,0.00000,0.30061,0.16205
0.20000,3.01194,0.15622,0.00001,0.79846,0.04531
0.40000,3.01194,0.00020,0.00000,0.99977,0.00003
0.60000,3.01194,0.00016,0.00000,0.99982,0.00002
0.80000,3.01194,0.00012,0.00000,0.99987,0.00001
1.00000,3.01194,0.00042,0.00000,0.99951,0.00007
1.20000,3.01194,0.00003,0.00000,0.99996,0.00000
1.40000,3.01194,0.00011,0.00000,0.99986,0.00002
1.60000,3.01194,0.00004,0.00000,0.99995,0.00000
1.80000,3.01194,0.00050,0.00000,0.99941,0.00009
2.00000,3.01194,0.00003,0.00000,0.99996,0.00001
2.20000,3.01194,0.00070,0.00000,0.99919,0.00011
2.40000,3.01194,0.00022,0.00000,0.99974,0.00004
2.60000,3.01194,0.00011,0.00000,0.99987,0.00002
2.80000,3.01194,0.00012,0.00000,0.99986,0.00002
3.00000,3.01194,0.00018,0.00000,0.99980,0.00002
3.20000,3.01194,0.00011,0.00000,0.99985,0.00003
3.40000,3.01194,0.00012,0.00000,0.99988,0.00001
3.60000,3.01194,0.00012,0.00000,0.99986,0.00001
3.80000,3.01194,0.00008,0.00000,0.99991,0.00001
4.00000,3.01194,0.00001,0.00000,0.99999,0.00000
4.20000,3.01194,0.00019,0.00000,0.99978,0.00003
4.40000,3.01194,0.00016,0.00000,0.99980,0.00003
4.60000,3.01194,0.00017,0.00000,0.99981,0.00002
4.80000,3.01194,0.00028,0.00000,0.99967,0.00005
5.00000,3.01194,0.00037,0.00000,0.99955,0.00008
5.20000,3.01194,0.00002,0.00000,0.99997,0.00000
5.40000,3.01194,0.00005,0.00000,0.99995,0.00001
5.60000,3.01194,0.00002,0.00000,0.99998,0.00000
5.80000,3.01194,0.00002,0.00000,0.99998,0.00000
6.00000,3.01194,0.00008,0.00000,0.99991,0.00001
6.20000,3.01194,0.00003,0.00000,0.99996,0.00000
6.40000,3.01194,0.00005,0.00000,0.99995,0.00001
6.60000,3.01194,0.00008,0.00000,0.99990,0.00001
6.80000,3.01194,0.00006,0.00000,0.99992,0.00002
7.00000,3.01194,0.00011,0.00000,0.99986,0.00003
7.20000,3.01194,0.00014,0.00000,0.99983,0.00004
7.40000,3.01194,0.00003,0.00000,0.99996,0.00000
7.60000,3.01194,0.00010,0.00000,0.99990,0.00001
7.80000,3.01194,0.00013,0.00000,0.99985,0.00002
8.00000,3.01194,0.00003,0.00000,0.99996,0.00000
8.20000,3.01194,0.00002,0.00000,0.99997,0.00000
8.40000,3.01194,0.00021,0.00000,0.99975,0.00004
8.60000,3.01194,0.00002,0.00000,0.99998,0.00000
8.80000,3.01194,0.00059,0.00000,0.99928,0.00013
9.00000,3.01194,0.00056,0.00000,0.99935,0.00010
9.20000,3.01194,0.00336,0.00000,0.99620,0.00044
9.40000,3.01194,0.00067,0.00000,0.99921,0.00012
9.60000,3.01194,0.00021,0.00000,0.99977,0.00002
9.80000,3.01194,0.00007,0.00000,0.99993,0.00001
10.00000,3.01194,0.00059,0.00000,0.99932,0.00009
10.20000,3.01194,0.00054,0.00000,0.99940,0.00007
10.40000,3.01194,0.00057,0.00000,0.99939,0.00004
10.60000,3.01194,0.00051,0.00000,0.99940,0.00009
10.80000,3.01194,0.00029,0.00000,0.99966,0.00005
11.00000,3.01194,0.00020,0.00000,0.99975,0.00005
11.20000,3.01194,0.00125,0.00000,0.99845,0.00030
11.40000,3.01194,0.00068,0.00000,0.99923,0.00009
11.60000,3.01194,0.00151,0.00000,0.99822,0.00027
11.80000,3.01194,0.00015,0.00000,0.99981,0.00003
12.00000,3.01194,0.00010,0.00000,0.99988,0.00002
12.20000,3.01194,0.00017,0.00000,0.99980,0.00003
12.40000,3.01194,0.00069,0.00000,0.99923,0.00008
12.60000,3.01194,0.00008,0.00000,0.99991,0.00001
12.80000,3.01194,0.00158,0.00000,0.99826,0.00016
13.00000,3.01194,0.00026,0.00000,0.99970,0.00004
13.20000,3.01194,0.00010,0.00000,0.99988,0.00001
13.40000,3.01194,0.00011,0.00000,0.99987,0.00002
13.60000,3.01194,0.00020,0.00000,0.99978,0.00002
13.80000,3.01194,0.00029,0.00000,0.99966,0.00005
14.00000,3.01194,0.00077,0.00000,0.99911,0.00013
14.20000,3.01194,0.00019,0.00000,0.99979,0.00002
14.40000,3.01194,0.00018,0.00000,0.99979,0.00003
14.60000,3.01194,0.00038,0.00000,0.99947,0.00015
14.80000,3.01194,0.00013,0.00000,0.99986,0.00001
15.00000,3.01194,0.00057,0.00000,0.99931,0.00012
15.20000,3.01194,0.00109,0.00000,0.99850,0.00041
15.40000,3.01194,0.00019,0.00000,0.99978,0.00003
15.60000,3.01194,0.00020,0.00000,0.99975,0.00005
15.80000,3.01194,0.00033,0.00000,0.99961,0.00006
16.00000,3.01194,0.00012,0.00000,0.99986,0.00002
16.20000,3.01194,0.00013,0.00000,0.99985,0.00002
16.40000,3.01194,0.00340,0.00000,0.99607,0.00053
16.60000,3.01194,0.00029,0.00000,0.99965,0.00006
16.80000,3.01194,0.00055,0.00000,0.99939,0.00006
17.00000,3.01194,0.00054,0.00000,0.99936,0.00010
17.20000,3.01194,0.00021,0.00000,0.99974,0.00005
17.40000,3.01194,0.00022,0.00000,0.99976,0.00002
17.60000,3.01194,0.00083,0.00000,0.99906,0.00011
17.80000,3.01194,0.00026,0.00000,0.99971,0.00003
18.00000,3.01194,0.00029,0.00000,0.99968,0.00003
18.20000,3.01194,0.00012,0.00000,0.99987,0.00001
18.40000,3.01194,0.00081,0.00000,0.99909,0.00010
18.60000,3.01194,0.00410,0.00000,0.99520,0.00069
18.80000,3.01194,0.00202,0.00000,0.99772,0.00026
19.00000,3.01194,0.00341,0.00000,0.99589,0.00070
19.20000,3.01194,0.00127,0.00000,0.99827,0.00046
19.40000,3.01194,0.00063,0.00000,0.99927,0.00010
19.60000,3.01194,0.00103,0.00000,0.99874,0.00022
19.80000,3.01194,0.00017,0.00000,0.99981,0.00001
