Time(Seconds),Length(Seconds),Label(string),Confidence(double),Comment(string)
5.6284653,7.843126699999999,working,1,
13.4758048,0.1235883999999999,impact,1,
13.603746,1.864333,working,1,
15.4738589,0.1576272999999998,impact,1,
15.6354405,1.4148656999999978,working,1,
17.057396,0.1449811999999998,impact,1,
17.2098632,1.3717605999999996,working,1,
18.589109800000003,0.1297589999999989,impact,1,
18.7259586,1.164743800000002,working,1,
19.8981884,0.134779199999999,impact,1,
20.039499600000003,1.8605968,working,1,
21.9094174,0.1520865000000003,impact,1,
22.0702672,1.2995541999999989,working,1,
23.3797002,0.1229924000000015,impact,1,
23.5103402,1.4833050000000003,working,1,
25.001689,0.1374952000000015,impact,1,
25.1489014,1.395657300000002,working,1,
26.554995400000003,0.1150215999999971,impact,1,
26.6798958,1.3059401999999996,working,1,
27.9934836,0.1477701999999999,impact,1,
28.1511326,1.281235400000002,working,1,
29.4400156,0.1092819999999998,impact,1,
29.5567836,1.276934600000003,working,1,
30.8419236,0.1184570000000005,impact,1,
30.968586,1.2280098000000004,working,1,
32.2042434,0.1295244000000007,impact,1,
32.3419732,1.2474597999999992,working,1,
33.597476799999995,0.1571642,impact,1,
33.7654738,1.412479999999996,working,1,
35.186717,0.1104706000000008,impact,1,
35.3070664,1.1814777000000043,working,1,
36.4966688,0.128093400000002,impact,1,
36.632806,1.0306372000000004,working,1,
37.6716486,0.1176646000000022,impact,1,
37.7962414,0.866409400000002,working,1,
38.669579,0.0838578000000016,impact,1,
38.7638734,1.2673789999999987,working,1,
40.0415274,0.1708902000000006,impact,1,
40.221180700000005,1.024016699999999,working,1,
41.252845,0.1543178000000014,impact,1,
41.4175994,0.9099907999999994,working,1,
42.3369112,0.152555799999998,impact,1,
42.498788,1.1938224000000033,working,1,
43.7036048,0.1188531999999997,impact,1,
43.8306634,0.9091984000000012,working,1,
44.7475094,0.1284088000000041,impact,1,
44.883008,1.0187617999999994,working,1,
45.9116486,0.1197342000000014,impact,1,
46.0395882,0.9261669999999994,working,1,
46.9750762,0.1174143999999979,impact,1,
47.103484900000005,1.0126261000000003,working,1,
48.1269438,0.1259429999999988,impact,1,
48.2627656,1.1091253999999997,working,1,
49.3800964,0.1374952000000051,impact,1,
49.524681400000006,1.1006853999999948,working,1,
50.6335721,0.1452158999999957,impact,1,
50.7869934,1.1572578000000004,working,1,
51.9502253,0.1114245999999999,impact,1,
52.0698554,1.0617061999999968,working,1,
53.1388192,0.1308901000000002,impact,1,
53.278311,0.8495138000000012,working,1,
54.1377036,0.113509799999998,impact,1,
54.2583032,1.0189234000000005,working,1,
55.282643,0.1316825999999997,impact,1,
55.4242044,1.0154149999999995,working,1,
56.450056,0.1045850000000051,impact,1,
56.5650776,1.191445200000001,working,1,
57.7658438,0.1778027999999999,impact,1,
57.9529676,1.1122376000000012,working,1,
59.0749224,0.1052158000000025,impact,1,
59.187228000000005,1.3227472000000005,working,1,
60.5181806,0.1398879999999989,impact,1,
60.666274,1.1041051999999991,working,1,
61.7789808,0.1001226000000051,impact,1,
61.8861932,1.1174923999999995,working,1,
63.0111716,0.1093705999999997,impact,1,
63.1302594,0.9653746000000004,working,1,
64.102166,0.1339137999999926,impact,1,
64.24428520000001,1.0468863999999978,working,1,
65.3016082,0.1146253999999909,impact,1,
65.424439,1.1232319999999931,working,1,
66.55699200000001,0.1317555999999972,impact,1,
66.69695300000001,0.9464093999999932,working,1,
67.6526834,0.1396376999999934,impact,1,
67.80092280000001,6.3631696,working,1,
