Time (seconds), Duration (seconds),pred_(unlabeled),pred_imbalance,pred_working,pred_impact
0.00000,3.01194,0.99993,0.00000,0.00002,0.00005
0.20000,3.01194,0.99993,0.00002,0.00003,0.00002
0.40000,3.01194,0.99998,0.00001,0.00001,0.00000
0.60000,3.01194,0.99996,0.00001,0.00003,0.00000
0.80000,3.01194,0.99995,0.00001,0.00002,0.00001
1.00000,3.01194,0.99998,0.00000,0.00001,0.00000
1.20000,3.01194,0.99994,0.00000,0.00004,0.00001
1.40000,3.01194,0.99989,0.00006,0.00003,0.00001
1.60000,3.01194,0.99997,0.00000,0.00002,0.00001
1.80000,3.01194,0.99995,0.00001,0.00001,0.00003
2.00000,3.01194,0.99992,0.00005,0.00003,0.00001
2.20000,3.01194,0.99924,0.00066,0.00008,0.00003
2.40000,3.01194,0.99996,0.00002,0.00002,0.00001
2.60000,3.01194,0.99995,0.00001,0.00002,0.00001
2.80000,3.01194,0.99987,0.00007,0.00004,0.00002
3.00000,3.01194,0.99997,0.00001,0.00002,0.00001
3.20000,3.01194,0.99993,0.00003,0.00003,0.00001
3.40000,3.01194,0.99994,0.00002,0.00002,0.00001
3.60000,3.01194,0.99998,0.00001,0.00001,0.00001
3.80000,3.01194,0.99997,0.00000,0.00002,0.00001
4.00000,3.01194,0.99974,0.00018,0.00006,0.00003
4.20000,3.01194,0.99982,0.00013,0.00004,0.00002
4.40000,3.01194,0.99989,0.00008,0.00003,0.00001
4.60000,3.01194,0.99992,0.00004,0.00003,0.00001
4.80000,3.01194,0.99993,0.00003,0.00003,0.00001
5.00000,3.01194,0.99997,0.00001,0.00002,0.00000
5.20000,3.01194,0.99993,0.00003,0.00003,0.00001
5.40000,3.01194,0.99995,0.00001,0.00003,0.00001
5.60000,3.01194,0.99997,0.00001,0.00002,0.00001
5.80000,3.01194,0.99994,0.00001,0.00003,0.00002
6.00000,3.01194,0.99993,0.00003,0.00003,0.00001
6.20000,3.01194,0.99997,0.00001,0.00002,0.00001
6.40000,3.01194,0.99996,0.00001,0.00002,0.00002
6.60000,3.01194,0.99994,0.00002,0.00002,0.00002
6.80000,3.01194,0.99987,0.00008,0.00003,0.00002
7.00000,3.01194,0.99994,0.00003,0.00002,0.00001
7.20000,3.01194,0.99994,0.00003,0.00003,0.00001
7.40000,3.01194,0.99994,0.00002,0.00002,0.00001
7.60000,3.01194,0.99994,0.00003,0.00002,0.00001
7.80000,3.01194,0.99995,0.00001,0.00002,0.00001
8.00000,3.01194,0.99995,0.00002,0.00002,0.00001
8.20000,3.01194,0.99997,0.00001,0.00002,0.00001
8.40000,3.01194,0.99996,0.00001,0.00002,0.00001
8.60000,3.01194,0.99993,0.00003,0.00003,0.00001
8.80000,3.01194,0.99995,0.00001,0.00002,0.00001
9.00000,3.01194,0.99995,0.00001,0.00002,0.00001
9.20000,3.01194,0.99995,0.00002,0.00002,0.00001
9.40000,3.01194,0.99994,0.00001,0.00003,0.00001
9.60000,3.01194,0.99996,0.00001,0.00002,0.00001
9.80000,3.01194,0.99995,0.00002,0.00002,0.00001
10.00000,3.01194,0.99993,0.00002,0.00003,0.00002
10.20000,3.01194,0.99994,0.00002,0.00002,0.00001
10.40000,3.01194,0.99993,0.00003,0.00003,0.00001
10.60000,3.01194,0.99994,0.00002,0.00003,0.00001
10.80000,3.01194,0.99996,0.00001,0.00002,0.00001
11.00000,3.01194,0.99994,0.00002,0.00003,0.00002
11.20000,3.01194,0.99994,0.00002,0.00003,0.00001
11.40000,3.01194,0.99996,0.00001,0.00002,0.00001
11.60000,3.01194,0.99995,0.00001,0.00003,0.00001
11.80000,3.01194,0.99994,0.00002,0.00003,0.00002
12.00000,3.01194,0.99995,0.00002,0.00002,0.00001
12.20000,3.01194,0.99995,0.00001,0.00003,0.00001
12.40000,3.01194,0.99995,0.00002,0.00002,0.00001
12.60000,3.01194,0.99996,0.00001,0.00002,0.00001
12.80000,3.01194,0.99993,0.00003,0.00003,0.00002
13.00000,3.01194,0.99994,0.00002,0.00003,0.00001
13.20000,3.01194,0.99995,0.00002,0.00002,0.00001
13.40000,3.01194,0.99994,0.00002,0.00003,0.00001
13.60000,3.01194,0.99996,0.00001,0.00002,0.00001
13.80000,3.01194,0.99997,0.00001,0.00002,0.00001
14.00000,3.01194,0.99995,0.00001,0.00003,0.00001
14.20000,3.01194,0.99995,0.00002,0.00002,0.00001
14.40000,3.01194,0.99995,0.00001,0.00002,0.00001
14.60000,3.01194,0.99995,0.00001,0.00002,0.00001
14.80000,3.01194,0.99996,0.00001,0.00002,0.00001
15.00000,3.01194,0.99996,0.00001,0.00002,0.00001
15.20000,3.01194,0.99994,0.00002,0.00003,0.00001
15.40000,3.01194,0.99993,0.00003,0.00003,0.00001
15.60000,3.01194,0.99994,0.00002,0.00003,0.00001
15.80000,3.01194,0.99994,0.00002,0.00003,0.00001
16.00000,3.01194,0.99993,0.00003,0.00003,0.00001
16.20000,3.01194,0.99970,0.00023,0.00004,0.00002
16.40000,3.01194,0.99764,0.00230,0.00003,0.00003
16.60000,3.01194,0.99957,0.00039,0.00003,0.00002
16.80000,3.01194,0.99989,0.00006,0.00003,0.00002
17.00000,3.01194,0.99985,0.00008,0.00004,0.00002
17.20000,3.01194,0.99995,0.00001,0.00003,0.00001
17.40000,3.01194,0.99988,0.00005,0.00005,0.00002
17.60000,3.01194,0.99978,0.00015,0.00003,0.00004
17.80000,3.01194,0.99996,0.00002,0.00002,0.00001
18.00000,3.01194,0.99983,0.00010,0.00005,0.00003
18.20000,3.01194,0.99675,0.00319,0.00004,0.00003
18.40000,3.01194,0.99985,0.00013,0.00002,0.00001
18.60000,3.01194,0.99990,0.00002,0.00005,0.00003
18.80000,3.01194,0.99739,0.00238,0.00008,0.00014
19.00000,3.01194,0.99572,0.00413,0.00012,0.00004
19.20000,3.01194,0.99681,0.00306,0.00009,0.00004
19.40000,3.01194,0.99497,0.00491,0.00006,0.00005
19.60000,3.01194,0.99987,0.00007,0.00003,0.00002
19.80000,3.01194,0.99974,0.00009,0.00007,0.00009
20.00000,3.01194,0.99360,0.00621,0.00011,0.00008
20.20000,3.01194,0.98713,0.01266,0.00014,0.00007
20.40000,3.01194,0.99898,0.00083,0.00010,0.00009
20.60000,3.01194,0.99911,0.00069,0.00010,0.00009
20.80000,3.01194,0.99799,0.00178,0.00012,0.00011
21.00000,3.01194,0.99847,0.00140,0.00006,0.00006
21.20000,3.01194,0.99950,0.00039,0.00006,0.00005
21.40000,3.01194,0.99942,0.00043,0.00008,0.00007
21.60000,3.01194,0.99905,0.00079,0.00009,0.00008
21.80000,3.01194,0.99689,0.00287,0.00012,0.00012
22.00000,3.01194,0.99865,0.00116,0.00010,0.00008
22.20000,3.01194,0.99831,0.00152,0.00009,0.00007
22.40000,3.01194,0.99945,0.00042,0.00008,0.00006
22.60000,3.01194,0.99877,0.00106,0.00009,0.00007
22.80000,3.01194,0.99912,0.00073,0.00008,0.00006
