Time (seconds), Duration (seconds),pred_(unlabeled),pred_imbalance,pred_working,pred_impact
0.00000,3.01194,0.36895,0.26784,0.08528,0.27793
0.20000,3.01194,0.06304,0.84757,0.01809,0.07130
0.40000,3.01194,0.00568,0.99193,0.00046,0.00192
0.60000,3.01194,0.00243,0.99682,0.00019,0.00056
0.80000,3.01194,0.04755,0.92554,0.00397,0.02294
1.00000,3.01194,0.00148,0.99796,0.00007,0.00050
1.20000,3.01194,0.00030,0.99965,0.00001,0.00004
1.40000,3.01194,0.00190,0.99771,0.00007,0.00033
1.60000,3.01194,0.00134,0.99851,0.00003,0.00013
1.80000,3.01194,0.00043,0.99951,0.00001,0.00005
2.00000,3.01194,0.00045,0.99938,0.00004,0.00013
2.20000,3.01194,0.00078,0.99908,0.00003,0.00011
2.40000,3.01194,0.00115,0.99861,0.00004,0.00020
2.60000,3.01194,0.00034,0.99961,0.00001,0.00004
2.80000,3.01194,0.00055,0.99934,0.00002,0.00009
3.00000,3.01194,0.00625,0.99140,0.00053,0.00182
3.20000,3.01194,0.00013,0.99986,0.00000,0.00001
3.40000,3.01194,0.00022,0.99973,0.00001,0.00004
3.60000,3.01194,0.00660,0.99141,0.00027,0.00172
3.80000,3.01194,0.00054,0.99933,0.00002,0.00011
4.00000,3.01194,0.00034,0.99963,0.00000,0.00003
4.20000,3.01194,0.00192,0.99756,0.00010,0.00042
4.40000,3.01194,0.00064,0.99928,0.00001,0.00006
4.60000,3.01194,0.00006,0.99993,0.00000,0.00001
4.80000,3.01194,0.00158,0.99768,0.00016,0.00058
5.00000,3.01194,0.00019,0.99979,0.00000,0.00002
5.20000,3.01194,0.00209,0.99710,0.00013,0.00067
5.40000,3.01194,0.00567,0.99009,0.00078,0.00346
5.60000,3.01194,0.00028,0.99965,0.00002,0.00005
5.80000,3.01194,0.00064,0.99926,0.00002,0.00008
6.00000,3.01194,0.00156,0.99793,0.00006,0.00044
6.20000,3.01194,0.00039,0.99955,0.00001,0.00006
6.40000,3.01194,0.00024,0.99972,0.00001,0.00004
6.60000,3.01194,0.00271,0.99642,0.00009,0.00077
6.80000,3.01194,0.00007,0.99992,0.00000,0.00000
7.00000,3.01194,0.00183,0.99759,0.00012,0.00046
7.20000,3.01194,0.00284,0.99508,0.00036,0.00171
7.40000,3.01194,0.00011,0.99987,0.00000,0.00002
7.60000,3.01194,0.00050,0.99945,0.00001,0.00004
7.80000,3.01194,0.00388,0.99439,0.00029,0.00144
8.00000,3.01194,0.00028,0.99968,0.00001,0.00003
8.20000,3.01194,0.00033,0.99962,0.00001,0.00004
8.40000,3.01194,0.00041,0.99952,0.00001,0.00006
8.60000,3.01194,0.00018,0.99980,0.00000,0.00001
8.80000,3.01194,0.00023,0.99974,0.00000,0.00003
9.00000,3.01194,0.00024,0.99972,0.00000,0.00004
9.20000,3.01194,0.00095,0.99885,0.00003,0.00017
9.40000,3.01194,0.00062,0.99918,0.00008,0.00013
9.60000,3.01194,0.00101,0.99880,0.00004,0.00016
9.80000,3.01194,0.00348,0.99510,0.00027,0.00115
10.00000,3.01194,0.01015,0.98601,0.00061,0.00323
10.20000,3.01194,0.00107,0.99851,0.00007,0.00034
10.40000,3.01194,0.00059,0.99929,0.00001,0.00012
10.60000,3.01194,0.00048,0.99948,0.00001,0.00003
10.80000,3.01194,0.00077,0.99905,0.00005,0.00013
11.00000,3.01194,0.00310,0.99443,0.00056,0.00191
11.20000,3.01194,0.00141,0.99774,0.00021,0.00065
11.40000,3.01194,0.00061,0.99929,0.00002,0.00009
11.60000,3.01194,0.01587,0.97727,0.00101,0.00585
11.80000,3.01194,0.00253,0.99625,0.00024,0.00098
12.00000,3.01194,0.00072,0.99904,0.00006,0.00018
12.20000,3.01194,0.00151,0.99813,0.00008,0.00028
12.40000,3.01194,0.00035,0.99958,0.00001,0.00006
12.60000,3.01194,0.00024,0.99972,0.00000,0.00003
12.80000,3.01194,0.00084,0.99894,0.00003,0.00019
13.00000,3.01194,0.00107,0.99869,0.00005,0.00020
13.20000,3.01194,0.00018,0.99980,0.00000,0.00001
13.40000,3.01194,0.00151,0.99810,0.00008,0.00032
13.60000,3.01194,0.00140,0.99821,0.00007,0.00032
13.80000,3.01194,0.00039,0.99948,0.00003,0.00010
14.00000,3.01194,0.00024,0.99973,0.00001,0.00002
14.20000,3.01194,0.00296,0.99643,0.00009,0.00053
14.40000,3.01194,0.00102,0.99876,0.00005,0.00017
14.60000,3.01194,0.00089,0.99896,0.00003,0.00012
14.80000,3.01194,0.00235,0.99693,0.00015,0.00058
15.00000,3.01194,0.00015,0.99982,0.00000,0.00002
15.20000,3.01194,0.00079,0.99904,0.00002,0.00015
15.40000,3.01194,0.00072,0.99901,0.00004,0.00023
15.60000,3.01194,0.00032,0.99965,0.00001,0.00003
15.80000,3.01194,0.00120,0.99865,0.00002,0.00013
16.00000,3.01194,0.00206,0.99744,0.00009,0.00040
16.20000,3.01194,0.00023,0.99971,0.00001,0.00005
16.40000,3.01194,0.00057,0.99935,0.00001,0.00007
16.60000,3.01194,0.00177,0.99784,0.00006,0.00032
16.80000,3.01194,0.00026,0.99970,0.00001,0.00003
17.00000,3.01194,0.00037,0.99956,0.00001,0.00006
17.20000,3.01194,0.00141,0.99824,0.00005,0.00029
17.40000,3.01194,0.00038,0.99957,0.00001,0.00005
17.60000,3.01194,0.00107,0.99868,0.00004,0.00022
17.80000,3.01194,0.00053,0.99939,0.00001,0.00007
18.00000,3.01194,0.00027,0.99970,0.00001,0.00002
18.20000,3.01194,0.00030,0.99967,0.00000,0.00002
18.40000,3.01194,0.00035,0.99962,0.00001,0.00003
18.60000,3.01194,0.00021,0.99977,0.00000,0.00002
18.80000,3.01194,0.00017,0.99981,0.00000,0.00002
19.00000,3.01194,0.00054,0.99938,0.00002,0.00007
19.20000,3.01194,0.00018,0.99980,0.00000,0.00002
19.40000,3.01194,0.00018,0.99980,0.00000,0.00002
19.60000,3.01194,0.00015,0.99981,0.00001,0.00003
19.80000,3.01194,0.00025,0.99973,0.00000,0.00002
20.00000,3.01194,0.00027,0.99971,0.00001,0.00002
20.20000,3.01194,0.00027,0.99967,0.00001,0.00005
20.40000,3.01194,0.00041,0.99955,0.00001,0.00004
20.60000,3.01194,0.00010,0.99989,0.00000,0.00001
20.80000,3.01194,0.00018,0.99980,0.00000,0.00002
21.00000,3.01194,0.00007,0.99992,0.00000,0.00001
21.20000,3.01194,0.00068,0.99921,0.00002,0.00009
21.40000,3.01194,0.00010,0.99989,0.00000,0.00001
21.60000,3.01194,0.00036,0.99958,0.00001,0.00006
21.80000,3.01194,0.00029,0.99967,0.00001,0.00003
22.00000,3.01194,0.00253,0.99690,0.00010,0.00048
22.20000,3.01194,0.00145,0.99814,0.00009,0.00032
22.40000,3.01194,0.00107,0.99870,0.00005,0.00018
22.60000,3.01194,0.00140,0.99814,0.00012,0.00034
22.80000,3.01194,0.00077,0.99907,0.00002,0.00014
23.00000,3.01194,0.00049,0.99941,0.00001,0.00009
23.20000,3.01194,0.00032,0.99955,0.00001,0.00012
23.40000,3.01194,0.00048,0.99943,0.00002,0.00008
23.60000,3.01194,0.00062,0.99930,0.00001,0.00006
23.80000,3.01194,0.00196,0.99697,0.00027,0.00081
24.00000,3.01194,0.00023,0.99967,0.00003,0.00007
24.20000,3.01194,0.00093,0.99880,0.00006,0.00021
24.40000,3.01194,0.00764,0.98915,0.00059,0.00263
24.60000,3.01194,0.00077,0.99900,0.00003,0.00020
24.80000,3.01194,0.00029,0.99966,0.00001,0.00004
25.00000,3.01194,0.00500,0.99342,0.00039,0.00118
25.20000,3.01194,0.00056,0.99933,0.00003,0.00008
25.40000,3.01194,0.00010,0.99989,0.00000,0.00001
25.60000,3.01194,0.00476,0.99232,0.00044,0.00248
25.80000,3.01194,0.00076,0.99916,0.00001,0.00007
26.00000,3.01194,0.00002,0.99998,0.00000,0.00000
26.20000,3.01194,0.00244,0.99641,0.00040,0.00075
26.40000,3.01194,0.00249,0.99698,0.00011,0.00042
26.60000,3.01194,0.00007,0.99991,0.00000,0.00001
26.80000,3.01194,0.00371,0.99495,0.00020,0.00114
27.00000,3.01194,0.00234,0.99621,0.00036,0.00109
27.20000,3.01194,0.00004,0.99996,0.00000,0.00001
27.40000,3.01194,0.00591,0.99230,0.00033,0.00146
27.60000,3.01194,0.00091,0.99884,0.00007,0.00018
27.80000,3.01194,0.00025,0.99972,0.00001,0.00002
28.00000,3.01194,0.00989,0.98569,0.00117,0.00324
28.20000,3.01194,0.00068,0.99920,0.00001,0.00011
28.40000,3.01194,0.00032,0.99963,0.00001,0.00005
28.60000,3.01194,0.00066,0.99908,0.00004,0.00022
28.80000,3.01194,0.00102,0.99880,0.00004,0.00014
29.00000,3.01194,0.00303,0.99660,0.00007,0.00029
29.20000,3.01194,0.00337,0.99532,0.00027,0.00104
29.40000,3.01194,0.00038,0.99943,0.00003,0.00015
29.60000,3.01194,0.00044,0.99949,0.00001,0.00006
29.80000,3.01194,0.00174,0.99789,0.00005,0.00032
30.00000,3.01194,0.00049,0.99930,0.00004,0.00017
30.20000,3.01194,0.00093,0.99888,0.00004,0.00016
30.40000,3.01194,0.00036,0.99958,0.00001,0.00005
30.60000,3.01194,0.00050,0.99941,0.00002,0.00007
30.80000,3.01194,0.00031,0.99963,0.00001,0.00005
31.00000,3.01194,0.00070,0.99920,0.00001,0.00009
31.20000,3.01194,0.00022,0.99975,0.00000,0.00002
31.40000,3.01194,0.00009,0.99990,0.00000,0.00001
31.60000,3.01194,0.00019,0.99979,0.00000,0.00001
31.80000,3.01194,0.00048,0.99947,0.00001,0.00005
32.00000,3.01194,0.00045,0.99946,0.00001,0.00007
32.20000,3.01194,0.00021,0.99977,0.00000,0.00002
32.40000,3.01194,0.00059,0.99931,0.00002,0.00009
32.60000,3.01194,0.00018,0.99981,0.00000,0.00001
32.80000,3.01194,0.00042,0.99949,0.00002,0.00007
33.00000,3.01194,0.00273,0.99625,0.00031,0.00072
33.20000,3.01194,0.00090,0.99887,0.00006,0.00018
33.40000,3.01194,0.00048,0.99941,0.00001,0.00010
33.60000,3.01194,0.00082,0.99904,0.00002,0.00012
33.80000,3.01194,0.00124,0.99839,0.00005,0.00032
34.00000,3.01194,0.00082,0.99902,0.00003,0.00014
34.20000,3.01194,0.00041,0.99954,0.00001,0.00004
34.40000,3.01194,0.00085,0.99896,0.00004,0.00015
34.60000,3.01194,0.00039,0.99948,0.00003,0.00011
34.80000,3.01194,0.00140,0.99777,0.00016,0.00067
35.00000,3.01194,0.00105,0.99878,0.00002,0.00015
35.20000,3.01194,0.00117,0.99849,0.00006,0.00028
35.40000,3.01194,0.00146,0.99796,0.00010,0.00048
35.60000,3.01194,0.00046,0.99947,0.00001,0.00006
35.80000,3.01194,0.00012,0.99986,0.00000,0.00001
36.00000,3.01194,0.00015,0.99983,0.00000,0.00001
36.20000,3.01194,0.00044,0.99949,0.00001,0.00006
36.40000,3.01194,0.00030,0.99966,0.00001,0.00003
36.60000,3.01194,0.00025,0.99972,0.00001,0.00003
36.80000,3.01194,0.00030,0.99967,0.00001,0.00003
37.00000,3.01194,0.00017,0.99981,0.00000,0.00002
37.20000,3.01194,0.00023,0.99973,0.00001,0.00003
37.40000,3.01194,0.00084,0.99899,0.00003,0.00014
37.60000,3.01194,0.00017,0.99982,0.00000,0.00001
37.80000,3.01194,0.00028,0.99968,0.00001,0.00003
38.00000,3.01194,0.00174,0.99759,0.00013,0.00054
38.20000,3.01194,0.00047,0.99942,0.00003,0.00009
38.40000,3.01194,0.00086,0.99892,0.00006,0.00017
38.60000,3.01194,0.00730,0.98944,0.00061,0.00265
38.80000,3.01194,0.00058,0.99930,0.00001,0.00010
39.00000,3.01194,0.00036,0.99953,0.00001,0.00010
39.20000,3.01194,0.00148,0.99807,0.00006,0.00039
39.40000,3.01194,0.00083,0.99910,0.00001,0.00007
39.60000,3.01194,0.00705,0.98799,0.00140,0.00357
39.80000,3.01194,0.00465,0.99111,0.00130,0.00294
40.00000,3.01194,0.00075,0.99893,0.00006,0.00025
40.20000,3.01194,0.00388,0.99511,0.00010,0.00092
40.40000,3.01194,0.00185,0.99752,0.00010,0.00053
40.60000,3.01194,0.00032,0.99962,0.00001,0.00005
40.80000,3.01194,0.00048,0.99945,0.00001,0.00006
41.00000,3.01194,0.00060,0.99931,0.00002,0.00007
41.20000,3.01194,0.00024,0.99973,0.00001,0.00003
41.40000,3.01194,0.00205,0.99636,0.00034,0.00125
41.60000,3.01194,0.00228,0.99692,0.00013,0.00067
41.80000,3.01194,0.00013,0.99985,0.00000,0.00001
42.00000,3.01194,0.00054,0.99929,0.00003,0.00014
42.20000,3.01194,0.00039,0.99951,0.00002,0.00008
42.40000,3.01194,0.00009,0.99990,0.00000,0.00001
42.60000,3.01194,0.00011,0.99988,0.00000,0.00001
42.80000,3.01194,0.00017,0.99981,0.00000,0.00002
43.00000,3.01194,0.00017,0.99980,0.00000,0.00002
43.20000,3.01194,0.00032,0.99961,0.00002,0.00006
43.40000,3.01194,0.00033,0.99962,0.00001,0.00004
43.60000,3.01194,0.00015,0.99984,0.00000,0.00001
43.80000,3.01194,0.00050,0.99942,0.00001,0.00007
44.00000,3.01194,0.00056,0.99936,0.00001,0.00007
44.20000,3.01194,0.00012,0.99987,0.00000,0.00001
44.40000,3.01194,0.00016,0.99983,0.00000,0.00001
44.60000,3.01194,0.00043,0.99947,0.00002,0.00008
44.80000,3.01194,0.00076,0.99909,0.00002,0.00012
45.00000,3.01194,0.00600,0.99177,0.00032,0.00190
45.20000,3.01194,0.00273,0.99618,0.00022,0.00087
45.40000,3.01194,0.00042,0.99949,0.00002,0.00007
45.60000,3.01194,0.00274,0.99635,0.00027,0.00064
45.80000,3.01194,0.00168,0.99777,0.00008,0.00048
46.00000,3.01194,0.00033,0.99961,0.00001,0.00005
46.20000,3.01194,0.00177,0.99775,0.00007,0.00042
46.40000,3.01194,0.00403,0.99432,0.00027,0.00137
46.60000,3.01194,0.00060,0.99932,0.00001,0.00007
46.80000,3.01194,0.00107,0.99866,0.00007,0.00019
47.00000,3.01194,0.00249,0.99505,0.00032,0.00213
47.20000,3.01194,0.00084,0.99880,0.00008,0.00028
47.40000,3.01194,0.00091,0.99892,0.00004,0.00013
47.60000,3.01194,0.00344,0.99448,0.00048,0.00160
47.80000,3.01194,0.00072,0.99911,0.00002,0.00014
48.00000,3.01194,0.00040,0.99953,0.00001,0.00006
48.20000,3.01194,0.00042,0.99953,0.00001,0.00005
48.40000,3.01194,0.00007,0.99991,0.00000,0.00001
48.60000,3.01194,0.00036,0.99959,0.00001,0.00003
48.80000,3.01194,0.00026,0.99970,0.00001,0.00003
49.00000,3.01194,0.00121,0.99831,0.00011,0.00037
49.20000,3.01194,0.00170,0.99770,0.00014,0.00046
49.40000,3.01194,0.00083,0.99899,0.00005,0.00013
49.60000,3.01194,0.00078,0.99909,0.00002,0.00011
49.80000,3.01194,0.00071,0.99915,0.00002,0.00012
50.00000,3.01194,0.00203,0.99739,0.00009,0.00049
50.20000,3.01194,0.00029,0.99964,0.00001,0.00006
50.40000,3.01194,0.00034,0.99960,0.00001,0.00005
50.60000,3.01194,0.00312,0.99656,0.00006,0.00025
50.80000,3.01194,0.00293,0.99478,0.00061,0.00168
51.00000,3.01194,0.00272,0.99574,0.00049,0.00105
51.20000,3.01194,0.00082,0.99900,0.00003,0.00014
51.40000,3.01194,0.00030,0.99961,0.00002,0.00007
51.60000,3.01194,0.00235,0.99671,0.00009,0.00085
51.80000,3.01194,0.00717,0.98949,0.00057,0.00277
52.00000,3.01194,0.00009,0.99990,0.00000,0.00001
52.20000,3.01194,0.00085,0.99902,0.00003,0.00010
52.40000,3.01194,0.00184,0.99763,0.00010,0.00043
52.60000,3.01194,0.00019,0.99979,0.00001,0.00002
52.80000,3.01194,0.00185,0.99692,0.00027,0.00096
53.00000,3.01194,0.00126,0.99835,0.00005,0.00034
53.20000,3.01194,0.00021,0.99976,0.00000,0.00002
53.40000,3.01194,0.00332,0.99539,0.00019,0.00110
53.60000,3.01194,0.00085,0.99856,0.00013,0.00046
53.80000,3.01194,0.00013,0.99984,0.00001,0.00002
54.00000,3.01194,0.00013,0.99985,0.00000,0.00002
54.20000,3.01194,0.00071,0.99914,0.00002,0.00012
54.40000,3.01194,0.00021,0.99976,0.00000,0.00003
54.60000,3.01194,0.00025,0.99971,0.00001,0.00004
54.80000,3.01194,0.00009,0.99990,0.00000,0.00001
55.00000,3.01194,0.00011,0.99988,0.00000,0.00001
55.20000,3.01194,0.00003,0.99997,0.00000,0.00000
55.40000,3.01194,0.00029,0.99966,0.00001,0.00004
55.60000,3.01194,0.00028,0.99969,0.00001,0.00002
55.80000,3.01194,0.00017,0.99981,0.00000,0.00002
56.00000,3.01194,0.00013,0.99986,0.00000,0.00001
56.20000,3.01194,0.00027,0.99969,0.00001,0.00003
56.40000,3.01194,0.00017,0.99981,0.00000,0.00001
56.60000,3.01194,0.00052,0.99942,0.00001,0.00005
56.80000,3.01194,0.00044,0.99950,0.00001,0.00005
57.00000,3.01194,0.00064,0.99919,0.00003,0.00013
57.20000,3.01194,0.00099,0.99870,0.00008,0.00023
57.40000,3.01194,0.00046,0.99949,0.00001,0.00004
57.60000,3.01194,0.00298,0.99617,0.00013,0.00072
57.80000,3.01194,0.00664,0.98927,0.00106,0.00303
58.00000,3.01194,0.00063,0.99922,0.00003,0.00011
58.20000,3.01194,0.00548,0.99233,0.00059,0.00159
58.40000,3.01194,0.00181,0.99767,0.00008,0.00045
58.60000,3.01194,0.00116,0.99858,0.00002,0.00024
58.80000,3.01194,0.00083,0.99892,0.00003,0.00023
59.00000,3.01194,0.00120,0.99852,0.00006,0.00022
59.20000,3.01194,0.00238,0.99735,0.00006,0.00021
59.40000,3.01194,0.00722,0.98805,0.00090,0.00382
59.60000,3.01194,0.00315,0.99321,0.00087,0.00277
59.80000,3.01194,0.00341,0.99524,0.00034,0.00101
60.00000,3.01194,0.00816,0.98910,0.00043,0.00231
60.20000,3.01194,0.00058,0.99926,0.00004,0.00012
60.40000,3.01194,0.00633,0.99153,0.00028,0.00186
60.60000,3.01194,0.00043,0.99952,0.00001,0.00005
60.80000,3.01194,0.00030,0.99965,0.00001,0.00004
61.00000,3.01194,0.01170,0.98069,0.00209,0.00553
61.20000,3.01194,0.00064,0.99910,0.00006,0.00020
61.40000,3.01193,0.00107,0.99866,0.00006,0.00022
61.60000,3.01194,0.00285,0.99646,0.00008,0.00060
61.80000,3.01194,0.00081,0.99896,0.00004,0.00018
62.00000,3.01194,0.00111,0.99864,0.00003,0.00022
62.20000,3.01194,0.00090,0.99900,0.00001,0.00008
62.40000,3.01193,0.00046,0.99950,0.00001,0.00004
62.60000,3.01194,0.00206,0.99741,0.00014,0.00039
62.80000,3.01194,0.00035,0.99954,0.00002,0.00009
63.00000,3.01194,0.00024,0.99972,0.00001,0.00003
63.20000,3.01194,0.00079,0.99911,0.00002,0.00008
63.40000,3.01193,0.00153,0.99797,0.00010,0.00040
63.60000,3.01194,0.00045,0.99945,0.00002,0.00009
63.80000,3.01194,0.00857,0.98857,0.00044,0.00242
64.00000,3.01194,0.00243,0.99700,0.00011,0.00046
64.20000,3.01194,0.00032,0.99962,0.00002,0.00004
64.40000,3.01193,0.00271,0.99658,0.00015,0.00056
64.60000,3.01194,0.00047,0.99941,0.00002,0.00010
64.80000,3.01193,0.00084,0.99899,0.00002,0.00016
65.00000,3.01194,0.00054,0.99926,0.00002,0.00018
65.20000,3.01194,0.00158,0.99804,0.00008,0.00030
65.40000,3.01193,0.00116,0.99873,0.00002,0.00009
65.60000,3.01194,0.00262,0.99619,0.00023,0.00095
65.80000,3.01193,0.00022,0.99972,0.00001,0.00005
66.00000,3.01194,0.00129,0.99814,0.00013,0.00045
66.20000,3.01194,0.00462,0.99412,0.00016,0.00110
66.40000,3.01193,0.00072,0.99912,0.00003,0.00013
66.60000,3.01194,0.00842,0.98493,0.00221,0.00444
66.80000,3.01193,0.00031,0.99963,0.00001,0.00004
67.00000,3.01194,0.00129,0.99842,0.00006,0.00023
67.20000,3.01194,0.00537,0.99264,0.00025,0.00173
67.40000,3.01193,0.00026,0.99970,0.00001,0.00004
67.60000,3.01194,0.00023,0.99972,0.00001,0.00004
67.80000,3.01193,0.00130,0.99850,0.00003,0.00018
68.00000,3.01194,0.00028,0.99968,0.00001,0.00003
68.20000,3.01194,0.00062,0.99919,0.00004,0.00014
68.40000,3.01193,0.00433,0.99246,0.00065,0.00256
68.60000,3.01194,0.00081,0.99890,0.00005,0.00024
68.80000,3.01193,0.00053,0.99942,0.00001,0.00005
69.00000,3.01194,0.00233,0.99672,0.00023,0.00072
69.20000,3.01194,0.00045,0.99951,0.00001,0.00004
69.40000,3.01193,0.00007,0.99992,0.00000,0.00001
69.60000,3.01194,0.00043,0.99949,0.00001,0.00006
69.80000,3.01193,0.00081,0.99906,0.00002,0.00011
70.00000,3.01194,0.00027,0.99970,0.00001,0.00003
70.20000,3.01194,0.00082,0.99898,0.00005,0.00015
70.40000,3.01193,0.00040,0.99953,0.00001,0.00006
70.60000,3.01194,0.00044,0.99951,0.00001,0.00004
70.80000,3.01193,0.00046,0.99946,0.00001,0.00007
71.00000,3.01194,0.00025,0.99971,0.00001,0.00003
71.20000,3.01194,0.00018,0.99980,0.00000,0.00001
71.40000,3.01193,0.00028,0.99968,0.00001,0.00003
71.60000,3.01194,0.00019,0.99979,0.00000,0.00001
71.80000,3.01193,0.00067,0.99915,0.00003,0.00015
72.00000,3.01194,0.00135,0.99829,0.00005,0.00031
72.20000,3.01194,0.00005,0.99995,0.00000,0.00000
72.40000,3.01193,0.00010,0.99988,0.00000,0.00001
72.60000,3.01194,0.00067,0.99919,0.00003,0.00012
72.80000,3.01193,0.00018,0.99980,0.00001,0.00002
73.00000,3.01194,0.00009,0.99990,0.00000,0.00001
73.20000,3.01194,0.00010,0.99989,0.00000,0.00001
73.40000,3.01193,0.00004,0.99995,0.00000,0.00000
73.60000,3.01194,0.00006,0.99993,0.00000,0.00000
73.80000,3.01193,0.00071,0.99917,0.00003,0.00009
74.00000,3.01194,0.00012,0.99986,0.00000,0.00001
74.20000,3.01194,0.00096,0.99883,0.00002,0.00019
74.40000,3.01193,0.00440,0.99252,0.00073,0.00236
74.60000,3.01194,0.00007,0.99991,0.00001,0.00001
74.80000,3.01193,0.00053,0.99938,0.00002,0.00006
75.00000,3.01194,0.00333,0.99572,0.00014,0.00081
75.20000,3.01194,0.00055,0.99937,0.00001,0.00007
75.40000,3.01193,0.00179,0.99751,0.00013,0.00057
75.60000,3.01194,0.00284,0.99643,0.00010,0.00064
75.80000,3.01193,0.00033,0.99960,0.00001,0.00005
76.00000,3.01194,0.00155,0.99783,0.00019,0.00044
76.20000,3.01194,0.01915,0.95963,0.00442,0.01680
76.40000,3.01193,0.00394,0.99435,0.00029,0.00142
76.60000,3.01194,0.00108,0.99879,0.00003,0.00011
76.80000,3.01193,0.00945,0.98650,0.00061,0.00344
77.00000,3.01194,0.00022,0.99975,0.00001,0.00002
77.20000,3.01194,0.00021,0.99976,0.00001,0.00002
77.40000,3.01193,0.00043,0.99953,0.00001,0.00004
77.60000,3.01194,0.00065,0.99927,0.00001,0.00007
77.80000,3.01193,0.00219,0.99701,0.00018,0.00062
78.00000,3.01194,0.00655,0.99046,0.00079,0.00221
78.20000,3.01194,0.00211,0.99718,0.00018,0.00054
78.40000,3.01193,0.00108,0.99855,0.00005,0.00031
78.60000,3.01194,0.00703,0.99096,0.00029,0.00172
78.80000,3.01193,0.00239,0.99677,0.00013,0.00071
79.00000,3.01194,0.00242,0.99658,0.00015,0.00084
79.20000,3.01194,0.00384,0.99542,0.00015,0.00059
79.40000,3.01193,0.00261,0.99646,0.00025,0.00068
79.60000,3.01194,0.00169,0.99719,0.00029,0.00082
79.80000,3.01193,0.00896,0.98712,0.00070,0.00321
80.00000,3.01194,0.00243,0.99711,0.00007,0.00039
80.20000,3.01194,0.00077,0.99905,0.00003,0.00014
80.40000,3.01193,0.00207,0.99692,0.00022,0.00079
80.60000,3.01194,0.00127,0.99853,0.00003,0.00017
80.80000,3.01193,0.00022,0.99975,0.00001,0.00003
81.00000,3.01194,0.00171,0.99794,0.00005,0.00030
81.20000,3.01194,0.00041,0.99934,0.00006,0.00019
81.40000,3.01193,0.00195,0.99744,0.00011,0.00050
81.60000,3.01194,0.00016,0.99983,0.00000,0.00001
81.80000,3.01193,0.00144,0.99796,0.00014,0.00046
82.00000,3.01194,0.00212,0.99747,0.00006,0.00034
82.20000,3.01194,0.00270,0.99659,0.00013,0.00058
82.40000,3.01193,0.00131,0.99834,0.00007,0.00028
82.60000,3.01194,0.00657,0.99213,0.00021,0.00110
82.80000,3.01193,0.00689,0.99084,0.00045,0.00182
83.00000,3.01194,0.00137,0.99836,0.00004,0.00023
83.20000,3.01194,0.00299,0.99624,0.00010,0.00067
83.40000,3.01193,0.00056,0.99934,0.00001,0.00009
83.60000,3.01194,0.00331,0.99562,0.00024,0.00083
83.80000,3.01193,0.00368,0.99545,0.00014,0.00073
84.00000,3.01194,0.00686,0.98938,0.00076,0.00300
84.20000,3.01194,0.00058,0.99918,0.00005,0.00019
84.40000,3.01193,0.00030,0.99963,0.00001,0.00005
84.60000,3.01194,0.00324,0.99607,0.00009,0.00060
84.80000,3.01193,0.00048,0.99940,0.00003,0.00009
85.00000,3.01194,0.00080,0.99908,0.00002,0.00010
85.20000,3.01194,0.00028,0.99967,0.00001,0.00004
85.40000,3.01193,0.00118,0.99856,0.00005,0.00021
85.60000,3.01194,0.00087,0.99901,0.00002,0.00010
85.80000,3.01193,0.00064,0.99928,0.00001,0.00007
86.00000,3.01194,0.00158,0.99806,0.00006,0.00030
86.20000,3.01194,0.00202,0.99770,0.00004,0.00024
86.40000,3.01193,0.00040,0.99954,0.00001,0.00005
86.60000,3.01194,0.00057,0.99931,0.00002,0.00011
86.80000,3.01193,0.00245,0.99701,0.00008,0.00045
87.00000,3.01194,0.00080,0.99907,0.00002,0.00010
87.20000,3.01194,0.00093,0.99892,0.00002,0.00012
87.40000,3.01193,0.00081,0.99910,0.00001,0.00008
87.60000,3.01194,0.00041,0.99951,0.00001,0.00007
87.80000,3.01193,0.00049,0.99944,0.00001,0.00006
88.00000,3.01194,0.00047,0.99947,0.00001,0.00004
88.20000,3.01194,0.00040,0.99955,0.00001,0.00005
88.40000,3.01193,0.00117,0.99864,0.00003,0.00016
88.60000,3.01194,0.00155,0.99805,0.00008,0.00033
88.80000,3.01193,0.00042,0.99952,0.00001,0.00005
89.00000,3.01194,0.00036,0.99960,0.00001,0.00004
89.20000,3.01194,0.00040,0.99955,0.00001,0.00004
89.40000,3.01193,0.00059,0.99929,0.00002,0.00010
89.60000,3.01194,0.00044,0.99948,0.00002,0.00006
89.80000,3.01193,0.00105,0.99881,0.00002,0.00011
90.00000,3.01194,0.00113,0.99864,0.00004,0.00020
90.20000,3.01194,0.00076,0.99913,0.00003,0.00009
90.40000,3.01193,0.00047,0.99948,0.00001,0.00004
90.60000,3.01194,0.00102,0.99881,0.00003,0.00014
90.80000,3.01193,0.00059,0.99933,0.00002,0.00007
91.00000,3.01194,0.00122,0.99858,0.00004,0.00016
91.20000,3.01194,0.00149,0.99824,0.00004,0.00023
91.40000,3.01193,0.00086,0.99902,0.00002,0.00010
91.60000,3.01194,0.00086,0.99898,0.00003,0.00014
91.80000,3.01193,0.00048,0.99945,0.00001,0.00006
92.00000,3.01194,0.00072,0.99919,0.00002,0.00007
92.20000,3.01194,0.00021,0.99978,0.00000,0.00001
92.40000,3.01193,0.00121,0.99861,0.00004,0.00014
92.60000,3.01194,0.00054,0.99940,0.00001,0.00006
92.80000,3.01193,0.00053,0.99941,0.00001,0.00005
93.00000,3.01194,0.00124,0.99850,0.00003,0.00023
93.20000,3.01194,0.01043,0.98449,0.00100,0.00408
93.40000,3.01193,0.00307,0.99540,0.00043,0.00109
93.60000,3.01194,0.00210,0.99737,0.00015,0.00038
93.80000,3.01193,0.00220,0.99736,0.00006,0.00037
94.00000,3.01194,0.00431,0.99457,0.00014,0.00097
94.20000,3.01194,0.00656,0.99066,0.00038,0.00239
94.40000,3.01193,0.00028,0.99963,0.00002,0.00007
94.60000,3.01194,0.00137,0.99834,0.00006,0.00023
94.80000,3.01193,0.00529,0.99397,0.00014,0.00060
95.00000,3.01194,0.00252,0.99629,0.00026,0.00093
95.20000,3.01194,0.00276,0.99552,0.00039,0.00133
95.40000,3.01193,0.00312,0.99580,0.00021,0.00088
95.60000,3.01194,0.00131,0.99849,0.00003,0.00017
95.80000,3.01193,0.00192,0.99760,0.00008,0.00040
96.00000,3.01194,0.00357,0.99530,0.00017,0.00097
96.20000,3.01194,0.00049,0.99944,0.00001,0.00006
96.40000,3.01193,0.00019,0.99978,0.00001,0.00002
96.60000,3.01194,0.00010,0.99989,0.00000,0.00001
96.80000,3.01193,0.00047,0.99944,0.00001,0.00007
97.00000,3.01194,0.00079,0.99910,0.00002,0.00008
97.20000,3.01194,0.00017,0.99981,0.00000,0.00002
97.40000,3.01193,0.00014,0.99985,0.00000,0.00001
97.60000,3.01194,0.00023,0.99975,0.00000,0.00002
97.80000,3.01193,0.00009,0.99990,0.00000,0.00001
98.00000,3.01194,0.00124,0.99838,0.00007,0.00031
98.20000,3.01194,0.00046,0.99942,0.00002,0.00010
98.40000,3.01193,0.00009,0.99990,0.00000,0.00001
98.60000,3.01194,0.00026,0.99971,0.00001,0.00003
98.80000,3.01193,0.00045,0.99951,0.00001,0.00003
99.00000,3.01194,0.00007,0.99992,0.00000,0.00001
99.20000,3.01194,0.00034,0.99962,0.00001,0.00003
99.40000,3.01193,0.00006,0.99994,0.00000,0.00000
99.60000,3.01194,0.00052,0.99938,0.00002,0.00007
99.80000,3.01193,0.00043,0.99949,0.00001,0.00006
100.00000,3.01194,0.00054,0.99933,0.00003,0.00010
100.20000,3.01194,0.00029,0.99967,0.00000,0.00003
100.40000,3.01193,0.00041,0.99954,0.00001,0.00005
100.60000,3.01194,0.00034,0.99961,0.00001,0.00004
100.80000,3.01193,0.00021,0.99977,0.00000,0.00001
101.00000,3.01194,0.00023,0.99975,0.00000,0.00002
101.20000,3.01194,0.00099,0.99888,0.00002,0.00011
101.40000,3.01193,0.00055,0.99935,0.00002,0.00008
101.60000,3.01194,0.00157,0.99810,0.00006,0.00027
101.80000,3.01193,0.00096,0.99884,0.00003,0.00017
102.00000,3.01194,0.00046,0.99950,0.00001,0.00004
102.20000,3.01194,0.00034,0.99960,0.00001,0.00005
102.40000,3.01193,0.00621,0.99151,0.00050,0.00179
102.60000,3.01194,0.00025,0.99972,0.00000,0.00002
102.80000,3.01193,0.00086,0.99901,0.00002,0.00011
103.00000,3.01194,0.00174,0.99794,0.00005,0.00028
103.20000,3.01194,0.00023,0.99974,0.00001,0.00003
103.40000,3.01193,0.00018,0.99980,0.00000,0.00002
103.60000,3.01194,0.00140,0.99832,0.00004,0.00024
103.80000,3.01193,0.00030,0.99966,0.00001,0.00004
104.00000,3.01194,0.00050,0.99941,0.00001,0.00007
104.20000,3.01194,0.00144,0.99833,0.00004,0.00019
104.40000,3.01193,0.00034,0.99963,0.00000,0.00003
104.60000,3.01194,0.00033,0.99962,0.00001,0.00004
104.80000,3.01193,0.00090,0.99889,0.00004,0.00017
105.00000,3.01194,0.00032,0.99965,0.00001,0.00003
105.20000,3.01194,0.00231,0.99723,0.00007,0.00039
105.40000,3.01193,0.00108,0.99865,0.00006,0.00021
105.60000,3.01194,0.00171,0.99785,0.00007,0.00036
105.80000,3.01193,0.00088,0.99895,0.00004,0.00014
106.00000,3.01194,0.00083,0.99903,0.00002,0.00012
106.20000,3.01194,0.00010,0.99988,0.00000,0.00001
106.40000,3.01193,0.00025,0.99972,0.00001,0.00003
106.60000,3.01194,0.00093,0.99891,0.00003,0.00012
106.80000,3.01193,0.00043,0.99948,0.00002,0.00007
107.00000,3.01194,0.00675,0.99108,0.00044,0.00172
107.20000,3.01194,0.00322,0.99474,0.00047,0.00156
107.40000,3.01193,0.00044,0.99948,0.00002,0.00006
107.60000,3.01194,0.00049,0.99943,0.00001,0.00007
107.80000,3.01193,0.00485,0.99295,0.00048,0.00172
108.00000,3.01194,0.00217,0.99721,0.00007,0.00055
108.20000,3.01194,0.00123,0.99821,0.00006,0.00050
108.40000,3.01193,0.00104,0.99874,0.00004,0.00018
108.60000,3.01194,0.00693,0.99077,0.00061,0.00169
108.80000,3.01193,0.00936,0.98586,0.00080,0.00398
109.00000,3.01194,0.00234,0.99610,0.00028,0.00128
109.20000,3.01194,0.00091,0.99878,0.00008,0.00022
109.40000,3.01193,0.01546,0.97934,0.00087,0.00433
109.60000,3.01194,0.00212,0.99735,0.00009,0.00045
109.80000,3.01193,0.00080,0.99903,0.00003,0.00013
110.00000,3.01194,0.00145,0.99836,0.00003,0.00016
110.20000,3.01194,0.00108,0.99879,0.00002,0.00011
110.40000,3.01193,0.00043,0.99950,0.00001,0.00006
110.60000,3.01194,0.00009,0.99991,0.00000,0.00000
110.80000,3.01193,0.00150,0.99797,0.00010,0.00043
111.00000,3.01194,0.00081,0.99910,0.00001,0.00008
111.20000,3.01194,0.00135,0.99834,0.00006,0.00025
111.40000,3.01193,0.00946,0.98622,0.00109,0.00323
111.60000,3.01194,0.00214,0.99740,0.00010,0.00036
111.80000,3.01193,0.00039,0.99955,0.00001,0.00005
112.00000,3.01194,0.00072,0.99914,0.00002,0.00012
112.20000,3.01194,0.00755,0.98883,0.00044,0.00318
112.40000,3.01193,0.00006,0.99993,0.00000,0.00001
112.60000,3.01194,0.00063,0.99925,0.00003,0.00009
112.80000,3.01193,0.00472,0.99390,0.00033,0.00105
113.00000,3.01194,0.00166,0.99740,0.00023,0.00071
113.20000,3.01194,0.00048,0.99930,0.00005,0.00018
113.40000,3.01193,0.00079,0.99901,0.00004,0.00017
113.60000,3.01194,0.00168,0.99798,0.00004,0.00030
113.80000,3.01193,0.00027,0.99969,0.00001,0.00004
114.00000,3.01194,0.00055,0.99937,0.00001,0.00007
114.20000,3.01194,0.00144,0.99827,0.00005,0.00024
114.40000,3.01193,0.00043,0.99951,0.00001,0.00005
114.60000,3.01194,0.00049,0.99945,0.00001,0.00005
114.80000,3.01193,0.00038,0.99958,0.00001,0.00003
115.00000,3.01194,0.00011,0.99989,0.00000,0.00001
115.20000,3.01194,0.00029,0.99967,0.00001,0.00003
115.40000,3.01193,0.00127,0.99845,0.00004,0.00024
115.60000,3.01194,0.00011,0.99988,0.00000,0.00001
115.80000,3.01193,0.00012,0.99986,0.00000,0.00001
116.00000,3.01194,0.00041,0.99952,0.00001,0.00006
116.20000,3.01194,0.00132,0.99834,0.00006,0.00028
116.40000,3.01193,0.00023,0.99971,0.00002,0.00004
116.60000,3.01194,0.00049,0.99942,0.00002,0.00007
116.80000,3.01193,0.00077,0.99906,0.00003,0.00014
117.00000,3.01194,0.00093,0.99894,0.00002,0.00012
117.20000,3.01194,0.00149,0.99802,0.00007,0.00042
117.40000,3.01193,0.00026,0.99969,0.00000,0.00004
117.60000,3.01194,0.00012,0.99986,0.00000,0.00001
117.80000,3.01193,0.00462,0.99433,0.00029,0.00076
118.00000,3.01194,0.00282,0.99501,0.00052,0.00164
118.20000,3.01194,0.00212,0.99674,0.00021,0.00093
118.40000,3.01193,0.00194,0.99760,0.00012,0.00035
118.60000,3.01194,0.00147,0.99816,0.00006,0.00031
118.80000,3.01193,0.00226,0.99697,0.00010,0.00067
119.00000,3.01194,0.00144,0.99837,0.00003,0.00015
119.20000,3.01194,0.00022,0.99976,0.00000,0.00002
119.40000,3.01193,0.00083,0.99902,0.00001,0.00014
119.60000,3.01194,0.00048,0.99947,0.00001,0.00004
119.80000,3.01193,0.00166,0.99781,0.00012,0.00041
120.00000,3.01194,0.00382,0.99420,0.00042,0.00156
120.20000,3.01194,0.00090,0.99894,0.00004,0.00013
120.40000,3.01193,0.00066,0.99919,0.00003,0.00012
120.60000,3.01194,0.00179,0.99772,0.00007,0.00043
120.80000,3.01193,0.00382,0.99535,0.00012,0.00071
121.00000,3.01194,0.00015,0.99982,0.00000,0.00002
121.20000,3.01194,0.00030,0.99964,0.00001,0.00005
121.40000,3.01193,0.00103,0.99884,0.00002,0.00011
121.60000,3.01194,0.00089,0.99892,0.00005,0.00014
121.80000,3.01193,0.00050,0.99936,0.00004,0.00010
122.00000,3.01194,0.00123,0.99852,0.00004,0.00020
122.20000,3.01194,0.00038,0.99953,0.00001,0.00008
122.40000,3.01193,0.00082,0.99905,0.00002,0.00012
122.60000,3.01194,0.00016,0.99982,0.00000,0.00002
122.80000,3.01193,0.00064,0.99925,0.00001,0.00010
123.00000,3.01194,0.00069,0.99918,0.00002,0.00010
123.20000,3.01194,0.00040,0.99954,0.00001,0.00004
123.40000,3.01193,0.00066,0.99910,0.00005,0.00019
123.60000,3.01194,0.00094,0.99870,0.00008,0.00028
123.80000,3.01193,0.00018,0.99979,0.00000,0.00002
124.00000,3.01194,0.00126,0.99833,0.00007,0.00034
124.20000,3.01194,0.00040,0.99954,0.00001,0.00005
124.40000,3.01193,0.00011,0.99988,0.00000,0.00001
124.60000,3.01194,0.00047,0.99944,0.00002,0.00007
124.80000,3.01193,0.00023,0.99972,0.00001,0.00004
125.00000,3.01193,0.00015,0.99983,0.00000,0.00001
125.20000,3.01195,0.00014,0.99984,0.00000,0.00002
125.40000,3.01194,0.00019,0.99980,0.00000,0.00001
125.60000,3.01194,0.00029,0.99967,0.00001,0.00004
125.80000,3.01193,0.00028,0.99966,0.00001,0.00004
126.00000,3.01193,0.00007,0.99992,0.00000,0.00001
126.20000,3.01195,0.00035,0.99960,0.00001,0.00004
126.40000,3.01194,0.00149,0.99824,0.00004,0.00023
126.60000,3.01194,0.00043,0.99942,0.00004,0.00011
126.80000,3.01193,0.00049,0.99937,0.00002,0.00011
127.00000,3.01193,0.00127,0.99845,0.00004,0.00024
127.20000,3.01195,0.00439,0.99416,0.00021,0.00124
127.40000,3.01194,0.00208,0.99720,0.00009,0.00063
127.60000,3.01194,0.00119,0.99850,0.00003,0.00027
127.80000,3.01193,0.00028,0.99968,0.00001,0.00003
128.00000,3.01193,0.00094,0.99899,0.00001,0.00006
128.20000,3.01195,0.00112,0.99822,0.00013,0.00052
128.39999,3.01195,0.00160,0.99753,0.00018,0.00069
128.60001,3.01193,0.00077,0.99906,0.00004,0.00014
128.80000,3.01193,0.00110,0.99853,0.00008,0.00029
129.00000,3.01193,0.00193,0.99758,0.00007,0.00042
129.20000,3.01195,0.00091,0.99891,0.00003,0.00015
129.39999,3.01195,0.00010,0.99989,0.00000,0.00001
129.60001,3.01193,0.00130,0.99843,0.00006,0.00021
129.80000,3.01193,0.00041,0.99953,0.00001,0.00005
130.00000,3.01193,0.00014,0.99985,0.00000,0.00001
130.20000,3.01195,0.00392,0.99474,0.00024,0.00111
130.39999,3.01195,0.00080,0.99904,0.00002,0.00013
130.60001,3.01193,0.00015,0.99983,0.00000,0.00002
130.80000,3.01193,0.00140,0.99836,0.00004,0.00020
131.00000,3.01193,0.00103,0.99875,0.00004,0.00018
131.20000,3.01195,0.00073,0.99915,0.00002,0.00010
131.39999,3.01195,0.00121,0.99863,0.00003,0.00013
131.60001,3.01193,0.00017,0.99982,0.00000,0.00002
131.80000,3.01193,0.00021,0.99977,0.00000,0.00002
132.00000,3.01193,0.00066,0.99924,0.00001,0.00009
132.20000,3.01195,0.00025,0.99972,0.00001,0.00002
132.39999,3.01195,0.00028,0.99968,0.00001,0.00003
132.60001,3.01193,0.00072,0.99913,0.00002,0.00012
132.80000,3.01193,0.00032,0.99962,0.00001,0.00005
133.00000,3.01193,0.00028,0.99968,0.00001,0.00003
133.20000,3.01195,0.00066,0.99921,0.00003,0.00011
133.39999,3.01195,0.00045,0.99948,0.00001,0.00005
133.60001,3.01193,0.00016,0.99983,0.00000,0.00001
133.80000,3.01193,0.00051,0.99940,0.00001,0.00008
134.00000,3.01193,0.00177,0.99771,0.00007,0.00045
134.20000,3.01195,0.00008,0.99991,0.00000,0.00001
134.39999,3.01195,0.00076,0.99910,0.00002,0.00011
134.60001,3.01193,0.00068,0.99924,0.00001,0.00006
134.80000,3.01193,0.00018,0.99979,0.00001,0.00003
135.00000,3.01193,0.00045,0.99943,0.00003,0.00009
135.20000,3.01195,0.00173,0.99780,0.00010,0.00037
135.39999,3.01195,0.00033,0.99963,0.00000,0.00004
135.60001,3.01193,0.00035,0.99961,0.00001,0.00003
135.80000,3.01193,0.00029,0.99966,0.00001,0.00004
136.00000,3.01193,0.00023,0.99974,0.00000,0.00002
136.20000,3.01195,0.00052,0.99941,0.00001,0.00006
136.39999,3.01195,0.00573,0.99267,0.00024,0.00136
136.60001,3.01193,0.00314,0.99528,0.00043,0.00115
136.80000,3.01193,0.00406,0.99471,0.00036,0.00087
137.00000,3.01193,0.00076,0.99907,0.00003,0.00014
137.20000,3.01195,0.00355,0.99537,0.00013,0.00094
137.39999,3.01195,0.00271,0.99634,0.00013,0.00083
137.60001,3.01193,0.00109,0.99835,0.00009,0.00047
137.80000,3.01193,0.00063,0.99930,0.00002,0.00006
138.00000,3.01193,0.00703,0.99069,0.00058,0.00170
138.20000,3.01195,0.00189,0.99757,0.00010,0.00044
138.39999,3.01195,0.00053,0.99929,0.00004,0.00014
138.60001,3.01193,0.00280,0.99612,0.00015,0.00093
138.80000,3.01193,0.00268,0.99683,0.00008,0.00040
139.00000,3.01193,0.00053,0.99936,0.00002,0.00008
139.20000,3.01195,0.00085,0.99896,0.00003,0.00015
139.39999,3.01195,0.00132,0.99840,0.00004,0.00024
139.60001,3.01193,0.00015,0.99984,0.00000,0.00001
139.80000,3.01193,0.00032,0.99964,0.00001,0.00003
140.00000,3.01193,0.00035,0.99961,0.00001,0.00004
140.20000,3.01195,0.00017,0.99980,0.00000,0.00002
140.39999,3.01195,0.00004,0.99996,0.00000,0.00000
140.60001,3.01193,0.00019,0.99979,0.00000,0.00002
140.80000,3.01193,0.00025,0.99972,0.00001,0.00003
141.00000,3.01193,0.00012,0.99986,0.00000,0.00001
141.20000,3.01195,0.00011,0.99987,0.00000,0.00001
141.39999,3.01195,0.00026,0.99972,0.00000,0.00002
141.60001,3.01193,0.00006,0.99994,0.00000,0.00000
141.80000,3.01193,0.00033,0.99964,0.00000,0.00003
142.00000,3.01193,0.00094,0.99887,0.00004,0.00015
142.20000,3.01195,0.00015,0.99984,0.00000,0.00001
142.39999,3.01195,0.00013,0.99985,0.00000,0.00002
142.60001,3.01193,0.00083,0.99904,0.00002,0.00012
142.80000,3.01193,0.00017,0.99981,0.00000,0.00002
143.00000,3.01193,0.00038,0.99958,0.00001,0.00003
143.20000,3.01195,0.00019,0.99980,0.00000,0.00002
143.39999,3.01195,0.00017,0.99981,0.00000,0.00002
143.60001,3.01193,0.00027,0.99970,0.00001,0.00003
143.80000,3.01193,0.00018,0.99980,0.00000,0.00002
144.00000,3.01193,0.00006,0.99994,0.00000,0.00000
144.20000,3.01195,0.00051,0.99941,0.00002,0.00006
144.39999,3.01195,0.00027,0.99970,0.00001,0.00003
144.60001,3.01193,0.00017,0.99980,0.00001,0.00002
144.80000,3.01193,0.00081,0.99904,0.00003,0.00012
145.00000,3.01193,0.00059,0.99927,0.00003,0.00011
145.20000,3.01195,0.00033,0.99964,0.00001,0.00002
145.39999,3.01195,0.00059,0.99926,0.00003,0.00011
145.60001,3.01193,0.00046,0.99949,0.00001,0.00004
145.80000,3.01193,0.00094,0.99885,0.00004,0.00017
146.00000,3.01193,0.00051,0.99943,0.00001,0.00005
146.20000,3.01195,0.00011,0.99988,0.00000,0.00001
146.39999,3.01195,0.00290,0.99651,0.00012,0.00047
146.60001,3.01193,0.00032,0.99964,0.00001,0.00003
146.80000,3.01193,0.00053,0.99936,0.00002,0.00009
147.00000,3.01193,0.00147,0.99828,0.00004,0.00021
147.20000,3.01195,0.00143,0.99827,0.00006,0.00024
147.39999,3.01195,0.00013,0.99986,0.00000,0.00001
147.60001,3.01193,0.00442,0.99426,0.00023,0.00109
147.80000,3.01193,0.00028,0.99969,0.00001,0.00003
148.00000,3.01193,0.00039,0.99957,0.00001,0.00003
148.20000,3.01195,0.00315,0.99608,0.00013,0.00064
148.39999,3.01195,0.00027,0.99971,0.00000,0.00002
148.60001,3.01193,0.00031,0.99966,0.00001,0.00003
148.80000,3.01193,0.00072,0.99917,0.00002,0.00009
149.00000,3.01193,0.00038,0.99958,0.00001,0.00004
149.20000,3.01195,0.00126,0.99851,0.00004,0.00018
149.39999,3.01195,0.00089,0.99893,0.00003,0.00015
149.60001,3.01193,0.00262,0.99678,0.00009,0.00051
149.80000,3.01193,0.00416,0.99443,0.00035,0.00106
150.00000,3.01193,0.00116,0.99862,0.00005,0.00018
150.20000,3.01195,0.00166,0.99790,0.00011,0.00033
150.39999,3.01195,0.00360,0.99502,0.00028,0.00110
150.60001,3.01193,0.00365,0.99534,0.00013,0.00088
150.80000,3.01193,0.00171,0.99764,0.00008,0.00058
151.00000,3.01193,0.00176,0.99759,0.00014,0.00051
151.20000,3.01195,0.00491,0.99437,0.00013,0.00059
151.39999,3.01195,0.00142,0.99782,0.00015,0.00060
151.60001,3.01193,0.00054,0.99888,0.00012,0.00046
151.80000,3.01193,0.00058,0.99912,0.00008,0.00022
152.00000,3.01193,0.00280,0.99678,0.00007,0.00035
152.20000,3.01195,0.00036,0.99946,0.00004,0.00014
152.39999,3.01195,0.00075,0.99899,0.00003,0.00023
152.60001,3.01193,0.00013,0.99985,0.00000,0.00002
152.80000,3.01193,0.00005,0.99994,0.00000,0.00000
153.00000,3.01193,0.00006,0.99994,0.00000,0.00000
153.20000,3.01195,0.00020,0.99978,0.00000,0.00002
153.39999,3.01195,0.00011,0.99988,0.00000,0.00001
153.60001,3.01193,0.00011,0.99987,0.00000,0.00001
153.80000,3.01193,0.00011,0.99988,0.00000,0.00001
154.00000,3.01193,0.00007,0.99992,0.00000,0.00001
154.20000,3.01195,0.00016,0.99983,0.00000,0.00001
154.39999,3.01195,0.00016,0.99982,0.00000,0.00002
154.60001,3.01193,0.00020,0.99977,0.00001,0.00003
154.80000,3.01193,0.00240,0.99709,0.00007,0.00044
155.00000,3.01193,0.00182,0.99748,0.00015,0.00055
155.20000,3.01195,0.00011,0.99988,0.00000,0.00001
155.39999,3.01195,0.00106,0.99868,0.00007,0.00019
155.60001,3.01193,0.00337,0.99524,0.00027,0.00112
155.80000,3.01193,0.00130,0.99835,0.00003,0.00032
156.00000,3.01193,0.00071,0.99898,0.00003,0.00028
156.20000,3.01195,0.00118,0.99849,0.00006,0.00027
156.39999,3.01195,0.00043,0.99952,0.00001,0.00003
156.60001,3.01193,0.00129,0.99834,0.00007,0.00030
156.80000,3.01193,0.00046,0.99923,0.00010,0.00022
157.00000,3.01193,0.00147,0.99795,0.00014,0.00045
157.20000,3.01195,0.02277,0.96616,0.00247,0.00860
157.39999,3.01195,0.00041,0.99945,0.00003,0.00011
157.60001,3.01193,0.00209,0.99718,0.00007,0.00066
157.80000,3.01193,0.00017,0.99980,0.00000,0.00003
158.00000,3.01193,0.00013,0.99986,0.00000,0.00001
158.20000,3.01195,0.00109,0.99875,0.00005,0.00011
158.39999,3.01195,0.00040,0.99952,0.00002,0.00006
158.60001,3.01193,0.00008,0.99991,0.00000,0.00001
158.80000,3.01193,0.00051,0.99941,0.00001,0.00007
159.00000,3.01193,0.00059,0.99931,0.00001,0.00008
159.20000,3.01195,0.00019,0.99976,0.00001,0.00004
159.39999,3.01195,0.00063,0.99925,0.00002,0.00010
159.60001,3.01193,0.00008,0.99991,0.00000,0.00001
159.80000,3.01193,0.00042,0.99951,0.00001,0.00006
160.00000,3.01193,0.00082,0.99898,0.00004,0.00016
160.20000,3.01195,0.00011,0.99988,0.00000,0.00001
160.39999,3.01195,0.00033,0.99963,0.00001,0.00003
160.60001,3.01193,0.00038,0.99957,0.00001,0.00005
160.80000,3.01193,0.00006,0.99993,0.00000,0.00001
161.00000,3.01193,0.00041,0.99953,0.00001,0.00005
161.20000,3.01195,0.00154,0.99811,0.00005,0.00030
161.39999,3.01195,0.00067,0.99913,0.00005,0.00015
161.60001,3.01193,0.00270,0.99646,0.00019,0.00064
161.80000,3.01193,0.00592,0.99120,0.00065,0.00222
162.00000,3.01193,0.00122,0.99850,0.00004,0.00024
162.20000,3.01195,0.00136,0.99812,0.00006,0.00046
162.39999,3.01195,0.00158,0.99776,0.00006,0.00060
162.60001,3.01193,0.00064,0.99925,0.00002,0.00008
162.80000,3.01193,0.00508,0.99200,0.00082,0.00209
163.00000,3.01193,0.00314,0.99400,0.00061,0.00225
163.20000,3.01195,0.00035,0.99953,0.00003,0.00009
163.39999,3.01195,0.00040,0.99947,0.00003,0.00011
163.60001,3.01193,0.00295,0.99634,0.00010,0.00061
163.80000,3.01193,0.00012,0.99986,0.00000,0.00002
164.00000,3.01193,0.00022,0.99975,0.00001,0.00003
164.20000,3.01195,0.00008,0.99991,0.00000,0.00001
164.39999,3.01195,0.00014,0.99984,0.00000,0.00001
164.60001,3.01193,0.00005,0.99995,0.00000,0.00000
164.80000,3.01193,0.00010,0.99988,0.00000,0.00001
165.00000,3.01193,0.00013,0.99984,0.00000,0.00002
165.20000,3.01195,0.00004,0.99996,0.00000,0.00000
165.39999,3.01195,0.00013,0.99985,0.00000,0.00002
165.60001,3.01193,0.00065,0.99912,0.00005,0.00018
165.80000,3.01193,0.00032,0.99962,0.00002,0.00005
166.00000,3.01193,0.00020,0.99977,0.00001,0.00003
166.20000,3.01195,0.00490,0.99352,0.00021,0.00137
166.39999,3.01195,0.00037,0.99956,0.00001,0.00006
166.60001,3.01193,0.00013,0.99984,0.00001,0.00003
166.80000,3.01193,0.00069,0.99922,0.00002,0.00007
167.00000,3.01193,0.00091,0.99899,0.00002,0.00008
167.20000,3.01195,0.00056,0.99931,0.00002,0.00011
167.39999,3.01195,0.00039,0.99945,0.00003,0.00013
167.60001,3.01193,0.00026,0.99967,0.00001,0.00006
167.80000,3.01193,0.00161,0.99812,0.00004,0.00023
168.00000,3.01193,0.00278,0.99584,0.00038,0.00099
168.20000,3.01195,0.00114,0.99840,0.00009,0.00037
168.39999,3.01195,0.00012,0.99984,0.00001,0.00003
168.60001,3.01193,0.00134,0.99833,0.00004,0.00029
168.80000,3.01193,0.00023,0.99974,0.00000,0.00003
169.00000,3.01193,0.00018,0.99980,0.00000,0.00001
169.20000,3.01195,0.00029,0.99966,0.00001,0.00004
169.39999,3.01195,0.00191,0.99750,0.00016,0.00043
169.60001,3.01193,0.00022,0.99966,0.00002,0.00009
169.80000,3.01193,0.00049,0.99931,0.00004,0.00016
170.00000,3.01193,0.00087,0.99893,0.00003,0.00018
170.20000,3.01195,0.00148,0.99808,0.00006,0.00038
170.39999,3.01195,0.00012,0.99986,0.00000,0.00001
170.60001,3.01193,0.00041,0.99954,0.00001,0.00004
170.80000,3.01193,0.00033,0.99962,0.00001,0.00004
171.00000,3.01193,0.00007,0.99992,0.00000,0.00001
171.20000,3.01195,0.00016,0.99983,0.00000,0.00001
171.39999,3.01195,0.00206,0.99730,0.00009,0.00055
171.60001,3.01193,0.00078,0.99905,0.00002,0.00015
171.80000,3.01193,0.00072,0.99907,0.00007,0.00014
172.00000,3.01193,0.00071,0.99911,0.00004,0.00014
172.20000,3.01195,0.00053,0.99936,0.00001,0.00010
172.39999,3.01195,0.00139,0.99832,0.00004,0.00025
172.60001,3.01193,0.00158,0.99801,0.00006,0.00036
172.80000,3.01193,0.00039,0.99953,0.00001,0.00008
173.00000,3.01193,0.00024,0.99972,0.00001,0.00003
173.20000,3.01195,0.00186,0.99773,0.00010,0.00031
173.39999,3.01195,0.00090,0.99850,0.00014,0.00046
173.60001,3.01193,0.00098,0.99851,0.00011,0.00040
173.80000,3.01193,0.00031,0.99964,0.00001,0.00004
174.00000,3.01193,0.00109,0.99869,0.00004,0.00019
174.20000,3.01195,0.00029,0.99965,0.00001,0.00005
174.39999,3.01195,0.00019,0.99979,0.00000,0.00002
174.60001,3.01193,0.00007,0.99992,0.00000,0.00001
174.80000,3.01193,0.00013,0.99985,0.00000,0.00002
175.00000,3.01193,0.00021,0.99974,0.00001,0.00003
175.20000,3.01195,0.00012,0.99986,0.00000,0.00001
175.39999,3.01195,0.00006,0.99993,0.00000,0.00000
175.60001,3.01193,0.00008,0.99991,0.00000,0.00001
175.80000,3.01193,0.00033,0.99963,0.00001,0.00004
176.00000,3.01193,0.00032,0.99959,0.00002,0.00007
176.20000,3.01195,0.00037,0.99959,0.00001,0.00004
176.39999,3.01195,0.00058,0.99928,0.00003,0.00011
176.60001,3.01193,0.00113,0.99858,0.00003,0.00025
176.80000,3.01193,0.00042,0.99948,0.00001,0.00009
177.00000,3.01193,0.00055,0.99931,0.00002,0.00012
177.20000,3.01195,0.00042,0.99952,0.00001,0.00005
177.39999,3.01195,0.00096,0.99897,0.00001,0.00006
177.60001,3.01193,0.00054,0.99936,0.00002,0.00008
177.80000,3.01193,0.00135,0.99812,0.00011,0.00042
178.00000,3.01193,0.00015,0.99984,0.00000,0.00001
178.20000,3.01195,0.00085,0.99904,0.00001,0.00009
178.39999,3.01195,0.00083,0.99895,0.00004,0.00017
178.60001,3.01193,0.00092,0.99885,0.00005,0.00018
178.80000,3.01193,0.00011,0.99987,0.00000,0.00001
179.00000,3.01193,0.00023,0.99974,0.00000,0.00002
179.20000,3.01195,0.00004,0.99996,0.00000,0.00000
179.39999,3.01195,0.00003,0.99996,0.00000,0.00000
179.60001,3.01193,0.00008,0.99991,0.00000,0.00000
179.80000,3.01193,0.00004,0.99995,0.00000,0.00000
180.00000,3.01193,0.00004,0.99995,0.00000,0.00000
180.20000,3.01195,0.00013,0.99985,0.00000,0.00001
180.39999,3.01195,0.00011,0.99987,0.00000,0.00001
180.60001,3.01193,0.00006,0.99994,0.00000,0.00001
180.80000,3.01193,0.00055,0.99930,0.00003,0.00012
181.00000,3.01193,0.00020,0.99977,0.00000,0.00002
181.20000,3.01195,0.00006,0.99993,0.00000,0.00001
181.39999,3.01195,0.00041,0.99953,0.00001,0.00005
181.60001,3.01193,0.00043,0.99952,0.00001,0.00004
181.80000,3.01193,0.00006,0.99993,0.00000,0.00000
182.00000,3.01193,0.00009,0.99991,0.00000,0.00000
182.20000,3.01195,0.00083,0.99901,0.00003,0.00012
182.39999,3.01195,0.00019,0.99979,0.00000,0.00002
182.60001,3.01193,0.00041,0.99953,0.00001,0.00005
182.80000,3.01193,0.00027,0.99970,0.00000,0.00003
183.00000,3.01193,0.00005,0.99994,0.00000,0.00000
183.20000,3.01195,0.00042,0.99953,0.00001,0.00004
183.39999,3.01195,0.00018,0.99980,0.00000,0.00001
183.60001,3.01193,0.00017,0.99981,0.00000,0.00002
183.80000,3.01193,0.00019,0.99978,0.00001,0.00002
184.00000,3.01193,0.00068,0.99914,0.00004,0.00015
184.20000,3.01195,0.00014,0.99983,0.00000,0.00002
184.39999,3.01195,0.00015,0.99982,0.00001,0.00002
184.60001,3.01193,0.00031,0.99962,0.00002,0.00005
184.80000,3.01193,0.00027,0.99970,0.00001,0.00003
185.00000,3.01193,0.00143,0.99799,0.00013,0.00045
185.20000,3.01195,0.00037,0.99953,0.00003,0.00007
185.39999,3.01195,0.00031,0.99965,0.00001,0.00003
185.60001,3.01193,0.00055,0.99932,0.00002,0.00011
185.80000,3.01193,0.00083,0.99901,0.00002,0.00013
186.00000,3.01193,0.00013,0.99985,0.00000,0.00002
186.20000,3.01195,0.00075,0.99902,0.00002,0.00021
186.39999,3.01195,0.00021,0.99975,0.00001,0.00003
186.60001,3.01193,0.00090,0.99877,0.00008,0.00025
186.80000,3.01193,0.00070,0.99887,0.00006,0.00036
187.00000,3.01193,0.00024,0.99966,0.00002,0.00008
187.20000,3.01195,0.00011,0.99988,0.00000,0.00001
187.39999,3.01195,0.00106,0.99859,0.00008,0.00026
187.60001,3.01193,0.00027,0.99969,0.00000,0.00003
187.80000,3.01193,0.00006,0.99993,0.00000,0.00001
188.00000,3.01193,0.00004,0.99996,0.00000,0.00000
188.20000,3.01195,0.00007,0.99992,0.00000,0.00001
188.39999,3.01195,0.00007,0.99992,0.00000,0.00001
188.60001,3.01193,0.00006,0.99994,0.00000,0.00001
188.80000,3.01193,0.00061,0.99926,0.00003,0.00010
189.00000,3.01193,0.00011,0.99987,0.00001,0.00002
189.20000,3.01195,0.00018,0.99978,0.00001,0.00003
189.39999,3.01195,0.00088,0.99897,0.00003,0.00012
189.60001,3.01193,0.00212,0.99737,0.00009,0.00042
189.80000,3.01193,0.00050,0.99941,0.00001,0.00008
190.00000,3.01193,0.00082,0.99897,0.00003,0.00018
190.20000,3.01195,0.00065,0.99923,0.00001,0.00010
190.39999,3.01195,0.00041,0.99953,0.00001,0.00006
190.60001,3.01193,0.00953,0.98646,0.00102,0.00299
190.80000,3.01193,0.00315,0.99403,0.00049,0.00233
191.00000,3.01193,0.00068,0.99893,0.00007,0.00031
191.20000,3.01195,0.00090,0.99889,0.00005,0.00016
191.39999,3.01195,0.00263,0.99667,0.00011,0.00058
191.60001,3.01193,0.00017,0.99980,0.00000,0.00002
191.80000,3.01193,0.00036,0.99957,0.00001,0.00006
192.00000,3.01193,0.00053,0.99936,0.00002,0.00009
192.20000,3.01195,0.00002,0.99998,0.00000,0.00000
192.39999,3.01195,0.00023,0.99974,0.00001,0.00002
192.60001,3.01193,0.00036,0.99958,0.00001,0.00005
192.80000,3.01193,0.00009,0.99990,0.00000,0.00001
193.00000,3.01193,0.00024,0.99973,0.00000,0.00003
193.20000,3.01195,0.00012,0.99986,0.00000,0.00001
193.39999,3.01195,0.00008,0.99990,0.00000,0.00001
193.60001,3.01193,0.00025,0.99970,0.00001,0.00004
193.80000,3.01193,0.00006,0.99994,0.00000,0.00000
194.00000,3.01193,0.00006,0.99993,0.00000,0.00000
194.20000,3.01195,0.00031,0.99965,0.00000,0.00003
194.39999,3.01195,0.00012,0.99987,0.00000,0.00001
194.60001,3.01193,0.00002,0.99997,0.00000,0.00000
194.80000,3.01193,0.00006,0.99994,0.00000,0.00000
195.00000,3.01193,0.00008,0.99992,0.00000,0.00001
195.20000,3.01195,0.00004,0.99996,0.00000,0.00000
195.39999,3.01195,0.00036,0.99957,0.00001,0.00006
195.60001,3.01193,0.00037,0.99955,0.00001,0.00007
195.80000,3.01193,0.00001,0.99999,0.00000,0.00000
196.00000,3.01193,0.00017,0.99981,0.00001,0.00002
196.20000,3.01195,0.00014,0.99984,0.00000,0.00001
196.39999,3.01195,0.00004,0.99995,0.00000,0.00000
196.60001,3.01193,0.00007,0.99992,0.00000,0.00001
196.80000,3.01193,0.00005,0.99994,0.00000,0.00000
197.00000,3.01193,0.00005,0.99995,0.00000,0.00000
197.20000,3.01195,0.00008,0.99991,0.00000,0.00001
197.39999,3.01195,0.00004,0.99996,0.00000,0.00000
197.60001,3.01193,0.00008,0.99991,0.00000,0.00001
197.80000,3.01193,0.00017,0.99982,0.00000,0.00002
198.00000,3.01193,0.00004,0.99996,0.00000,0.00000
198.20000,3.01195,0.00018,0.99980,0.00000,0.00002
