Time (seconds), Duration (seconds),pred_(unlabeled),pred_imbalance,pred_working,pred_impact
0.00000,3.01194,0.22870,0.00000,0.15746,0.61383
0.20000,3.01194,0.30077,0.00000,0.11829,0.58094
0.40000,3.01194,0.33701,0.00000,0.19637,0.46662
0.60000,3.01194,0.33659,0.00000,0.20125,0.46216
0.80000,3.01194,0.33920,0.00000,0.19297,0.46783
1.00000,3.01194,0.35714,0.00001,0.21338,0.42947
1.20000,3.01194,0.32349,0.00000,0.14364,0.53287
1.40000,3.01194,0.25939,0.00000,0.06280,0.67781
1.60000,3.01194,0.32059,0.00000,0.13960,0.53980
1.80000,3.01194,0.34067,0.00000,0.22572,0.43361
2.00000,3.01194,0.32164,0.00000,0.19651,0.48186
2.20000,3.01194,0.41064,0.00001,0.13371,0.45564
2.40000,3.01194,0.39252,0.00007,0.26582,0.34160
2.60000,3.01194,0.28433,0.00001,0.09827,0.61740
2.80000,3.01194,0.30579,0.00000,0.10003,0.59418
3.00000,3.01194,0.34106,0.00000,0.19188,0.46706
3.20000,3.01194,0.33131,0.00000,0.16790,0.50080
3.40000,3.01194,0.32452,0.00001,0.18071,0.49477
3.60000,3.01194,0.48971,0.00003,0.14694,0.36331
3.80000,3.01194,0.43902,0.00009,0.24834,0.31255
4.00000,3.01194,0.26090,0.00000,0.06312,0.67598
4.20000,3.01194,0.31755,0.00000,0.08286,0.59959
4.40000,3.01194,0.36763,0.00000,0.19599,0.43638
4.60000,3.01194,0.33544,0.00000,0.15062,0.51394
4.80000,3.01194,0.32383,0.00003,0.25589,0.42025
5.00000,3.01194,0.50015,0.00007,0.22468,0.27510
5.20000,3.01194,0.36772,0.00000,0.19609,0.43619
5.40000,3.01194,0.27487,0.00000,0.07605,0.64908
5.60000,3.01194,0.26533,0.00000,0.05269,0.68198
5.80000,3.01194,0.35001,0.00000,0.19282,0.45716
6.00000,3.01194,0.32389,0.00001,0.22759,0.44852
6.20000,3.01194,0.34699,0.00001,0.19244,0.46056
6.40000,3.01194,0.41244,0.00000,0.20174,0.38581
6.60000,3.01194,0.31694,0.00001,0.14852,0.53453
6.80000,3.01194,0.22543,0.00000,0.03674,0.73783
7.00000,3.01194,0.30763,0.00000,0.08383,0.60854
7.20000,3.01194,0.32726,0.00000,0.19406,0.47868
7.40000,3.01194,0.32572,0.00002,0.23138,0.44288
7.60000,3.01194,0.33570,0.00001,0.18785,0.47644
7.80000,3.01194,0.52092,0.00004,0.19722,0.28182
8.00000,3.01194,0.26173,0.00001,0.06151,0.67675
8.20000,3.01194,0.26122,0.00000,0.04961,0.68917
8.40000,3.01194,0.33411,0.00000,0.15087,0.51502
8.60000,3.01194,0.32497,0.00000,0.17379,0.50124
8.80000,3.01194,0.32847,0.00001,0.23729,0.43423
9.00000,3.01194,0.37352,0.00001,0.25806,0.36841
9.20000,3.01194,0.73132,0.00000,0.10448,0.16420
9.40000,3.01194,0.25646,0.00000,0.07269,0.67085
9.60000,3.01194,0.21477,0.00000,0.04146,0.74378
9.80000,3.01194,0.35103,0.00000,0.18805,0.46091
10.00000,3.01194,0.36127,0.00000,0.24363,0.39510
10.20000,3.01194,0.35151,0.00001,0.23307,0.41542
10.40000,3.01194,0.32400,0.00000,0.14184,0.53416
10.60000,3.01194,0.35545,0.00000,0.12931,0.51524
10.80000,3.01194,0.18074,0.00000,0.03266,0.78660
11.00000,3.01194,0.27322,0.00000,0.07876,0.64802
11.20000,3.01194,0.36742,0.00000,0.20005,0.43253
11.40000,3.01194,0.33335,0.00001,0.26578,0.40085
11.60000,3.01194,0.36530,0.00001,0.17217,0.46253
11.80000,3.01194,0.31575,0.00000,0.14806,0.53619
12.00000,3.01194,0.22548,0.00000,0.04225,0.73227
12.20000,3.01194,0.24558,0.00000,0.04888,0.70554
12.40000,3.01194,0.36000,0.00000,0.17118,0.46882
12.60000,3.01194,0.35160,0.00002,0.24431,0.40407
12.80000,3.01194,0.37775,0.00001,0.24693,0.37531
13.00000,3.01194,0.43904,0.00002,0.24321,0.31774
13.20000,3.01194,0.26136,0.00000,0.07638,0.66225
13.40000,3.01194,0.18436,0.00000,0.02715,0.78849
13.60000,3.01194,0.28190,0.00000,0.08501,0.63309
13.80000,3.01194,0.33339,0.00001,0.22263,0.44398
14.00000,3.01194,0.40039,0.00001,0.28367,0.31592
14.20000,3.01194,0.38715,0.00001,0.17752,0.43532
14.40000,3.01194,0.50950,0.00008,0.24178,0.24863
14.60000,3.01194,0.22835,0.00000,0.06579,0.70587
14.80000,3.01194,0.25480,0.00000,0.06368,0.68152
15.00000,3.01194,0.34455,0.00000,0.17832,0.47712
15.20000,3.01194,0.35052,0.00000,0.19985,0.44963
15.40000,3.01194,0.44879,0.00000,0.20064,0.35057
15.60000,3.01194,0.39973,0.00000,0.23681,0.36346
15.80000,3.01194,0.46792,0.00001,0.17685,0.35521
16.00000,3.01194,0.30792,0.00000,0.11344,0.57864
16.20000,3.01194,0.30955,0.00000,0.11532,0.57513
16.40000,3.01194,0.23692,0.00000,0.05024,0.71284
16.60000,3.01194,0.27871,0.00000,0.06576,0.65554
16.80000,3.01194,0.34605,0.00000,0.17261,0.48134
17.00000,3.01194,0.42622,0.00002,0.19384,0.37992
17.20000,3.01194,0.38942,0.00000,0.16765,0.44293
17.40000,3.01194,0.39707,0.00001,0.16983,0.43309
17.60000,3.01194,0.32843,0.00000,0.23297,0.43859
17.80000,3.01194,0.28532,0.00000,0.12600,0.58868
18.00000,3.01194,0.34435,0.00000,0.19545,0.46019
18.20000,3.01194,0.23763,0.00000,0.05107,0.71130
18.40000,3.01194,0.24984,0.00000,0.05642,0.69374
18.60000,3.01194,0.33316,0.00000,0.14884,0.51800
18.80000,3.01194,0.39807,0.00001,0.16467,0.43725
19.00000,3.01194,0.38634,0.00000,0.15314,0.46051
19.20000,3.01194,0.30825,0.00000,0.12752,0.56423
19.40000,3.01194,0.34471,0.00002,0.26199,0.39328
19.60000,3.01194,0.30252,0.00000,0.11560,0.58188
19.80000,3.01194,0.31087,0.00000,0.09030,0.59882
20.00000,3.01194,0.28271,0.00000,0.09009,0.62719
20.20000,3.01194,0.36927,0.00000,0.16497,0.46576
20.40000,3.01194,0.36926,0.00001,0.20352,0.42722
20.60000,3.01194,0.40217,0.00002,0.28393,0.31388
20.80000,3.01194,0.35826,0.00000,0.19716,0.44457
21.00000,3.01194,0.31172,0.00000,0.14011,0.54817
21.20000,3.01194,0.29704,0.00000,0.13477,0.56819
