Time(Seconds),Length(Seconds),Label(string),Confidence(double),Comment(string)
0.25557630000000003,2.843442,working,1,
3.0993416,0.6766583999999997,impact,1,
4.1841455,1.9777935,working,1,
6.1621635999999995,0.6350754000000001,impact,1,
7.7668996,1.4490951,working,1,
9.2162642,0.22966320000000034,impact,1,
10.8742861,1.8407339,working,1,
12.71702,0.24008319999999939,impact,1,
14.1794481,2.4252475999999996,working,1,
16.608545399999997,0.40285260000000156,impact,1,
18.1079866,1.9065401,working,1,
20.0156592,0.24723540000000127,impact,1,
21.0865111,2.1091541,working,1,
23.1962012,0.1954096000000013,impact,1,
24.5578323,1.3378011,working,1,
25.898679,0.2764808999999999,impact,1,
27.1739038,1.7998372,working,1,
28.9766118,0.16971400000000122,impact,1,
30.0464091,1.9605268,working,1,
32.008070000000004,0.218149900000001,impact,1,
33.1621247,1.5164427,working,1,
34.6934541,0.10994430000000599,impact,1,
35.5101035,2.1414755,working,1,
37.6520033,0.2167525000000009,impact,1,
38.7992536,1.3357197,working,1,
40.1358854,0.2293142000000015,impact,1,
41.0172504,1.9005503999999998,working,1,
42.9182173,0.18895200000000106,impact,1,
43.7440329,1.9573277,working,1,
45.70258619999999,0.8676022000000019,impact,1,
47.2690709,2.2715368,working,1,
49.5418987,0.47770309999999966,impact,1,
50.828417200000004,3.466391000000001,working,1,
54.295050399999994,0.25515370000000126,impact,1,
55.201052,2.4307394,working,1,
57.6394916,0.8898144000000014,impact,1,
59.5011879,1.9011386,working,1,
61.402912799999996,0.31911430000000196,impact,1,
62.2491511,2.6038077,working,1,
64.85373829999999,0.25513850000000116,impact,1,
