Time(Seconds),Length(Seconds),Label(string),Confidence(double),Comment(string)
0.0083683,0.2660446,working,1,
0.2744129,0.5266597,impact,1,
0.8010726,0.4001444,working,1,
1.2012170,0.7203112,impact,1,
1.9215282,0.1196080,working,1,
2.0411362,0.4126406,impact,1,
2.4669830,0.1483529,working,1,
2.6153359,0.1284977,impact,1,
2.7606677,0.0808966,working,1,
2.8415643,0.3818735,impact,1,
3.2482953,0.3550062,working,1,
3.6033015,0.5338990,impact,1,
4.1392005,0.3524303,working,1,
4.4916308,0.3818735,impact,1,
4.8755043,0.5590465,working,1,
5.4345508,0.2063203,impact,1,
5.6408711,0.8477474,working,1,
6.4886185,0.2189890,impact,1,
6.7641251,0.7144824,working,1,
7.4786075,0.3800637,impact,1,
7.8586712,0.5139910,working,1,
8.3726622,0.2968116,impact,1,
8.6758467,0.5951346,working,1,
9.2709813,0.3492966,impact,1,
9.6222779,0.7499124,working,1,
10.3749759,0.2262284,impact,1,
10.6032043,0.1666475,working,1,
10.7698518,0.4234995,impact,1,
11.1933513,0.4017817,working,1,
11.5951330,0.3673949,impact,1,
11.9645279,0.4050466,working,1,
12.3695745,0.6316297,impact,1,
13.0012042,0.3728244,working,1,
13.3740286,0.2081301,impact,1,
13.6128053,0.6906784,working,1,
14.3034837,0.3221492,impact,1,
14.6256329,0.5718359,working,1,
15.1974688,0.4884717,impact,1,
15.6859405,0.3369386,working,1,
16.0228791,0.3030664,impact,1,
16.3259455,0.4620845,working,1,
16.7911383,0.5276920,impact,1,
17.3208303,0.3107629,working,1,
17.6325932,0.3191110,impact,1,
