Time (seconds), Duration (seconds),pred_(unlabeled),pred_imbalance,pred_working,pred_impact
0.00000,3.01194,0.34048,0.00001,0.13771,0.52181
0.20000,3.01194,0.46230,0.00012,0.17020,0.36738
0.40000,3.01194,0.21011,0.00000,0.02045,0.76944
0.60000,3.01194,0.35867,0.00000,0.06669,0.57463
0.80000,3.01194,0.41006,0.00000,0.11813,0.47181
1.00000,3.01194,0.40226,0.00000,0.11193,0.48581
1.20000,3.01194,0.64219,0.00000,0.26187,0.09594
1.40000,3.01194,0.37350,0.00000,0.09695,0.52954
1.60000,3.01194,0.37566,0.00001,0.16322,0.46111
1.80000,3.01194,0.39821,0.00000,0.18321,0.41858
2.00000,3.01194,0.45484,0.00003,0.29727,0.24787
2.20000,3.01194,0.23774,0.00000,0.01905,0.74321
2.40000,3.01194,0.77027,0.00000,0.05922,0.17051
2.60000,3.01194,0.39265,0.00000,0.15771,0.44963
2.80000,3.01194,0.92730,0.00000,0.03556,0.03714
3.00000,3.01194,0.54528,0.00000,0.13061,0.32412
3.20000,3.01194,0.41078,0.00000,0.08441,0.50481
3.40000,3.01194,0.41988,0.00000,0.12798,0.45214
3.60000,3.01194,0.40449,0.00000,0.14403,0.45148
3.80000,3.01194,0.51200,0.00000,0.22090,0.26710
4.00000,3.01194,0.38808,0.00001,0.15161,0.46031
4.20000,3.01194,0.33634,0.00000,0.09135,0.57231
4.40000,3.01194,0.32578,0.00000,0.07167,0.60255
4.60000,3.01194,0.38962,0.00000,0.13235,0.47802
4.80000,3.01194,0.37567,0.00000,0.10693,0.51740
5.00000,3.01194,0.38149,0.00000,0.18012,0.43838
5.20000,3.01194,0.36419,0.00000,0.12633,0.50948
5.40000,3.01194,0.40637,0.00001,0.15482,0.43881
5.60000,3.01194,0.30038,0.00000,0.04951,0.65011
5.80000,3.01194,0.38335,0.00000,0.08131,0.53534
6.00000,3.01194,0.43287,0.00000,0.10783,0.45930
6.20000,3.01194,0.42790,0.00000,0.11387,0.45822
6.40000,3.01194,0.93102,0.00000,0.01381,0.05516
6.60000,3.01194,0.62925,0.00000,0.19231,0.17844
6.80000,3.01194,0.43934,0.00014,0.30908,0.25144
7.00000,3.01194,0.44371,0.00000,0.09239,0.46390
7.20000,3.01194,0.39830,0.00008,0.24218,0.35945
7.40000,3.01194,0.41339,0.00000,0.16204,0.42457
7.60000,3.01194,0.38671,0.00000,0.08345,0.52984
7.80000,3.01194,0.41174,0.00000,0.12141,0.46685
8.00000,3.01194,0.39911,0.00000,0.12292,0.47797
8.20000,3.01194,0.47705,0.00000,0.10119,0.42177
8.40000,3.01194,0.57132,0.00000,0.27114,0.15754
8.60000,3.01194,0.42069,0.00000,0.17665,0.40267
8.80000,3.01194,0.45453,0.00005,0.23418,0.31125
9.00000,3.01194,0.39705,0.00000,0.11647,0.48648
9.20000,3.01194,0.23651,0.00000,0.01845,0.74505
9.40000,3.01194,0.34221,0.00000,0.03147,0.62632
9.60000,3.01194,0.42066,0.00000,0.12735,0.45199
9.80000,3.01194,0.41594,0.00003,0.17557,0.40845
10.00000,3.01194,0.63582,0.00000,0.26780,0.09638
10.20000,3.01194,0.60149,0.00000,0.32832,0.07020
10.40000,3.01194,0.39110,0.00000,0.19196,0.41694
10.60000,3.01194,0.66817,0.00002,0.18815,0.14367
10.80000,3.01194,0.31683,0.00000,0.04766,0.63551
11.00000,3.01194,0.18007,0.00000,0.01540,0.80453
11.20000,3.01194,0.41230,0.00000,0.13835,0.44935
11.40000,3.01194,0.40892,0.00001,0.16773,0.42333
11.60000,3.01194,0.62131,0.00000,0.25571,0.12298
11.80000,3.01194,0.58356,0.00001,0.28491,0.13153
12.00000,3.01194,0.44136,0.00001,0.18982,0.36881
12.20000,3.01194,0.35777,0.00024,0.11731,0.52468
12.40000,3.01194,0.31527,0.00000,0.05511,0.62961
12.60000,3.01194,0.28604,0.00000,0.03673,0.67724
12.80000,3.01194,0.38355,0.00000,0.14619,0.47026
13.00000,3.01194,0.42241,0.00000,0.13610,0.44149
13.20000,3.01194,0.41423,0.00000,0.16471,0.42106
13.40000,3.01194,0.39679,0.00000,0.19089,0.41232
13.60000,3.01194,0.40688,0.00000,0.19636,0.39676
13.80000,3.01194,0.31169,0.00033,0.08392,0.60405
14.00000,3.01194,0.24033,0.00000,0.03459,0.72507
14.20000,3.01194,0.20025,0.00000,0.02291,0.77684
14.40000,3.01194,0.40447,0.00000,0.10059,0.49494
14.60000,3.01194,0.39396,0.00000,0.11999,0.48604
14.80000,3.01194,0.52127,0.00000,0.16829,0.31044
15.00000,3.01194,0.66000,0.00000,0.31022,0.02978
15.20000,3.01194,0.66824,0.00000,0.28390,0.04786
15.40000,3.01194,0.36143,0.00024,0.17824,0.46009
15.60000,3.01194,0.35288,0.00000,0.08435,0.56277
15.80000,3.01194,0.42668,0.00000,0.12049,0.45283
16.00000,3.01194,0.11614,0.00000,0.00799,0.87586
16.20000,3.01194,0.35735,0.00001,0.09309,0.54955
16.40000,3.01194,0.45020,0.00000,0.14269,0.40710
16.60000,3.01194,0.43101,0.00000,0.14529,0.42370
16.80000,3.01194,0.56710,0.00000,0.25877,0.17413
17.00000,3.01194,0.40475,0.00000,0.10326,0.49198
17.20000,3.01194,0.38154,0.00001,0.19452,0.42393
17.40000,3.01194,0.36908,0.00000,0.14135,0.48956
17.60000,3.01194,0.36612,0.00000,0.09000,0.54388
17.80000,3.01194,0.41590,0.00000,0.10173,0.48237
18.00000,3.01194,0.47837,0.00000,0.13887,0.38276
18.20000,3.01194,0.51032,0.00000,0.10112,0.38857
18.40000,3.01194,0.57312,0.00000,0.10663,0.32026
18.60000,3.01194,0.46313,0.00069,0.35554,0.18065
18.80000,3.01194,0.37794,0.00001,0.18862,0.43344
19.00000,3.01194,0.47217,0.00001,0.26244,0.26538
19.20000,3.01194,0.33577,0.00000,0.05511,0.60912
19.40000,3.01194,0.39564,0.00000,0.07241,0.53195
19.60000,3.01194,0.56484,0.00002,0.11428,0.32086
19.80000,3.01194,0.41786,0.00000,0.15256,0.42957
20.00000,3.01194,0.53213,0.00000,0.26193,0.20594
20.20000,3.01194,0.67457,0.00000,0.27074,0.05468
20.40000,3.01194,0.43912,0.00000,0.13130,0.42957
20.60000,3.01194,0.43506,0.00000,0.17800,0.38694
20.80000,3.01194,0.62009,0.00026,0.11105,0.26861
21.00000,3.01194,0.35615,0.00001,0.13398,0.50986
21.20000,3.01194,0.37921,0.00000,0.14802,0.47277
21.40000,3.01194,0.44248,0.00000,0.11070,0.44682
21.60000,3.01194,0.86548,0.00000,0.02913,0.10539
21.80000,3.01194,0.55842,0.00002,0.15304,0.28852
22.00000,3.01194,0.81324,0.00000,0.05169,0.13507
22.20000,3.01194,0.52792,0.00000,0.05933,0.41276
22.40000,3.01194,0.74900,0.00000,0.07324,0.17776
22.60000,3.01194,0.53784,0.00000,0.17763,0.28452
22.80000,3.01194,0.57693,0.00004,0.18026,0.24277
23.00000,3.01194,0.36307,0.00002,0.13916,0.49775
23.20000,3.01194,0.48148,0.00025,0.18606,0.33221
23.40000,3.01194,0.37112,0.00002,0.17956,0.44930
23.60000,3.01194,0.37992,0.00000,0.16593,0.45415
23.80000,3.01194,0.40784,0.00000,0.12760,0.46456
24.00000,3.01194,0.40965,0.00065,0.25754,0.33216
24.20000,3.01194,0.80302,0.00000,0.07528,0.12170
24.40000,3.01194,0.22068,0.00000,0.01774,0.76159
24.60000,3.01194,0.16514,0.00000,0.00494,0.82992
