Time (seconds), Duration (seconds),pred_(unlabeled),pred_imbalance,pred_working,pred_impact
0.02625,0.24750,0.70819,0.02403,0.22192,0.04587
0.22625,0.24750,0.71397,0.02375,0.21755,0.04473
0.42625,0.24750,0.69042,0.02432,0.23675,0.04851
0.62625,0.24750,0.68226,0.02414,0.24409,0.04952
0.82625,0.24750,0.70861,0.02407,0.22144,0.04588
1.02625,0.24750,0.68337,0.02423,0.24329,0.04911
1.22625,0.24750,0.67759,0.02432,0.24790,0.05019
1.42625,0.24750,0.69573,0.02402,0.23266,0.04759
1.62625,0.24750,0.69834,0.02407,0.23028,0.04731
1.82625,0.24750,0.70308,0.02394,0.22660,0.04637
2.02625,0.24750,0.71250,0.02387,0.21845,0.04518
2.22625,0.24750,0.71787,0.02376,0.21400,0.04436
2.42625,0.24750,0.71580,0.02389,0.21548,0.04482
2.62625,0.24750,0.68339,0.02419,0.24306,0.04936
2.82625,0.24750,0.70039,0.02392,0.22871,0.04698
3.02625,0.24750,0.71541,0.02372,0.21625,0.04461
3.22625,0.24750,0.72864,0.02371,0.20476,0.04289
3.42625,0.24750,0.63927,0.02572,0.27795,0.05706
3.62625,0.24750,0.00181,0.02396,0.12259,0.85164
3.82625,0.24750,0.01500,0.93140,0.01062,0.04298
4.02625,0.24750,0.00068,0.99869,0.00020,0.00043
4.22625,0.24750,0.00079,0.99891,0.00013,0.00017
4.42625,0.24750,0.00075,0.99895,0.00013,0.00017
4.62625,0.24750,0.00081,0.99888,0.00013,0.00018
4.82625,0.24750,0.00147,0.99645,0.00069,0.00139
5.02625,0.24750,0.00124,0.99629,0.00070,0.00177
5.22625,0.24750,0.00129,0.99780,0.00038,0.00053
5.42625,0.24750,0.00059,0.99917,0.00010,0.00014
5.62625,0.24750,0.00030,0.99959,0.00004,0.00008
5.82625,0.24750,0.00040,0.99949,0.00004,0.00007
6.02625,0.24750,0.00036,0.99953,0.00004,0.00007
6.22625,0.24750,0.00043,0.99946,0.00004,0.00007
6.42625,0.24750,0.00032,0.99958,0.00003,0.00006
6.62625,0.24750,0.00034,0.99954,0.00004,0.00008
6.82625,0.24750,0.00033,0.99957,0.00003,0.00006
7.02625,0.24750,0.00024,0.99969,0.00002,0.00005
7.22625,0.24750,0.00034,0.99957,0.00003,0.00006
7.42625,0.24750,0.00024,0.99970,0.00002,0.00004
7.62625,0.24750,0.00025,0.99967,0.00003,0.00006
7.82625,0.24750,0.00023,0.99971,0.00002,0.00004
8.02625,0.24750,0.00036,0.99954,0.00004,0.00006
8.22625,0.24750,0.00043,0.99945,0.00005,0.00007
8.42625,0.24750,0.00027,0.99965,0.00002,0.00005
8.62625,0.24750,0.00018,0.99976,0.00002,0.00004
8.82625,0.24750,0.00026,0.99967,0.00002,0.00005
9.02625,0.24750,0.00032,0.99959,0.00003,0.00005
9.22625,0.24750,0.00028,0.99966,0.00002,0.00004
9.42625,0.24750,0.00020,0.99975,0.00001,0.00004
9.62625,0.24750,0.00027,0.99963,0.00003,0.00007
9.82625,0.24750,0.00033,0.99959,0.00003,0.00006
10.02625,0.24750,0.00031,0.99961,0.00003,0.00006
10.22625,0.24750,0.00044,0.99945,0.00005,0.00007
10.42625,0.24750,0.00037,0.99952,0.00004,0.00007
10.62625,0.24750,0.00024,0.99968,0.00002,0.00006
10.82625,0.24750,0.00034,0.99956,0.00003,0.00006
11.02625,0.24750,0.00062,0.99915,0.00009,0.00013
11.22625,0.24750,0.00045,0.99941,0.00005,0.00009
11.42625,0.24750,0.00107,0.99833,0.00026,0.00034
11.62625,0.24750,0.00068,0.99909,0.00010,0.00013
11.82625,0.24750,0.00077,0.99863,0.00021,0.00039
12.02625,0.24750,0.00054,0.99926,0.00008,0.00012
12.22625,0.24750,0.00096,0.99846,0.00024,0.00034
12.42625,0.24750,0.00049,0.99932,0.00007,0.00011
12.62625,0.24750,0.00101,0.99850,0.00022,0.00027
12.82625,0.24750,0.00061,0.99916,0.00009,0.00014
13.02625,0.24750,0.00072,0.99890,0.00015,0.00023
13.22625,0.24750,0.00039,0.99947,0.00005,0.00009
13.42625,0.24750,0.00089,0.99866,0.00019,0.00026
13.62625,0.24750,0.00061,0.99918,0.00009,0.00013
13.82625,0.24750,0.00104,0.99847,0.00022,0.00027
14.02625,0.24750,0.00068,0.99906,0.00011,0.00015
14.22625,0.24750,0.00053,0.99927,0.00008,0.00013
14.42625,0.24750,0.00044,0.99939,0.00006,0.00011
14.62625,0.24750,0.00052,0.99932,0.00007,0.00010
14.82625,0.24750,0.00049,0.99935,0.00006,0.00010
15.02625,0.24750,0.00076,0.99899,0.00011,0.00014
15.22625,0.24750,0.00045,0.99939,0.00006,0.00010
15.42625,0.24750,0.00037,0.99947,0.00005,0.00011
15.62625,0.24750,0.00054,0.99925,0.00008,0.00013
15.82625,0.24750,0.00041,0.99947,0.00005,0.00008
16.02625,0.24750,0.00096,0.99838,0.00025,0.00042
16.22625,0.24750,0.00130,0.99761,0.00043,0.00067
16.42625,0.24750,0.00101,0.99835,0.00026,0.00039
16.62625,0.24750,0.00086,0.99842,0.00025,0.00047
16.82625,0.24750,0.00106,0.99800,0.00034,0.00060
17.02625,0.24750,0.00114,0.99791,0.00036,0.00059
17.22625,0.24750,0.00124,0.99759,0.00044,0.00073
17.42625,0.24750,0.00110,0.99771,0.00041,0.00078
17.62625,0.24750,0.00099,0.99774,0.00040,0.00088
17.82625,0.24750,0.00114,0.99780,0.00039,0.00067
18.02625,0.24750,0.00108,0.99781,0.00039,0.00072
18.22625,0.24750,0.00135,0.99725,0.00052,0.00088
18.42625,0.24750,0.00103,0.99791,0.00036,0.00069
18.62625,0.24750,0.00100,0.99800,0.00034,0.00066
18.82625,0.24750,0.00104,0.99802,0.00034,0.00060
19.02625,0.24750,0.00118,0.99765,0.00042,0.00075
19.22625,0.24750,0.00125,0.99741,0.00048,0.00086
19.42625,0.24750,0.00132,0.99743,0.00047,0.00077
19.62625,0.24750,0.00116,0.99784,0.00038,0.00063
19.82625,0.24750,0.00097,0.99793,0.00036,0.00074
20.02625,0.24750,0.00098,0.99833,0.00026,0.00042
20.22625,0.24750,0.00115,0.99789,0.00037,0.00060
20.42625,0.24750,0.00114,0.99799,0.00034,0.00053
20.62625,0.24750,0.00095,0.99836,0.00026,0.00043
20.82625,0.24750,0.00090,0.99837,0.00026,0.00046
21.02625,0.24750,0.00100,0.99814,0.00031,0.00054
21.22625,0.24750,0.00096,0.99856,0.00021,0.00028
21.42625,0.24750,0.00073,0.99880,0.00017,0.00030
21.62625,0.24750,0.00078,0.99852,0.00023,0.00047
21.82625,0.24750,0.00131,0.99725,0.00051,0.00093
22.02625,0.24750,0.00094,0.99712,0.00049,0.00146
22.22625,0.24750,0.00103,0.99844,0.00022,0.00030
22.42625,0.24750,0.00180,0.99257,0.00143,0.00420
22.62625,0.24750,0.04334,0.78682,0.07454,0.09529
22.82625,0.24750,0.15786,0.16180,0.62105,0.05929
23.02625,0.24750,0.00103,0.00293,0.89099,0.10504
23.22625,0.24750,0.02427,0.00754,0.88042,0.08776
23.42625,0.24750,0.38278,0.02324,0.51157,0.08241
23.62625,0.24750,0.59199,0.02458,0.32389,0.05954
23.82625,0.24750,0.68244,0.02414,0.24395,0.04946
24.02625,0.24750,0.70721,0.02392,0.22283,0.04604
24.22625,0.24750,0.69031,0.02427,0.23705,0.04837
24.42625,0.24750,0.69193,0.02423,0.23545,0.04838
24.62625,0.24750,0.70492,0.02387,0.22532,0.04590
24.82625,0.24750,0.72316,0.02383,0.20932,0.04370
25.02625,0.24750,0.65389,0.02467,0.26817,0.05327
25.22625,0.24750,0.69885,0.02417,0.22945,0.04753
25.42625,0.24750,0.69896,0.02421,0.22952,0.04730
25.62625,0.24750,0.71069,0.02373,0.22057,0.04501
25.82625,0.24750,0.70962,0.02406,0.22061,0.04571
26.02625,0.24750,0.71903,0.02372,0.21316,0.04408
26.22625,0.24750,0.68544,0.02418,0.24130,0.04908
26.42625,0.24750,0.67907,0.02430,0.24680,0.04983
26.62625,0.24750,0.70217,0.02403,0.22701,0.04679
26.82625,0.24750,0.70873,0.02396,0.22149,0.04583
27.02625,0.24750,0.70230,0.02399,0.22715,0.04656
27.22625,0.24750,0.68893,0.02443,0.23788,0.04876
27.42625,0.24750,0.69102,0.02406,0.23687,0.04805
27.62625,0.24750,0.71207,0.02373,0.21920,0.04500
27.82625,0.24750,0.71334,0.02399,0.21737,0.04530
28.02625,0.24750,0.69543,0.02423,0.23248,0.04786
28.22625,0.24750,0.71659,0.02391,0.21474,0.04476
28.42625,0.24750,0.68901,0.02421,0.23828,0.04850
28.62625,0.24750,0.70154,0.02373,0.22845,0.04627
28.82625,0.24750,0.69348,0.02428,0.23397,0.04827
29.02625,0.24750,0.71166,0.02379,0.21946,0.04509
29.22625,0.24750,0.72914,0.02361,0.20452,0.04272
29.42625,0.24750,0.71441,0.02399,0.21643,0.04518
29.62625,0.24750,0.71986,0.02372,0.21240,0.04402
29.82625,0.24750,0.71116,0.02393,0.21955,0.04535
30.02625,0.24750,0.71152,0.02389,0.21906,0.04552
30.22625,0.24750,0.72579,0.02362,0.20742,0.04317
30.42625,0.24750,0.72572,0.02381,0.20708,0.04340
30.62625,0.24750,0.66251,0.02447,0.26100,0.05202
30.82625,0.24750,0.70292,0.02403,0.22626,0.04679
31.02625,0.24750,0.70278,0.02395,0.22676,0.04651
31.22625,0.24750,0.69551,0.02405,0.23287,0.04758
31.42625,0.24750,0.71109,0.02386,0.21969,0.04536
31.62625,0.24750,0.69917,0.02422,0.22921,0.04740
31.82625,0.24750,0.67759,0.02409,0.24834,0.04998
32.02625,0.24750,0.67232,0.02453,0.25187,0.05128
32.22625,0.24750,0.67092,0.02426,0.25401,0.05081
32.42625,0.24750,0.70482,0.02404,0.22472,0.04643
32.62625,0.24750,0.72015,0.02361,0.21240,0.04384
32.82625,0.24750,0.71993,0.02363,0.21239,0.04405
33.02625,0.24750,0.72139,0.02377,0.21074,0.04411
33.22625,0.24750,0.70541,0.02436,0.22332,0.04691
33.42625,0.24750,0.71030,0.02362,0.22126,0.04483
33.62625,0.24750,0.70094,0.02416,0.22783,0.04707
33.82625,0.24750,0.68187,0.02450,0.24356,0.05007
34.02625,0.24750,0.70419,0.02367,0.22648,0.04567
34.22625,0.24750,0.69984,0.02423,0.22873,0.04720
34.42625,0.24750,0.62600,0.02603,0.28854,0.05943
34.62625,0.24750,0.26800,0.03261,0.56787,0.13152
34.82625,0.24750,0.00104,0.08066,0.02696,0.89133
35.02625,0.24750,0.00116,0.99669,0.00060,0.00155
35.22625,0.24750,0.00068,0.99898,0.00013,0.00021
35.42625,0.24750,0.00056,0.99925,0.00008,0.00011
35.62625,0.24750,0.00070,0.99906,0.00011,0.00014
35.82625,0.24750,0.00092,0.99879,0.00013,0.00015
36.02625,0.24750,0.00127,0.99679,0.00060,0.00135
36.22625,0.24750,0.00098,0.99671,0.00057,0.00174
36.42625,0.24750,0.00107,0.99775,0.00040,0.00078
36.62625,0.24750,0.00060,0.99914,0.00010,0.00016
36.82625,0.24750,0.00057,0.99922,0.00008,0.00012
37.02625,0.24750,0.00051,0.99934,0.00006,0.00009
37.22625,0.24750,0.00052,0.99929,0.00007,0.00011
37.42625,0.24750,0.00052,0.99930,0.00007,0.00011
37.62625,0.24750,0.00053,0.99929,0.00007,0.00010
37.82625,0.24750,0.00064,0.99916,0.00009,0.00012
38.02625,0.24750,0.00048,0.99937,0.00006,0.00009
38.22625,0.24750,0.00053,0.99929,0.00007,0.00011
38.42625,0.24750,0.00069,0.99907,0.00010,0.00013
38.62625,0.24750,0.00065,0.99913,0.00009,0.00012
38.82625,0.24750,0.00070,0.99910,0.00009,0.00011
39.02625,0.24750,0.00053,0.99932,0.00006,0.00009
39.22625,0.24750,0.00058,0.99925,0.00007,0.00010
39.42625,0.24750,0.00053,0.99929,0.00007,0.00011
39.62625,0.24750,0.00053,0.99931,0.00007,0.00010
39.82625,0.24750,0.00044,0.99943,0.00005,0.00008
40.02625,0.24750,0.00052,0.99933,0.00006,0.00009
40.22625,0.24750,0.00050,0.99935,0.00006,0.00009
40.42625,0.24750,0.00051,0.99935,0.00006,0.00008
40.62625,0.24750,0.00065,0.99911,0.00010,0.00014
40.82625,0.24750,0.00056,0.99926,0.00008,0.00011
41.02625,0.24750,0.00065,0.99916,0.00008,0.00011
41.22625,0.24750,0.00050,0.99934,0.00006,0.00010
41.42625,0.24750,0.00046,0.99941,0.00005,0.00007
41.62625,0.24750,0.00058,0.99924,0.00008,0.00011
41.82625,0.24750,0.00063,0.99917,0.00009,0.00012
42.02625,0.24750,0.00049,0.99937,0.00006,0.00008
42.22625,0.24750,0.00048,0.99936,0.00006,0.00010
42.42625,0.24750,0.00046,0.99942,0.00005,0.00007
42.62625,0.24750,0.00053,0.99932,0.00006,0.00009
42.82625,0.24750,0.00081,0.99870,0.00018,0.00030
43.02625,0.24750,0.00061,0.99910,0.00011,0.00018
43.22625,0.24750,0.00033,0.99959,0.00003,0.00005
43.42625,0.24750,0.00059,0.99923,0.00008,0.00010
43.62625,0.24750,0.00055,0.99927,0.00007,0.00010
43.82625,0.24750,0.00057,0.99926,0.00007,0.00010
44.02625,0.24750,0.00059,0.99923,0.00008,0.00010
44.22625,0.24750,0.00060,0.99919,0.00009,0.00012
44.42625,0.24750,0.00057,0.99924,0.00008,0.00011
44.62625,0.24750,0.00068,0.99909,0.00010,0.00013
44.82625,0.24750,0.00057,0.99924,0.00008,0.00011
45.02625,0.24750,0.00060,0.99919,0.00009,0.00012
45.22625,0.24750,0.00056,0.99924,0.00008,0.00012
45.42625,0.24750,0.00053,0.99929,0.00007,0.00011
45.62625,0.24750,0.00057,0.99924,0.00008,0.00011
45.82625,0.24750,0.00059,0.99923,0.00008,0.00011
46.02625,0.24750,0.00047,0.99934,0.00007,0.00011
46.22625,0.24750,0.00067,0.99908,0.00010,0.00014
46.42625,0.24750,0.00061,0.99918,0.00009,0.00012
46.62625,0.24750,0.00059,0.99919,0.00009,0.00013
46.82625,0.24750,0.00050,0.99934,0.00006,0.00010
47.02625,0.24750,0.00066,0.99910,0.00010,0.00014
47.22625,0.24750,0.00053,0.99929,0.00007,0.00011
47.42625,0.24750,0.00049,0.99938,0.00005,0.00008
47.62625,0.24750,0.00057,0.99919,0.00009,0.00015
47.82625,0.24750,0.00046,0.99939,0.00006,0.00009
48.02625,0.24750,0.00064,0.99912,0.00010,0.00013
48.22625,0.24750,0.00048,0.99939,0.00005,0.00008
48.42625,0.24750,0.00081,0.99869,0.00019,0.00031
48.62625,0.24750,0.00051,0.99931,0.00007,0.00011
48.82625,0.24750,0.00052,0.99930,0.00007,0.00011
49.02625,0.24750,0.00068,0.99908,0.00010,0.00014
49.22625,0.24750,0.00046,0.99935,0.00007,0.00013
49.42625,0.24750,0.00046,0.99943,0.00004,0.00006
49.62625,0.24750,0.00044,0.99939,0.00006,0.00011
49.82625,0.24750,0.00039,0.99949,0.00004,0.00007
50.02625,0.24750,0.00080,0.99895,0.00012,0.00014
50.22625,0.24750,0.00060,0.99901,0.00013,0.00026
50.42625,0.24750,0.00061,0.99919,0.00008,0.00012
50.62625,0.24750,0.00077,0.99876,0.00018,0.00030
50.82625,0.24750,0.00090,0.99883,0.00013,0.00014
51.02625,0.24750,0.00105,0.99817,0.00030,0.00048
51.22625,0.24750,0.00050,0.99930,0.00007,0.00013
51.42625,0.24750,0.00044,0.99944,0.00005,0.00008
51.62625,0.24750,0.00053,0.99933,0.00006,0.00009
51.82625,0.24750,0.00066,0.99913,0.00009,0.00012
52.02625,0.24750,0.00061,0.99920,0.00008,0.00011
52.22625,0.24750,0.00063,0.99917,0.00009,0.00012
52.42625,0.24750,0.00057,0.99925,0.00007,0.00010
52.62625,0.24750,0.00064,0.99913,0.00010,0.00014
52.82625,0.24750,0.00088,0.99872,0.00017,0.00023
53.02625,0.24750,0.00059,0.99919,0.00009,0.00013
53.22625,0.24750,0.00070,0.99898,0.00013,0.00020
53.42625,0.24750,0.00056,0.99908,0.00012,0.00024
53.62625,0.24750,0.00041,0.99947,0.00004,0.00007
53.82625,0.24750,0.00053,0.99928,0.00007,0.00011
54.02625,0.24750,0.00058,0.99923,0.00008,0.00011
54.22625,0.24750,0.00109,0.99833,0.00025,0.00033
54.42625,0.24750,0.00067,0.99894,0.00014,0.00025
54.62625,0.24750,0.00034,0.99957,0.00003,0.00006
54.82625,0.24750,0.00066,0.99902,0.00012,0.00020
55.02625,0.24750,0.00045,0.99937,0.00006,0.00011
55.22625,0.24750,0.00058,0.99921,0.00008,0.00013
55.42625,0.24750,0.00071,0.99906,0.00010,0.00013
55.62625,0.24750,0.00066,0.99881,0.00017,0.00036
55.82625,0.24750,0.00061,0.99920,0.00008,0.00012
56.02625,0.24750,0.00061,0.99914,0.00010,0.00016
56.22625,0.24750,0.00043,0.99945,0.00005,0.00007
56.42625,0.24750,0.00052,0.99932,0.00007,0.00010
56.62625,0.24750,0.00079,0.99892,0.00013,0.00016
56.82625,0.24750,0.00090,0.99794,0.00035,0.00081
57.02625,0.24750,0.00102,0.99857,0.00019,0.00022
57.22625,0.24750,0.00256,0.99010,0.00226,0.00508
57.42625,0.24750,0.04885,0.63786,0.16879,0.14450
57.62625,0.24750,0.05584,0.06356,0.80213,0.07848
57.82625,0.24750,0.00165,0.00318,0.88516,0.11000
58.02625,0.24750,0.08747,0.01321,0.80669,0.09264
58.22625,0.24750,0.51639,0.02447,0.39004,0.06910
58.42625,0.24750,0.69765,0.02395,0.23139,0.04701
58.62625,0.24750,0.68074,0.02432,0.24536,0.04958
58.82625,0.24750,0.68678,0.02417,0.24040,0.04865
59.02625,0.24750,0.71074,0.02416,0.21930,0.04579
59.22625,0.24750,0.70075,0.02387,0.22875,0.04663
59.42625,0.24750,0.71873,0.02386,0.21303,0.04438
59.62625,0.24750,0.68451,0.02418,0.24211,0.04920
59.82625,0.24750,0.71550,0.02388,0.21582,0.04479
60.02625,0.24750,0.69948,0.02400,0.22959,0.04694
60.22625,0.24750,0.69583,0.02392,0.23289,0.04736
60.42625,0.24750,0.69592,0.02401,0.23222,0.04785
60.62625,0.24750,0.72667,0.02374,0.20628,0.04331
60.82625,0.24750,0.69795,0.02402,0.23088,0.04715
61.02625,0.24750,0.71786,0.02378,0.21398,0.04438
61.22625,0.24750,0.69902,0.02449,0.22867,0.04782
61.42625,0.24750,0.68868,0.02383,0.23954,0.04794
61.62625,0.24750,0.69158,0.02425,0.23566,0.04851
61.82625,0.24750,0.70583,0.02403,0.22384,0.04629
62.02625,0.24750,0.67973,0.02420,0.24636,0.04971
62.22625,0.24750,0.72213,0.02374,0.21039,0.04374
62.42625,0.24750,0.70648,0.02381,0.22384,0.04587
62.62625,0.24750,0.72094,0.02376,0.21117,0.04413
62.82625,0.24750,0.71440,0.02391,0.21662,0.04507
63.02625,0.24750,0.69691,0.02423,0.23120,0.04766
63.22625,0.24750,0.70166,0.02407,0.22754,0.04673
63.42625,0.24750,0.68901,0.02412,0.23844,0.04844
63.62625,0.24750,0.69300,0.02405,0.23514,0.04780
63.82625,0.24751,0.71608,0.02375,0.21547,0.04470
64.02625,0.24750,0.70778,0.02412,0.22196,0.04613
64.22625,0.24750,0.72025,0.02357,0.21257,0.04361
64.42625,0.24751,0.73405,0.02368,0.20006,0.04221
64.62625,0.24750,0.70929,0.02404,0.22087,0.04580
64.82625,0.24751,0.69114,0.02406,0.23675,0.04805
65.02625,0.24750,0.68853,0.02424,0.23843,0.04879
65.22625,0.24750,0.68967,0.02399,0.23802,0.04831
65.42625,0.24751,0.70156,0.02393,0.22775,0.04676
65.62625,0.24750,0.70784,0.02402,0.22207,0.04606
65.82625,0.24751,0.68391,0.02408,0.24294,0.04908
66.02625,0.24750,0.72838,0.02357,0.20520,0.04286
66.22625,0.24750,0.67768,0.02456,0.24716,0.05060
66.42625,0.24751,0.70529,0.02373,0.22512,0.04586
66.62625,0.24750,0.70427,0.02396,0.22533,0.04644
66.82625,0.24751,0.71490,0.02395,0.21611,0.04504
67.02625,0.24750,0.71094,0.02374,0.22015,0.04517
67.22625,0.24750,0.72648,0.02382,0.20635,0.04335
67.42625,0.24751,0.70422,0.02404,0.22530,0.04644
67.62625,0.24750,0.71959,0.02354,0.21300,0.04386
67.82625,0.24751,0.72197,0.02372,0.21044,0.04388
68.02625,0.24750,0.72107,0.02376,0.21103,0.04414
68.22625,0.24750,0.71606,0.02382,0.21524,0.04488
68.42625,0.24751,0.70673,0.02387,0.22340,0.04600
68.62625,0.24750,0.69854,0.02413,0.22991,0.04742
68.82625,0.24751,0.68157,0.02422,0.24472,0.04950
69.02625,0.24750,0.69739,0.02398,0.23144,0.04720
69.22625,0.24750,0.68411,0.02419,0.24245,0.04925
69.42625,0.24751,0.71209,0.02390,0.21868,0.04533
69.62625,0.24750,0.68144,0.02425,0.24447,0.04984
69.82625,0.24751,0.70446,0.02387,0.22557,0.04611
70.02625,0.24750,0.70563,0.02425,0.22340,0.04672
70.22625,0.24750,0.69951,0.02376,0.23028,0.04645
70.42625,0.24751,0.68500,0.02435,0.24108,0.04957
70.62625,0.24750,0.69386,0.02412,0.23418,0.04785
70.82625,0.24751,0.67950,0.02436,0.24615,0.04999
71.02625,0.24750,0.68667,0.02410,0.24052,0.04870
71.22625,0.24750,0.48167,0.02634,0.41285,0.07913
71.42625,0.24751,0.00077,0.03788,0.02733,0.93401
71.62625,0.24750,0.00125,0.99435,0.00100,0.00340
71.82625,0.24751,0.00078,0.99888,0.00014,0.00020
72.02625,0.24750,0.00053,0.99926,0.00008,0.00013
72.22625,0.24750,0.00051,0.99936,0.00006,0.00008
72.42625,0.24751,0.00077,0.99890,0.00014,0.00019
72.62625,0.24750,0.00112,0.99765,0.00041,0.00082
72.82625,0.24751,0.00136,0.99582,0.00081,0.00201
73.02625,0.24750,0.00103,0.99814,0.00031,0.00052
73.22625,0.24750,0.00045,0.99940,0.00006,0.00009
73.42625,0.24751,0.00059,0.99922,0.00008,0.00011
73.62625,0.24750,0.00061,0.99913,0.00010,0.00015
73.82625,0.24751,0.00047,0.99941,0.00005,0.00007
74.02625,0.24750,0.00070,0.99887,0.00015,0.00027
74.22625,0.24750,0.00074,0.99883,0.00016,0.00027
74.42625,0.24751,0.00032,0.99960,0.00003,0.00005
74.62625,0.24750,0.00090,0.99853,0.00022,0.00035
74.82625,0.24751,0.00083,0.99853,0.00023,0.00041
75.02625,0.24750,0.00029,0.99962,0.00003,0.00006
75.22625,0.24750,0.00049,0.99936,0.00006,0.00009
75.42625,0.24751,0.00062,0.99916,0.00009,0.00013
75.62625,0.24750,0.00057,0.99925,0.00007,0.00010
75.82625,0.24751,0.00064,0.99917,0.00009,0.00011
76.02625,0.24750,0.00069,0.99907,0.00010,0.00013
76.22625,0.24750,0.00066,0.99912,0.00010,0.00013
76.42625,0.24751,0.00066,0.99910,0.00010,0.00014
76.62625,0.24750,0.00066,0.99908,0.00011,0.00015
76.82625,0.24751,0.00085,0.99880,0.00015,0.00020
77.02625,0.24750,0.00067,0.99911,0.00010,0.00012
77.22625,0.24750,0.00062,0.99917,0.00009,0.00012
77.42625,0.24751,0.00084,0.99863,0.00020,0.00033
77.62625,0.24750,0.00053,0.99930,0.00007,0.00011
77.82625,0.24751,0.00073,0.99899,0.00012,0.00016
78.02625,0.24750,0.00058,0.99916,0.00010,0.00017
78.22625,0.24750,0.00046,0.99938,0.00006,0.00010
78.42625,0.24751,0.00032,0.99958,0.00003,0.00006
78.62625,0.24750,0.00051,0.99932,0.00007,0.00010
78.82625,0.24751,0.00058,0.99922,0.00008,0.00012
79.02625,0.24750,0.00074,0.99891,0.00014,0.00021
79.22625,0.24750,0.00033,0.99953,0.00004,0.00009
79.42625,0.24751,0.00028,0.99965,0.00002,0.00005
79.62625,0.24750,0.00095,0.99860,0.00019,0.00026
79.82625,0.24751,0.00043,0.99937,0.00006,0.00013
80.02625,0.24750,0.00071,0.99887,0.00015,0.00027
80.22625,0.24750,0.00048,0.99926,0.00008,0.00018
80.42625,0.24751,0.00044,0.99942,0.00005,0.00009
80.62625,0.24750,0.00057,0.99921,0.00008,0.00013
80.82625,0.24751,0.00064,0.99906,0.00012,0.00019
81.02625,0.24750,0.00050,0.99932,0.00007,0.00011
81.22625,0.24750,0.00088,0.99874,0.00016,0.00022
81.42625,0.24751,0.00062,0.99913,0.00010,0.00015
81.62625,0.24750,0.00055,0.99922,0.00009,0.00015
81.82625,0.24751,0.00072,0.99889,0.00014,0.00024
82.02625,0.24750,0.00053,0.99929,0.00007,0.00011
82.22625,0.24750,0.00090,0.99859,0.00020,0.00030
82.42625,0.24751,0.00046,0.99930,0.00008,0.00016
82.62625,0.24750,0.00072,0.99891,0.00014,0.00023
82.82625,0.24751,0.00057,0.99917,0.00010,0.00017
83.02625,0.24750,0.00061,0.99918,0.00009,0.00012
83.22625,0.24750,0.00104,0.99790,0.00037,0.00070
83.42625,0.24751,0.00060,0.99894,0.00015,0.00031
83.62625,0.24750,0.00031,0.99961,0.00003,0.00005
83.82625,0.24751,0.00058,0.99924,0.00008,0.00011
84.02625,0.24750,0.00056,0.99923,0.00008,0.00013
84.22625,0.24750,0.00072,0.99899,0.00012,0.00017
84.42625,0.24751,0.00062,0.99918,0.00009,0.00012
84.62625,0.24750,0.00063,0.99917,0.00008,0.00012
84.82625,0.24751,0.00108,0.99817,0.00030,0.00046
85.02625,0.24750,0.00084,0.99874,0.00017,0.00025
85.22625,0.24750,0.00050,0.99936,0.00006,0.00008
85.42625,0.24751,0.00087,0.99857,0.00021,0.00035
85.62625,0.24750,0.00052,0.99926,0.00008,0.00014
85.82625,0.24751,0.00050,0.99934,0.00006,0.00010
86.02625,0.24750,0.00113,0.99756,0.00044,0.00087
86.22625,0.24750,0.00047,0.99934,0.00007,0.00012
86.42625,0.24751,0.00079,0.99889,0.00014,0.00018
86.62625,0.24750,0.00073,0.99872,0.00019,0.00035
86.82625,0.24751,0.00030,0.99963,0.00002,0.00005
87.02625,0.24750,0.00113,0.99790,0.00037,0.00061
87.22625,0.24750,0.00042,0.99942,0.00006,0.00011
87.42625,0.24751,0.00047,0.99932,0.00007,0.00014
87.62625,0.24750,0.00066,0.99910,0.00010,0.00014
87.82625,0.24751,0.00052,0.99924,0.00008,0.00016
88.02625,0.24750,0.00036,0.99955,0.00003,0.00006
88.22625,0.24750,0.00057,0.99920,0.00009,0.00014
88.42625,0.24751,0.00049,0.99938,0.00005,0.00008
88.62625,0.24750,0.00085,0.99872,0.00018,0.00025
88.82625,0.24751,0.00054,0.99930,0.00007,0.00010
89.02625,0.24750,0.00089,0.99857,0.00021,0.00033
89.22625,0.24750,0.00071,0.99901,0.00012,0.00016
89.42625,0.24751,0.00049,0.99935,0.00006,0.00009
89.62625,0.24750,0.00088,0.99858,0.00021,0.00033
89.82625,0.24751,0.00065,0.99911,0.00010,0.00014
90.02625,0.24750,0.00084,0.99869,0.00019,0.00029
90.22625,0.24750,0.00072,0.99896,0.00013,0.00019
90.42625,0.24751,0.00051,0.99932,0.00006,0.00010
90.62625,0.24750,0.00086,0.99858,0.00021,0.00035
90.82625,0.24751,0.00091,0.99869,0.00017,0.00022
91.02625,0.24750,0.00103,0.99788,0.00037,0.00072
91.22625,0.24750,0.00047,0.99936,0.00006,0.00011
91.42625,0.24751,0.00132,0.99755,0.00043,0.00070
91.62625,0.24750,0.01186,0.88199,0.03142,0.07473
91.82625,0.24751,0.17989,0.28847,0.45858,0.07306
92.02625,0.24750,0.00191,0.00396,0.90105,0.09308
92.22625,0.24750,0.01559,0.00636,0.88765,0.09040
92.42625,0.24751,0.34362,0.02277,0.54645,0.08716
92.62625,0.24750,0.55352,0.02450,0.35817,0.06381
92.82625,0.24751,0.66628,0.02419,0.25827,0.05126
93.02625,0.24750,0.67612,0.02428,0.24926,0.05034
93.22625,0.24750,0.69036,0.02409,0.23722,0.04832
93.42625,0.24751,0.46918,0.02558,0.42658,0.07867
93.62625,0.24750,0.63087,0.02427,0.28978,0.05509
93.82625,0.24751,0.72278,0.02379,0.20958,0.04385
94.02625,0.24750,0.71505,0.02376,0.21632,0.04487
94.22625,0.24750,0.69810,0.02417,0.23017,0.04757
94.42625,0.24751,0.63730,0.02575,0.27952,0.05743
94.62625,0.24750,0.60372,0.02419,0.31438,0.05771
94.82625,0.24751,0.66953,0.02417,0.25561,0.05068
95.02625,0.24750,0.25505,0.02471,0.60458,0.11566
95.22625,0.24750,0.47398,0.02480,0.42618,0.07505
95.42625,0.24751,0.55691,0.02509,0.35270,0.06530
95.62625,0.24750,0.69448,0.02395,0.23416,0.04742
95.82625,0.24751,0.67190,0.02429,0.25262,0.05119
96.02625,0.24750,0.59057,0.02504,0.32260,0.06179
96.22625,0.24750,0.68336,0.02384,0.24387,0.04893
96.42625,0.24751,0.71650,0.02394,0.21476,0.04480
96.62625,0.24750,0.70578,0.02413,0.22385,0.04624
96.82625,0.24751,0.70616,0.02381,0.22404,0.04598
97.02625,0.24750,0.71262,0.02381,0.21835,0.04521
97.22625,0.24750,0.71541,0.02370,0.21620,0.04469
97.42625,0.24751,0.73715,0.02358,0.19753,0.04174
97.62625,0.24750,0.73600,0.02358,0.19861,0.04180
97.82625,0.24751,0.68037,0.02448,0.24496,0.05019
98.02625,0.24750,0.48470,0.02499,0.41532,0.07498
98.22625,0.24750,0.70711,0.02385,0.22306,0.04598
98.42625,0.24751,0.69239,0.02404,0.23565,0.04792
98.62625,0.24750,0.68913,0.02422,0.23810,0.04855
98.82625,0.24751,0.69894,0.02404,0.22987,0.04715
99.02625,0.24750,0.70941,0.02412,0.22049,0.04598
99.22625,0.24750,0.71104,0.02369,0.22035,0.04492
99.42625,0.24751,0.71213,0.02398,0.21840,0.04549
99.62625,0.24750,0.71673,0.02369,0.21522,0.04436
99.82625,0.24751,0.69989,0.02397,0.22913,0.04702
100.02625,0.24750,0.73161,0.02373,0.20205,0.04262
100.22625,0.24750,0.67797,0.02455,0.24716,0.05031
100.42625,0.24751,0.69200,0.02408,0.23604,0.04788
100.62625,0.24750,0.70168,0.02405,0.22744,0.04683
100.82625,0.24751,0.69822,0.02397,0.23076,0.04705
101.02625,0.24750,0.70385,0.02390,0.22583,0.04642
101.22625,0.24750,0.71393,0.02410,0.21649,0.04548
101.42625,0.24751,0.68596,0.02433,0.24057,0.04914
101.62625,0.24750,0.71100,0.02360,0.22073,0.04466
101.82625,0.24751,0.70300,0.02399,0.22631,0.04670
102.02625,0.24750,0.70941,0.02420,0.22035,0.04604
102.22625,0.24750,0.69197,0.02388,0.23648,0.04766
102.42625,0.24751,0.70635,0.02401,0.22355,0.04609
102.62625,0.24750,0.68988,0.02435,0.23678,0.04899
102.82625,0.24751,0.64633,0.02453,0.27489,0.05424
103.02625,0.24750,0.71156,0.02374,0.21961,0.04509
103.22625,0.24750,0.71364,0.02391,0.21729,0.04517
103.42625,0.24751,0.69651,0.02403,0.23204,0.04742
103.62625,0.24750,0.68976,0.02424,0.23739,0.04862
103.82625,0.24751,0.72284,0.02361,0.21013,0.04343
104.02625,0.24750,0.70987,0.02383,0.22071,0.04559
104.22625,0.24750,0.71260,0.02390,0.21814,0.04535
104.42625,0.24751,0.69128,0.02433,0.23587,0.04852
