Time(Seconds),Length(Seconds),Label(string),Confidence(double),Comment(string)
-0.0132046,0.4550916,impact,1,
0.4151169,0.103256,working,1,
0.5757375,0.5354019,impact,1,
1.0996665,0.2065121,working,1,
1.2373413,0.3250654,impact,1,
1.5356367,0.3097682,working,1,
1.7764321,0.6577795,impact,1,
2.4190499,0.332714,working,1,
2.6866154,0.5201047,impact,1,
3.1724369,0.3441869,working,1,
3.4744211,0.4436187,impact,1,
3.9024372,0.6539552,working,1,
4.4201503,0.3633084,impact,1,
4.7858504,0.0956074,working,1,
4.8178774,0.4244972,impact,1,
5.2371177,0.3939028,working,1,
5.4902461,0.6539552,impact,1,
6.1396525,0.1567962,working,1,
6.2665789,0.3518355,impact,1,
6.5947441,0.3135925,working,1,
6.8966203,0.7457384,impact,1,
7.6089639,0.6271851,working,1,
8.1528785,0.2409308,impact,1,
8.3814724,0.1950392,working,1,
8.5353085,0.5162804,impact,1,
9.0048333,0.5927664,working,1,
9.5321022,0.3135925,impact,1,
9.8385306,0.3862542,working,1,
10.1669359,0.294471,impact,1,
10.4501923,0.5583477,working,1,
10.9279716,0.4818617,impact,1,
11.4062672,0.3135925,working,1,
11.6793357,0.4780374,impact,1,
12.168846,0.5927664,impact,1,
12.7447721,0.1720934,working,1,
12.8457471,0.523929,impact,1,
13.3298899,0.4436187,working,1,
13.7149562,0.3786056,impact,1,
14.0594693,0.2524037,working,1,
14.2771283,0.256228,impact,1,
14.5371807,0.1185532,impact,1,
14.6445871,0.1529719,working,1,
14.6939769,0.5698206,impact,1,
15.2526508,0.0994317,working,1,
15.3058649,0.2982953,impact,1,
15.5738919,0.1950392,working,1,
15.6653491,0.1988635,impact,1,
15.8492415,0.2103364,working,1,
15.9781614,0.4359701,impact,1,
16.4075893,0.2294579,working,1,
16.5372894,0.3480112,impact,1,
16.8661791,0.3288897,impact,1,
17.145353,0.3135925,impact,1,
17.4428372,0.2218093,working,1,
17.6189478,0.3977271,impact,1,
18.0126578,0.1491476,working,1,
18.1658227,0.5048075,impact,1,
