Time(Seconds),Length(Seconds),Label(string),Confidence(double),Comment(string)
0.0141573,0.2975498,impact,1,
0.3117071,0.8411959,working,1,
1.1529030,0.3080922,impact,1,
1.4609952,0.2566189,working,1,
1.7176141,0.3800289,impact,1,
2.0976430,0.1213653,working,1,
2.2190083,0.3288953,impact,1,
2.5479036,0.1302414,working,1,
2.6781450,0.4871725,impact,1,
3.1899110,0.0052367,working,1,
3.1951477,0.0052367,working,1,
3.2959363,0.4200980,impact,1,
3.7160343,0.0913599,working,1,
3.8073942,0.4016643,impact,1,
4.2090585,0.3476327,working,1,
4.5682875,0.5265561,impact,1,
5.0948436,0.1755187,working,1,
5.2703623,0.3400675,impact,1,
5.6104298,0.2019436,working,1,
5.8133734,0.3949171,impact,1,
6.2082905,0.0658195,working,1,
6.2741100,0.4278268,impact,1,
6.7183917,0.5430110,impact,1,
7.2614027,0.0722152,working,1,
7.3336179,0.3990154,impact,1,
7.7326333,0.0492612,working,1,
7.7818945,0.8325136,impact,1,
8.6144081,0.5584825,working,1,
9.1728906,0.8068364,impact,1,
9.9797270,0.1248595,working,1,
10.1045865,0.5217675,impact,1,
10.6263540,0.1378634,working,1,
10.7642174,0.4669465,impact,1,
11.2311639,0.0571539,working,1,
11.2883178,0.4884327,impact,1,
11.7767505,0.1412620,working,1,
11.9190125,0.4694644,impact,1,
12.3884769,0.0287683,working,1,
12.4172452,0.4156516,impact,1,
12.8328968,0.0304755,working,1,
12.8643723,0.8730105,impact,1,
13.7373828,0.0569355,working,1,
13.7943183,0.3036558,impact,1,
14.0979741,0.1253464,working,1,
14.2270882,0.5819372,impact,1,
14.8110254,0.1483034,working,1,
14.9603288,0.2942767,impact,1,
15.2546055,0.0943904,working,1,
15.3489959,0.4730134,impact,1,
15.8220093,0.7643608,working,1,
16.5863701,0.5829379,impact,1,
17.1693080,0.0572381,working,1,
17.2393232,0.3598792,impact,1,
