Time (seconds), Duration (seconds),pred_(unlabeled),pred_imbalance,pred_working,pred_impact
0.00000,3.01194,0.81500,0.16109,0.00899,0.01491
0.20000,3.01194,0.03251,0.96748,0.00001,0.00000
0.40000,3.01194,0.01965,0.98033,0.00003,0.00000
0.60000,3.01194,0.00403,0.99596,0.00000,0.00000
0.80000,3.01194,0.01585,0.98413,0.00001,0.00000
1.00000,3.01194,0.00964,0.99036,0.00000,0.00000
1.20000,3.01194,0.01636,0.98363,0.00000,0.00000
1.40000,3.01194,0.07292,0.92692,0.00014,0.00002
1.60000,3.01194,0.09407,0.90591,0.00002,0.00000
1.80000,3.01194,0.04533,0.95464,0.00002,0.00000
2.00000,3.01194,0.01940,0.98059,0.00001,0.00000
2.20000,3.01194,0.09703,0.90289,0.00006,0.00001
2.40000,3.01194,0.01116,0.98883,0.00001,0.00000
2.60000,3.01194,0.05887,0.94110,0.00003,0.00000
2.80000,3.01194,0.01390,0.98609,0.00001,0.00000
3.00000,3.01194,0.01001,0.98998,0.00000,0.00000
3.20000,3.01194,0.05234,0.94763,0.00003,0.00000
3.40000,3.01194,0.02459,0.97540,0.00001,0.00000
3.60000,3.01194,0.06403,0.93591,0.00006,0.00000
3.80000,3.01194,0.01415,0.98583,0.00002,0.00000
4.00000,3.01194,0.03523,0.96476,0.00001,0.00000
4.20000,3.01194,0.01430,0.98569,0.00001,0.00000
4.40000,3.01194,0.03664,0.96333,0.00003,0.00000
4.60000,3.01194,0.02888,0.97110,0.00002,0.00000
4.80000,3.01194,0.02596,0.97404,0.00001,0.00000
5.00000,3.01194,0.03660,0.96336,0.00004,0.00000
5.20000,3.01194,0.11457,0.88536,0.00006,0.00001
5.40000,3.01194,0.04764,0.95233,0.00003,0.00000
5.60000,3.01194,0.03593,0.96406,0.00002,0.00000
5.80000,3.01194,0.05265,0.94733,0.00002,0.00000
6.00000,3.01194,0.06546,0.93450,0.00004,0.00000
6.20000,3.01194,0.04562,0.95437,0.00001,0.00000
6.40000,3.01194,0.03805,0.96193,0.00002,0.00000
6.60000,3.01194,0.02244,0.97755,0.00001,0.00000
6.80000,3.01194,0.00892,0.99107,0.00001,0.00000
7.00000,3.01194,0.01849,0.98149,0.00002,0.00000
7.20000,3.01194,0.01192,0.98807,0.00001,0.00000
7.40000,3.01194,0.03121,0.96876,0.00002,0.00000
7.60000,3.01194,0.01840,0.98158,0.00003,0.00000
7.80000,3.01194,0.01635,0.98363,0.00002,0.00000
8.00000,3.01194,0.06330,0.93665,0.00004,0.00000
8.20000,3.01194,0.04130,0.95868,0.00001,0.00000
8.40000,3.01194,0.05340,0.94656,0.00003,0.00000
8.60000,3.01194,0.03165,0.96832,0.00003,0.00000
8.80000,3.01194,0.03098,0.96901,0.00001,0.00000
9.00000,3.01194,0.03882,0.96116,0.00002,0.00000
9.20000,3.01194,0.01480,0.98518,0.00002,0.00000
9.40000,3.01194,0.00903,0.99097,0.00000,0.00000
9.60000,3.01194,0.03707,0.96289,0.00003,0.00000
9.80000,3.01194,0.09074,0.90921,0.00004,0.00001
10.00000,3.01194,0.02009,0.97990,0.00001,0.00000
10.20000,3.01194,0.05858,0.94139,0.00003,0.00000
10.40000,3.01194,0.01644,0.98356,0.00001,0.00000
10.60000,3.01194,0.05864,0.94130,0.00005,0.00001
10.80000,3.01194,0.01917,0.98081,0.00002,0.00000
11.00000,3.01194,0.09230,0.90765,0.00005,0.00001
11.20000,3.01194,0.06730,0.93267,0.00002,0.00000
11.40000,3.01194,0.02223,0.97777,0.00001,0.00000
11.60000,3.01194,0.02665,0.97332,0.00003,0.00000
11.80000,3.01194,0.03933,0.96065,0.00002,0.00000
12.00000,3.01194,0.07896,0.92101,0.00003,0.00000
12.20000,3.01194,0.01290,0.98709,0.00001,0.00000
12.40000,3.01194,0.04905,0.95091,0.00004,0.00000
12.60000,3.01194,0.04431,0.95566,0.00003,0.00000
12.80000,3.01194,0.06374,0.93623,0.00003,0.00000
13.00000,3.01194,0.03949,0.96048,0.00002,0.00000
13.20000,3.01194,0.04085,0.95912,0.00003,0.00000
13.40000,3.01194,0.05243,0.94755,0.00002,0.00000
13.60000,3.01194,0.06368,0.93626,0.00005,0.00000
13.80000,3.01194,0.07837,0.92161,0.00002,0.00000
14.00000,3.01194,0.04053,0.95946,0.00002,0.00000
14.20000,3.01194,0.02913,0.97083,0.00003,0.00000
14.40000,3.01194,0.04693,0.95304,0.00002,0.00000
14.60000,3.01194,0.09187,0.90811,0.00002,0.00000
14.80000,3.01194,0.04316,0.95682,0.00001,0.00000
15.00000,3.01194,0.02621,0.97378,0.00001,0.00000
15.20000,3.01194,0.03060,0.96940,0.00001,0.00000
15.40000,3.01194,0.08130,0.91866,0.00003,0.00000
15.60000,3.01194,0.02689,0.97309,0.00002,0.00000
15.80000,3.01194,0.06275,0.93723,0.00001,0.00000
16.00000,3.01194,0.01634,0.98365,0.00001,0.00000
16.20000,3.01194,0.01525,0.98475,0.00000,0.00000
16.40000,3.01194,0.01514,0.98485,0.00000,0.00000
16.60000,3.01194,0.01255,0.98744,0.00000,0.00000
16.80000,3.01194,0.01534,0.98466,0.00000,0.00000
17.00000,3.01194,0.02200,0.97800,0.00000,0.00000
17.20000,3.01194,0.01587,0.98413,0.00000,0.00000
17.40000,3.01194,0.03410,0.96589,0.00001,0.00000
17.60000,3.01194,0.03353,0.96645,0.00002,0.00000
17.80000,3.01194,0.01402,0.98597,0.00001,0.00000
18.00000,3.01194,0.00525,0.99475,0.00000,0.00000
18.20000,3.01194,0.01003,0.98997,0.00000,0.00000
18.40000,3.01194,0.02137,0.97860,0.00002,0.00000
18.60000,3.01194,0.05941,0.94051,0.00008,0.00001
18.80000,3.01194,0.03673,0.96324,0.00003,0.00000
19.00000,3.01194,0.05208,0.94788,0.00003,0.00000
19.20000,3.01194,0.05946,0.94044,0.00010,0.00001
19.40000,3.01194,0.02284,0.97715,0.00001,0.00000
19.60000,3.01194,0.01318,0.98681,0.00001,0.00000
19.80000,3.01194,0.06738,0.93256,0.00005,0.00000
20.00000,3.01194,0.05965,0.94033,0.00002,0.00000
20.20000,3.01194,0.06098,0.93900,0.00002,0.00000
20.40000,3.01194,0.04591,0.95405,0.00003,0.00000
20.60000,3.01194,0.07718,0.92278,0.00003,0.00000
20.80000,3.01194,0.04244,0.95754,0.00002,0.00000
21.00000,3.01194,0.03232,0.96767,0.00001,0.00000
21.20000,3.01194,0.04444,0.95555,0.00002,0.00000
21.40000,3.01194,0.01394,0.98605,0.00000,0.00000
21.60000,3.01194,0.02287,0.97713,0.00001,0.00000
21.80000,3.01194,0.03124,0.96876,0.00000,0.00000
22.00000,3.01194,0.02475,0.97523,0.00002,0.00000
22.20000,3.01194,0.02460,0.97539,0.00001,0.00000
