Time (seconds), Duration (seconds),pred_(unlabeled),pred_imbalance,pred_working,pred_impact
0.00000,3.01194,0.66268,0.00244,0.30185,0.03303
0.20000,3.01194,0.86929,0.00001,0.12863,0.00207
0.40000,3.01194,0.94057,0.00000,0.05850,0.00093
0.60000,3.01194,0.72513,0.00159,0.00459,0.26869
0.80000,3.01194,0.02966,0.00001,0.00009,0.97025
1.00000,3.01194,0.42128,0.02603,0.00477,0.54792
1.20000,3.01194,0.94832,0.00034,0.04025,0.01109
1.40000,3.01194,0.99984,0.00001,0.00007,0.00007
1.60000,3.01194,0.71687,0.00002,0.26359,0.01952
1.80000,3.01194,0.16370,0.00063,0.83274,0.00294
2.00000,3.01194,0.92230,0.00183,0.07140,0.00447
2.20000,3.01194,0.63785,0.21827,0.13921,0.00467
2.40000,3.01194,0.87783,0.04036,0.07863,0.00317
2.60000,3.01194,0.54973,0.41825,0.02542,0.00659
2.80000,3.01194,0.98787,0.00757,0.00079,0.00377
3.00000,3.01194,0.71398,0.00001,0.15952,0.12650
3.20000,3.01194,0.56668,0.00003,0.42123,0.01206
3.40000,3.01194,0.97463,0.00001,0.02526,0.00011
3.60000,3.01194,0.98838,0.00002,0.00050,0.01110
3.80000,3.01194,0.29097,0.00101,0.00013,0.70789
4.00000,3.01194,0.03519,0.00017,0.00006,0.96457
4.20000,3.01194,0.89160,0.00376,0.01535,0.08929
4.40000,3.01194,0.99794,0.00008,0.00113,0.00084
4.60000,3.01194,0.99962,0.00001,0.00029,0.00009
4.80000,3.01194,0.70043,0.00002,0.29524,0.00431
5.00000,3.01194,0.60000,0.00539,0.39050,0.00411
5.20000,3.01194,0.85761,0.08848,0.04595,0.00796
5.40000,3.01194,0.32758,0.66870,0.00056,0.00316
5.60000,3.01194,0.97187,0.01019,0.01507,0.00287
5.80000,3.01194,0.69829,0.01022,0.27743,0.01406
6.00000,3.01194,0.96377,0.00043,0.03292,0.00288
6.20000,3.01194,0.99821,0.00011,0.00120,0.00047
6.40000,3.01194,0.97976,0.00067,0.00009,0.01949
6.60000,3.01194,0.00843,0.00002,0.00001,0.99154
6.80000,3.01194,0.27928,0.00335,0.00019,0.71719
7.00000,3.01194,0.96504,0.00501,0.00910,0.02084
7.20000,3.01194,0.99953,0.00000,0.00042,0.00005
7.40000,3.01194,0.98441,0.00026,0.01022,0.00511
7.60000,3.01194,0.81897,0.00397,0.13830,0.03875
7.80000,3.01194,0.98837,0.00116,0.00438,0.00608
8.00000,3.01194,0.70593,0.02101,0.25309,0.01996
8.20000,3.01194,0.82501,0.00198,0.16796,0.00506
8.40000,3.01194,0.99942,0.00005,0.00047,0.00006
8.60000,3.01194,0.99574,0.00382,0.00021,0.00023
8.80000,3.01194,0.02547,0.00012,0.00025,0.97416
9.00000,3.01194,0.33679,0.00141,0.00078,0.66102
9.20000,3.01194,0.84868,0.01229,0.04633,0.09270
9.40000,3.01194,0.99981,0.00001,0.00013,0.00005
9.60000,3.01194,0.99978,0.00008,0.00006,0.00008
9.80000,3.01194,0.98332,0.00011,0.00159,0.01497
10.00000,3.01194,0.95839,0.00905,0.02464,0.00792
10.20000,3.01194,0.83396,0.01454,0.13502,0.01648
10.40000,3.01194,0.96637,0.00213,0.02987,0.00164
10.60000,3.01194,0.99904,0.00018,0.00068,0.00011
10.80000,3.01194,0.98952,0.00889,0.00020,0.00139
11.00000,3.01194,0.02471,0.00005,0.00003,0.97521
11.20000,3.01194,0.52509,0.00787,0.00207,0.46498
11.40000,3.01194,0.96116,0.00006,0.01401,0.02477
11.60000,3.01194,0.99978,0.00009,0.00009,0.00004
11.80000,3.01194,0.94836,0.00203,0.00094,0.04868
12.00000,3.01194,0.95775,0.00019,0.03507,0.00699
12.20000,3.01194,0.97000,0.00054,0.02774,0.00172
12.40000,3.01194,0.57078,0.00125,0.41187,0.01610
12.60000,3.01194,0.99875,0.00008,0.00108,0.00009
12.80000,3.01194,0.99799,0.00154,0.00031,0.00016
13.00000,3.01194,0.11757,0.00458,0.00086,0.87699
13.20000,3.01194,0.15398,0.00070,0.00031,0.84501
13.40000,3.01194,0.96178,0.00051,0.01798,0.01973
13.60000,3.01194,0.99955,0.00000,0.00033,0.00011
13.80000,3.01194,0.99971,0.00002,0.00000,0.00027
14.00000,3.01194,0.77358,0.00000,0.22299,0.00343
14.20000,3.01194,0.83034,0.06842,0.09067,0.01058
14.40000,3.01194,0.36911,0.00200,0.62013,0.00876
14.60000,3.01194,0.99472,0.00012,0.00506,0.00011
14.80000,3.01194,0.99484,0.00371,0.00101,0.00043
15.00000,3.01194,0.22090,0.02603,0.00133,0.75174
15.20000,3.01194,0.17678,0.00091,0.00089,0.82142
15.40000,3.01194,0.90662,0.00900,0.02598,0.05841
15.60000,3.01194,0.99969,0.00002,0.00018,0.00011
15.80000,3.01194,0.99911,0.00001,0.00008,0.00079
16.00000,3.01194,0.75677,0.00382,0.19658,0.04283
16.20000,3.01194,0.60689,0.01571,0.36682,0.01058
16.40000,3.01194,0.85556,0.00067,0.14256,0.00120
16.60000,3.01194,0.99955,0.00001,0.00040,0.00004
16.80000,3.01194,0.99668,0.00006,0.00000,0.00326
17.00000,3.01194,0.16451,0.00013,0.00001,0.83536
17.20000,3.01194,0.08793,0.00030,0.00007,0.91170
17.40000,3.01194,0.99804,0.00007,0.00005,0.00184
17.60000,3.01194,0.99969,0.00021,0.00001,0.00010
17.80000,3.01194,0.99998,0.00000,0.00000,0.00002
18.00000,3.01194,0.95499,0.00024,0.04462,0.00014
18.20000,3.01194,0.12896,0.00006,0.86577,0.00520
18.40000,3.01194,0.99641,0.00022,0.00279,0.00058
18.60000,3.01194,0.99939,0.00023,0.00029,0.00008
18.80000,3.01194,0.45403,0.00198,0.00001,0.54398
19.00000,3.01194,0.01138,0.00002,0.00001,0.98859
19.20000,3.01194,0.98889,0.00132,0.00390,0.00590
19.40000,3.01194,0.99999,0.00000,0.00001,0.00000
19.60000,3.01194,0.99988,0.00001,0.00008,0.00003
19.80000,3.01194,0.43004,0.00008,0.56671,0.00318
20.00000,3.01194,0.77206,0.00034,0.22728,0.00033
20.20000,3.01194,0.99282,0.00007,0.00700,0.00010
20.40000,3.01194,0.99972,0.00012,0.00000,0.00016
20.60000,3.01194,0.23506,0.00004,0.00000,0.76489
20.80000,3.01194,0.04082,0.00030,0.00002,0.95886
21.00000,3.01194,0.99222,0.00013,0.00001,0.00763
21.20000,3.01194,0.99999,0.00000,0.00000,0.00001
21.40000,3.01194,0.99676,0.00000,0.00263,0.00061
21.60000,3.01194,0.33578,0.00000,0.66418,0.00004
21.80000,3.01194,0.54702,0.00001,0.45252,0.00045
22.00000,3.01194,0.98986,0.00062,0.00664,0.00287
22.20000,3.01194,0.08580,0.00395,0.00177,0.90848
22.40000,3.01194,0.07678,0.00054,0.00023,0.92245
22.60000,3.01194,0.97483,0.01296,0.00442,0.00779
22.80000,3.01194,0.99994,0.00000,0.00002,0.00004
23.00000,3.01194,0.99979,0.00000,0.00009,0.00012
23.20000,3.01194,0.10816,0.00003,0.88660,0.00521
23.40000,3.01194,0.81522,0.01114,0.16666,0.00698
23.60000,3.01194,0.98546,0.00062,0.01330,0.00062
23.80000,3.01194,0.81725,0.02374,0.00041,0.15861
24.00000,3.01194,0.06687,0.00156,0.00007,0.93150
24.20000,3.01194,0.91734,0.03208,0.02195,0.02862
24.40000,3.01194,0.99999,0.00000,0.00000,0.00001
24.60000,3.01194,0.99861,0.00002,0.00032,0.00105
24.80000,3.01194,0.23053,0.00033,0.75629,0.01286
25.00000,3.01194,0.81227,0.00588,0.17761,0.00423
25.20000,3.01194,0.96956,0.00644,0.02283,0.00116
25.40000,3.01194,0.98208,0.01117,0.00003,0.00672
25.60000,3.01194,0.01652,0.00004,0.00002,0.98342
25.80000,3.01194,0.81761,0.04318,0.00199,0.13723
26.00000,3.01194,0.99965,0.00001,0.00007,0.00027
26.20000,3.01194,0.99994,0.00001,0.00003,0.00003
26.40000,3.01194,0.79869,0.00033,0.12900,0.07199
26.60000,3.01194,0.04906,0.00358,0.94524,0.00212
26.80000,3.01194,0.99383,0.00070,0.00512,0.00035
27.00000,3.01194,0.96903,0.02514,0.00026,0.00557
27.20000,3.01194,0.02345,0.00025,0.00003,0.97627
27.40000,3.01194,0.42744,0.03094,0.00157,0.54006
27.60000,3.01194,0.99621,0.00054,0.00020,0.00305
27.80000,3.01194,0.99987,0.00000,0.00009,0.00003
28.00000,3.01194,0.90227,0.00688,0.06747,0.02337
28.20000,3.01194,0.13822,0.00232,0.85607,0.00338
28.40000,3.01194,0.99487,0.00029,0.00478,0.00005
28.60000,3.01194,0.72458,0.26643,0.00025,0.00875
28.80000,3.01194,0.01658,0.00095,0.00001,0.98246
29.00000,3.01194,0.61647,0.29678,0.00037,0.08637
29.20000,3.01194,0.99992,0.00003,0.00002,0.00003
29.40000,3.01194,0.99750,0.00226,0.00022,0.00002
29.60000,3.01194,0.33507,0.00029,0.64317,0.02147
29.80000,3.01194,0.33898,0.00136,0.65847,0.00120
30.00000,3.01194,0.99870,0.00022,0.00097,0.00010
30.20000,3.01194,0.99259,0.00473,0.00000,0.00268
30.40000,3.01194,0.02320,0.00005,0.00000,0.97674
30.60000,3.01194,0.03647,0.00064,0.00002,0.96287
30.80000,3.01194,0.99837,0.00011,0.00024,0.00128
31.00000,3.01194,0.90043,0.00001,0.09864,0.00092
31.20000,3.01194,0.36453,0.00001,0.63373,0.00173
31.40000,3.01194,0.92993,0.01105,0.05226,0.00676
31.60000,3.01194,0.06523,0.00104,0.00020,0.93352
31.80000,3.01194,0.41820,0.06363,0.00023,0.51793
32.00000,3.01194,0.99904,0.00001,0.00019,0.00076
32.20000,3.01194,0.99991,0.00000,0.00008,0.00001
32.40000,3.01194,0.24384,0.00001,0.74691,0.00925
32.60000,3.01194,0.58999,0.01277,0.39479,0.00244
32.80000,3.01194,0.99910,0.00009,0.00073,0.00008
33.00000,3.01194,0.16250,0.00895,0.00003,0.82852
33.20000,3.01194,0.01625,0.00024,0.00000,0.98351
33.40000,3.01194,0.99943,0.00003,0.00025,0.00030
33.60000,3.01194,0.99997,0.00000,0.00003,0.00000
33.80000,3.01194,0.90213,0.00001,0.09529,0.00258
34.00000,3.01194,0.13570,0.00012,0.86260,0.00157
34.20000,3.01194,0.98480,0.00807,0.00639,0.00075
34.40000,3.01194,0.41873,0.03410,0.00131,0.54586
34.60000,3.01194,0.02145,0.00079,0.00001,0.97775
34.80000,3.01194,0.99370,0.00292,0.00124,0.00214
35.00000,3.01194,0.99997,0.00000,0.00002,0.00001
35.20000,3.01194,0.99805,0.00000,0.00152,0.00042
35.40000,3.01194,0.06139,0.00003,0.93427,0.00431
35.60000,3.01194,0.98585,0.00812,0.00585,0.00018
35.80000,3.01194,0.97252,0.01478,0.00406,0.00864
36.00000,3.01194,0.01587,0.00032,0.00003,0.98378
36.20000,3.01194,0.55093,0.03297,0.00075,0.41535
36.40000,3.01194,0.99812,0.00107,0.00021,0.00060
36.60000,3.01194,0.99965,0.00001,0.00030,0.00004
36.80000,3.01194,0.81549,0.00692,0.14162,0.03597
37.00000,3.01194,0.14229,0.00125,0.85550,0.00096
37.20000,3.01194,0.99675,0.00037,0.00277,0.00011
37.40000,3.01194,0.88596,0.09063,0.00000,0.02341
37.60000,3.01194,0.00337,0.00008,0.00000,0.99655
37.80000,3.01194,0.97265,0.00155,0.00005,0.02576
38.00000,3.01194,0.99944,0.00000,0.00047,0.00009
38.20000,3.01194,0.95294,0.00001,0.04529,0.00176
38.40000,3.01194,0.25494,0.00011,0.74203,0.00292
38.60000,3.01194,0.97802,0.00151,0.02029,0.00019
38.80000,3.01194,0.87692,0.03287,0.00004,0.09017
39.00000,3.01194,0.00789,0.00001,0.00000,0.99210
39.20000,3.01194,0.99046,0.00000,0.00000,0.00954
39.40000,3.01194,0.99913,0.00000,0.00049,0.00038
39.60000,3.01194,0.77340,0.00000,0.22636,0.00024
39.80000,3.01194,0.40777,0.00000,0.59148,0.00075
40.00000,3.01194,0.99230,0.00039,0.00715,0.00016
40.20000,3.01194,0.08936,0.00308,0.00033,0.90723
40.40000,3.01194,0.02454,0.00005,0.00000,0.97541
40.60000,3.01194,0.99822,0.00005,0.00022,0.00150
40.80000,3.01194,1.00000,0.00000,0.00000,0.00000
41.00000,3.01194,0.99371,0.00000,0.00586,0.00043
41.20000,3.01194,0.06472,0.00001,0.93497,0.00029
41.40000,3.01194,0.98509,0.00055,0.01368,0.00069
41.60000,3.01194,0.56589,0.01624,0.00031,0.41756
41.80000,3.01194,0.02892,0.00204,0.00004,0.96900
42.00000,3.01194,0.96371,0.02962,0.00082,0.00585
42.20000,3.01194,1.00000,0.00000,0.00000,0.00000
42.40000,3.01194,0.99985,0.00000,0.00011,0.00003
42.60000,3.01194,0.14314,0.00000,0.85385,0.00301
42.80000,3.01194,0.94995,0.00045,0.04939,0.00021
43.00000,3.01194,0.99892,0.00050,0.00044,0.00015
43.20000,3.01194,0.84161,0.02070,0.00003,0.13767
43.40000,3.01194,0.01933,0.00019,0.00001,0.98048
43.60000,3.01194,0.99291,0.00139,0.00041,0.00529
43.80000,3.01194,0.99997,0.00000,0.00002,0.00001
44.00000,3.01194,0.99975,0.00000,0.00024,0.00001
44.20000,3.01194,0.09618,0.00000,0.90301,0.00081
44.40000,3.01194,0.97339,0.00042,0.02614,0.00004
44.60000,3.01194,0.99866,0.00048,0.00002,0.00083
44.80000,3.01194,0.04303,0.00019,0.00000,0.95677
45.00000,3.01194,0.06628,0.00006,0.00007,0.93359
45.20000,3.01194,0.98138,0.00013,0.00822,0.01027
45.40000,3.01194,0.86711,0.00004,0.12883,0.00402
45.60000,3.01194,0.68507,0.00000,0.31046,0.00446
45.80000,3.01194,0.48158,0.02898,0.00041,0.48903
46.00000,3.01194,0.04047,0.00036,0.00004,0.95913
46.20000,3.01194,0.76385,0.04027,0.00165,0.19423
46.40000,3.01194,0.99741,0.00004,0.00170,0.00086
46.60000,3.01194,0.95606,0.00000,0.04390,0.00005
46.80000,3.01194,0.12199,0.00000,0.87777,0.00024
47.00000,3.01194,0.97731,0.01995,0.00023,0.00250
47.20000,3.01194,0.04026,0.00208,0.00001,0.95765
47.40000,3.01194,0.10335,0.00448,0.00000,0.89217
47.60000,3.01194,0.99980,0.00000,0.00002,0.00019
47.80000,3.01194,0.99990,0.00000,0.00007,0.00004
48.00000,3.01194,0.42784,0.00000,0.57106,0.00110
48.20000,3.01194,0.57949,0.00001,0.42043,0.00007
48.40000,3.01194,0.96431,0.01235,0.02036,0.00298
48.60000,3.01194,0.00981,0.00005,0.00001,0.99013
48.80000,3.01194,0.26381,0.01446,0.00002,0.72170
49.00000,3.01194,0.99923,0.00010,0.00005,0.00062
49.20000,3.01194,1.00000,0.00000,0.00000,0.00000
49.40000,3.01194,0.99797,0.00000,0.00171,0.00031
49.60000,3.01194,0.02349,0.00000,0.97639,0.00012
49.80000,3.01194,0.99335,0.00003,0.00650,0.00011
50.00000,3.01194,0.95976,0.01718,0.00003,0.02302
50.20000,3.01194,0.00709,0.00003,0.00000,0.99287
50.40000,3.01194,0.86586,0.03458,0.00044,0.09911
50.60000,3.01194,0.99986,0.00001,0.00006,0.00006
50.80000,3.01194,0.99999,0.00001,0.00000,0.00000
51.00000,3.01194,0.96833,0.00014,0.02565,0.00588
51.20000,3.01194,0.03433,0.00007,0.96546,0.00013
51.40000,3.01194,0.99849,0.00003,0.00143,0.00005
51.60000,3.01194,0.99481,0.00501,0.00000,0.00017
51.80000,3.01194,0.82909,0.00401,0.00000,0.16690
52.00000,3.01194,0.00735,0.00015,0.00000,0.99249
52.20000,3.01194,0.98198,0.00057,0.00000,0.01745
52.40000,3.01194,0.99999,0.00000,0.00000,0.00001
52.60000,3.01194,0.99420,0.00001,0.00476,0.00103
52.80000,3.01194,0.11049,0.00000,0.88946,0.00005
53.00000,3.01194,0.85777,0.00001,0.14205,0.00017
53.20000,3.01194,0.95206,0.01633,0.00011,0.03150
53.40000,3.01194,0.00978,0.00007,0.00000,0.99015
53.60000,3.01194,0.51434,0.00816,0.00000,0.47750
53.80000,3.01194,0.99999,0.00000,0.00000,0.00001
54.00000,3.01194,0.99993,0.00000,0.00003,0.00004
54.20000,3.01194,0.04988,0.00000,0.95006,0.00006
54.40000,3.01194,0.38642,0.00001,0.61353,0.00004
54.60000,3.01194,0.99345,0.00324,0.00087,0.00244
54.80000,3.01194,0.00808,0.00002,0.00000,0.99190
55.00000,3.01194,0.54011,0.00944,0.00001,0.45044
55.20000,3.01194,0.99928,0.00009,0.00022,0.00040
55.40000,3.01194,1.00000,0.00000,0.00000,0.00000
55.60000,3.01194,0.99892,0.00000,0.00099,0.00009
55.80000,3.01194,0.07843,0.00004,0.92075,0.00078
56.00000,3.01194,0.99176,0.00000,0.00812,0.00012
56.20000,3.01194,0.99727,0.00012,0.00000,0.00261
56.40000,3.01194,0.61409,0.00107,0.00000,0.38484
56.60000,3.01194,0.04183,0.00158,0.00000,0.95658
56.80000,3.01194,0.99885,0.00015,0.00000,0.00100
57.00000,3.01194,0.99950,0.00000,0.00014,0.00035
57.20000,3.01194,0.70999,0.00000,0.28980,0.00020
57.40000,3.01194,0.18062,0.00000,0.81936,0.00001
57.60000,3.01194,0.95994,0.00164,0.01422,0.02419
57.80000,3.01194,0.04101,0.00038,0.00000,0.95861
58.00000,3.01194,0.01303,0.00069,0.00000,0.98627
58.20000,3.01194,0.99572,0.00031,0.00148,0.00248
58.40000,3.01194,0.99985,0.00000,0.00014,0.00001
58.60000,3.01194,0.80693,0.00019,0.19017,0.00271
58.80000,3.01194,0.51447,0.00003,0.48487,0.00063
59.00000,3.01194,0.99452,0.00094,0.00040,0.00413
59.20000,3.01194,0.59481,0.00772,0.00001,0.39746
59.40000,3.01194,0.03130,0.00012,0.00000,0.96858
59.60000,3.01194,0.94418,0.00005,0.00025,0.05551
59.80000,3.01194,0.99438,0.00001,0.00084,0.00477
60.00000,3.01194,0.45654,0.00020,0.52478,0.01848
60.20000,3.01194,0.31459,0.00000,0.68536,0.00005
60.40000,3.01194,0.94956,0.00111,0.01453,0.03480
60.60000,3.01194,0.18735,0.00005,0.00001,0.81259
60.80000,3.01194,0.06303,0.00064,0.00006,0.93627
61.00000,3.01194,0.99638,0.00006,0.00001,0.00354
61.20000,3.01194,0.99999,0.00000,0.00000,0.00001
61.40000,3.01193,0.99412,0.00000,0.00562,0.00026
61.60000,3.01194,0.13793,0.00000,0.86200,0.00007
61.80000,3.01194,0.64344,0.00003,0.35639,0.00014
62.00000,3.01194,0.99803,0.00026,0.00125,0.00046
62.20000,3.01194,0.11672,0.00329,0.00013,0.87986
62.40000,3.01193,0.00695,0.00004,0.00000,0.99301
62.60000,3.01194,0.98093,0.00482,0.00181,0.01244
62.80000,3.01194,1.00000,0.00000,0.00000,0.00000
63.00000,3.01194,0.99942,0.00058,0.00000,0.00001
63.20000,3.01194,0.84585,0.00001,0.15344,0.00069
63.40000,3.01193,0.14322,0.00015,0.85588,0.00075
63.60000,3.01194,0.99237,0.00071,0.00659,0.00033
63.80000,3.01194,0.99852,0.00144,0.00000,0.00004
64.00000,3.01194,0.84618,0.00119,0.00000,0.15263
64.20000,3.01194,0.00442,0.00007,0.00000,0.99550
64.40000,3.01193,0.90891,0.00001,0.00006,0.09101
64.60000,3.01194,0.99642,0.00002,0.00053,0.00303
64.80000,3.01193,0.66539,0.00000,0.33135,0.00325
65.00000,3.01194,0.29963,0.00000,0.70020,0.00018
65.20000,3.01194,0.96085,0.00043,0.01014,0.02858
65.40000,3.01193,0.02511,0.00014,0.00002,0.97474
65.60000,3.01194,0.19348,0.00161,0.00005,0.80486
65.80000,3.01193,0.99954,0.00013,0.00005,0.00027
66.00000,3.01194,0.99999,0.00000,0.00001,0.00000
66.20000,3.01194,0.15884,0.00001,0.83769,0.00346
66.40000,3.01193,0.59254,0.00004,0.40721,0.00020
66.60000,3.01194,0.99875,0.00020,0.00012,0.00093
66.80000,3.01193,0.08720,0.00027,0.00000,0.91253
67.00000,3.01194,0.04036,0.00107,0.00000,0.95856
67.20000,3.01194,0.99580,0.00025,0.00019,0.00376
67.40000,3.01193,0.99995,0.00000,0.00003,0.00002
67.60000,3.01194,0.92474,0.00000,0.07502,0.00024
67.80000,3.01193,0.15014,0.00000,0.84984,0.00003
68.00000,3.01194,0.98755,0.00724,0.00379,0.00142
68.20000,3.01194,0.51301,0.00295,0.00001,0.48402
68.40000,3.01193,0.02329,0.00043,0.00000,0.97628
68.60000,3.01194,0.95796,0.00170,0.00007,0.04027
68.80000,3.01193,0.99998,0.00000,0.00000,0.00002
69.00000,3.01194,0.99828,0.00000,0.00069,0.00104
69.20000,3.01194,0.11429,0.00000,0.88566,0.00005
69.40000,3.01193,0.87446,0.00000,0.12549,0.00004
69.60000,3.01194,0.99456,0.00005,0.00386,0.00154
69.80000,3.01193,0.01618,0.00005,0.00001,0.98376
70.00000,3.01194,0.05190,0.00009,0.00001,0.94800
70.20000,3.01194,0.99737,0.00004,0.00091,0.00168
70.40000,3.01193,1.00000,0.00000,0.00000,0.00000
70.60000,3.01194,0.99995,0.00000,0.00003,0.00002
70.80000,3.01193,0.06238,0.00000,0.93742,0.00021
71.00000,3.01194,0.96878,0.00002,0.03106,0.00014
71.20000,3.01194,0.99923,0.00011,0.00001,0.00065
71.40000,3.01193,0.94935,0.00089,0.00000,0.04975
71.60000,3.01194,0.01751,0.00041,0.00000,0.98208
71.80000,3.01193,0.95970,0.00050,0.00001,0.03979
72.00000,3.01194,0.99982,0.00009,0.00001,0.00008
72.20000,3.01194,0.99998,0.00000,0.00000,0.00001
72.40000,3.01193,0.99876,0.00002,0.00121,0.00001
72.60000,3.01194,0.20821,0.00039,0.78956,0.00184
72.80000,3.01193,0.84308,0.00083,0.15544,0.00065
73.00000,3.01194,0.99974,0.00003,0.00008,0.00015
73.20000,3.01194,0.99143,0.00364,0.00000,0.00493
73.40000,3.01193,0.14690,0.00028,0.00000,0.85282
73.60000,3.01194,0.18963,0.00325,0.00002,0.80710
73.80000,3.01193,0.99963,0.00000,0.00000,0.00036
74.00000,3.01194,0.99996,0.00000,0.00001,0.00003
74.20000,3.01194,0.77743,0.00001,0.22072,0.00185
74.40000,3.01193,0.24891,0.00000,0.75107,0.00002
74.60000,3.01194,0.99084,0.00035,0.00834,0.00047
74.80000,3.01193,0.85208,0.00121,0.00003,0.14667
75.00000,3.01194,0.00882,0.00002,0.00001,0.99115
75.20000,3.01194,0.90136,0.00250,0.00014,0.09601
75.40000,3.01193,0.99994,0.00001,0.00001,0.00004
75.60000,3.01194,1.00000,0.00000,0.00000,0.00000
75.80000,3.01193,0.96507,0.00000,0.03457,0.00036
76.00000,3.01194,0.05191,0.00000,0.94806,0.00003
76.20000,3.01194,0.99512,0.00042,0.00407,0.00039
76.40000,3.01193,0.99768,0.00178,0.00002,0.00051
76.60000,3.01194,0.05795,0.00373,0.00005,0.93827
76.80000,3.01193,0.09622,0.00131,0.00002,0.90245
77.00000,3.01194,0.98480,0.00052,0.00163,0.01304
77.20000,3.01194,0.99999,0.00000,0.00001,0.00001
77.40000,3.01193,0.99968,0.00022,0.00008,0.00002
77.60000,3.01194,0.15419,0.00016,0.84317,0.00248
77.80000,3.01193,0.89344,0.00125,0.10453,0.00078
78.00000,3.01194,0.98765,0.01120,0.00014,0.00100
78.20000,3.01194,0.97196,0.01934,0.00006,0.00865
78.40000,3.01193,0.76210,0.00590,0.00083,0.23117
78.60000,3.01194,0.62081,0.00079,0.00095,0.37744
78.80000,3.01193,0.60908,0.00002,0.00008,0.39082
79.00000,3.01194,0.35783,0.00000,0.00064,0.64153
79.20000,3.01194,0.65777,0.00100,0.10768,0.23355
79.40000,3.01193,0.77248,0.00233,0.07579,0.14940
79.60000,3.01194,0.37116,0.00007,0.00018,0.62859
79.80000,3.01193,0.22731,0.00341,0.00043,0.76885
80.00000,3.01194,0.82485,0.00002,0.00003,0.17510
80.20000,3.01194,0.99950,0.00000,0.00001,0.00048
80.40000,3.01193,0.99981,0.00000,0.00007,0.00012
80.60000,3.01194,0.99981,0.00000,0.00017,0.00001
80.80000,3.01193,0.98496,0.00030,0.01441,0.00033
81.00000,3.01194,0.01830,0.00000,0.98152,0.00018
81.20000,3.01194,0.99457,0.00087,0.00400,0.00055
81.40000,3.01193,0.99989,0.00002,0.00001,0.00008
81.60000,3.01194,0.95995,0.00057,0.00000,0.03948
81.80000,3.01193,0.04950,0.00047,0.00002,0.95001
82.00000,3.01194,0.91894,0.00021,0.00003,0.08083
82.20000,3.01194,0.99994,0.00000,0.00000,0.00006
82.40000,3.01193,0.99982,0.00003,0.00003,0.00012
82.60000,3.01194,0.99992,0.00000,0.00008,0.00000
82.80000,3.01193,0.99774,0.00027,0.00185,0.00014
83.00000,3.01194,0.03089,0.00000,0.96867,0.00044
83.20000,3.01194,0.99357,0.00018,0.00576,0.00049
83.40000,3.01193,0.99956,0.00021,0.00001,0.00021
83.60000,3.01194,0.99191,0.00046,0.00000,0.00763
83.80000,3.01193,0.02659,0.00015,0.00000,0.97325
84.00000,3.01194,0.72345,0.00177,0.00007,0.27472
84.20000,3.01194,0.99985,0.00002,0.00000,0.00013
84.40000,3.01193,0.99983,0.00010,0.00002,0.00004
84.60000,3.01194,0.99987,0.00000,0.00013,0.00000
84.80000,3.01193,0.48452,0.00034,0.51487,0.00027
85.00000,3.01194,0.25812,0.00080,0.73787,0.00320
85.20000,3.01194,0.99940,0.00000,0.00004,0.00056
85.40000,3.01193,0.98891,0.00181,0.00004,0.00924
85.60000,3.01194,0.97451,0.00049,0.00012,0.02489
85.80000,3.01193,0.43735,0.00179,0.00004,0.56081
86.00000,3.01194,0.31406,0.00044,0.00164,0.68386
86.20000,3.01194,0.90091,0.00029,0.00004,0.09876
86.40000,3.01193,0.99869,0.00000,0.00001,0.00130
86.60000,3.01194,0.99654,0.00007,0.00147,0.00191
86.80000,3.01193,0.99967,0.00000,0.00028,0.00005
87.00000,3.01194,0.99536,0.00215,0.00245,0.00004
87.20000,3.01194,0.04166,0.00005,0.95809,0.00019
87.40000,3.01193,0.87451,0.00407,0.11946,0.00196
87.60000,3.01194,0.99882,0.00013,0.00004,0.00101
87.80000,3.01193,0.99917,0.00023,0.00009,0.00051
88.00000,3.01194,0.97315,0.00034,0.00016,0.02635
88.20000,3.01194,0.25557,0.00039,0.00005,0.74399
88.40000,3.01193,0.21522,0.00010,0.00007,0.78461
88.60000,3.01194,0.87748,0.00213,0.00003,0.12035
88.80000,3.01193,0.99797,0.00002,0.00002,0.00199
89.00000,3.01194,0.99853,0.00001,0.00082,0.00065
89.20000,3.01194,0.99885,0.00001,0.00098,0.00017
89.40000,3.01193,0.96802,0.00398,0.02722,0.00079
89.60000,3.01194,0.23960,0.00425,0.75296,0.00319
89.80000,3.01193,0.86481,0.00037,0.13258,0.00224
90.00000,3.01194,0.99938,0.00008,0.00007,0.00047
90.20000,3.01194,0.99890,0.00006,0.00012,0.00093
90.40000,3.01193,0.65078,0.00340,0.00001,0.34582
90.60000,3.01194,0.16688,0.00009,0.00003,0.83300
90.80000,3.01193,0.44255,0.00071,0.00002,0.55672
91.00000,3.01194,0.99784,0.00005,0.00001,0.00210
91.20000,3.01194,0.99971,0.00002,0.00006,0.00021
91.40000,3.01193,0.99963,0.00004,0.00024,0.00008
91.60000,3.01194,0.99285,0.00062,0.00641,0.00012
91.80000,3.01193,0.33972,0.00407,0.65389,0.00232
92.00000,3.01194,0.19374,0.00221,0.80310,0.00096
92.20000,3.01194,0.99683,0.00077,0.00222,0.00019
92.40000,3.01193,0.99977,0.00012,0.00000,0.00010
92.60000,3.01194,0.96109,0.00000,0.00000,0.03891
92.80000,3.01193,0.35116,0.00003,0.00015,0.64866
93.00000,3.01194,0.73046,0.00012,0.01502,0.25440
93.20000,3.01194,0.40446,0.00018,0.00006,0.59530
93.40000,3.01193,0.48374,0.00106,0.02583,0.48937
93.60000,3.01194,0.97519,0.00006,0.00019,0.02457
93.80000,3.01193,0.98979,0.00001,0.00015,0.01005
94.00000,3.01194,0.99504,0.00008,0.00090,0.00397
94.20000,3.01194,0.99969,0.00000,0.00020,0.00011
94.40000,3.01193,0.99742,0.00145,0.00108,0.00005
94.60000,3.01194,0.38777,0.00059,0.61117,0.00048
94.80000,3.01193,0.19830,0.00213,0.79856,0.00101
95.00000,3.01194,0.99871,0.00000,0.00101,0.00028
95.20000,3.01194,0.99988,0.00005,0.00001,0.00005
95.40000,3.01193,0.99227,0.00180,0.00000,0.00593
95.60000,3.01194,0.20796,0.00014,0.00000,0.79189
95.80000,3.01193,0.13868,0.00056,0.00034,0.86042
96.00000,3.01194,0.99573,0.00008,0.00000,0.00419
96.20000,3.01194,0.99952,0.00004,0.00001,0.00043
96.40000,3.01193,0.99975,0.00005,0.00016,0.00004
96.60000,3.01194,0.99992,0.00001,0.00001,0.00006
96.80000,3.01193,0.99122,0.00003,0.00812,0.00064
97.00000,3.01194,0.30203,0.00525,0.69039,0.00233
97.20000,3.01194,0.98199,0.00036,0.01551,0.00214
97.40000,3.01193,0.99967,0.00006,0.00015,0.00011
97.60000,3.01194,0.99891,0.00065,0.00000,0.00044
97.80000,3.01193,0.01212,0.00003,0.00000,0.98785
98.00000,3.01194,0.76217,0.00447,0.00004,0.23332
98.20000,3.01194,0.99972,0.00004,0.00006,0.00018
98.40000,3.01193,1.00000,0.00000,0.00000,0.00000
98.60000,3.01194,0.99510,0.00030,0.00431,0.00029
98.80000,3.01193,0.05447,0.00011,0.94523,0.00019
99.00000,3.01194,0.98230,0.00520,0.00991,0.00259
99.20000,3.01194,0.99860,0.00047,0.00015,0.00079
99.40000,3.01193,0.99569,0.00043,0.00001,0.00387
99.60000,3.01194,0.92728,0.00059,0.00001,0.07212
99.80000,3.01193,0.21985,0.00021,0.00027,0.77967
100.00000,3.01194,0.59289,0.00136,0.00089,0.40486
100.20000,3.01194,0.99660,0.00002,0.00001,0.00337
100.40000,3.01193,0.99774,0.00002,0.00029,0.00195
100.60000,3.01194,0.99987,0.00000,0.00012,0.00001
100.80000,3.01193,0.99861,0.00003,0.00133,0.00003
101.00000,3.01194,0.69690,0.00089,0.30143,0.00079
101.20000,3.01194,0.21137,0.00008,0.78791,0.00064
101.40000,3.01193,0.99652,0.00018,0.00283,0.00047
101.60000,3.01194,0.99966,0.00011,0.00001,0.00021
101.80000,3.01193,0.96589,0.00103,0.00000,0.03307
102.00000,3.01194,0.25941,0.00017,0.00006,0.74036
102.20000,3.01194,0.45275,0.00020,0.00034,0.54672
102.40000,3.01193,0.99729,0.00000,0.00000,0.00271
102.60000,3.01194,0.99698,0.00004,0.00015,0.00284
102.80000,3.01193,0.99960,0.00001,0.00036,0.00003
103.00000,3.01194,0.99985,0.00006,0.00002,0.00007
103.20000,3.01194,0.84388,0.00000,0.15534,0.00078
103.40000,3.01193,0.28841,0.00354,0.70493,0.00313
103.60000,3.01194,0.99842,0.00007,0.00119,0.00033
103.80000,3.01193,0.99858,0.00117,0.00001,0.00024
104.00000,3.01194,0.98704,0.00335,0.00000,0.00961
104.20000,3.01194,0.00927,0.00002,0.00001,0.99070
104.40000,3.01193,0.98487,0.00022,0.00002,0.01488
104.60000,3.01194,0.99974,0.00015,0.00006,0.00005
104.80000,3.01193,1.00000,0.00000,0.00000,0.00000
105.00000,3.01194,0.99689,0.00116,0.00186,0.00009
105.20000,3.01194,0.09090,0.00001,0.90861,0.00048
105.40000,3.01193,0.88769,0.01819,0.09059,0.00354
105.60000,3.01194,0.99906,0.00003,0.00078,0.00013
105.80000,3.01193,0.99751,0.00218,0.00000,0.00031
106.00000,3.01194,0.69791,0.00028,0.00002,0.30179
106.20000,3.01194,0.04896,0.00096,0.00002,0.95006
106.40000,3.01193,0.99672,0.00007,0.00001,0.00320
106.60000,3.01194,0.99996,0.00001,0.00000,0.00003
106.80000,3.01193,0.99987,0.00000,0.00005,0.00008
107.00000,3.01194,0.98953,0.00001,0.01041,0.00005
107.20000,3.01194,0.21916,0.00001,0.78017,0.00066
107.40000,3.01193,0.99383,0.00018,0.00570,0.00028
107.60000,3.01194,0.99564,0.00005,0.00001,0.00431
107.80000,3.01193,0.02986,0.00008,0.00001,0.97005
108.00000,3.01194,0.12139,0.00598,0.00005,0.87258
108.20000,3.01194,0.99639,0.00034,0.00029,0.00298
108.40000,3.01193,0.99999,0.00000,0.00000,0.00001
108.60000,3.01194,0.99974,0.00019,0.00002,0.00006
108.80000,3.01193,0.94640,0.00089,0.05127,0.00144
109.00000,3.01194,0.11997,0.00001,0.87768,0.00233
109.20000,3.01194,0.98092,0.00338,0.01212,0.00357
109.40000,3.01193,0.99981,0.00000,0.00018,0.00001
109.60000,3.01194,0.99912,0.00046,0.00000,0.00042
109.80000,3.01193,0.86456,0.00041,0.00010,0.13493
110.00000,3.01194,0.07615,0.00060,0.00003,0.92323
110.20000,3.01194,0.99711,0.00002,0.00002,0.00285
110.40000,3.01193,0.99992,0.00000,0.00001,0.00007
110.60000,3.01194,0.99997,0.00000,0.00002,0.00001
110.80000,3.01193,0.99892,0.00046,0.00061,0.00002
111.00000,3.01194,0.38685,0.00020,0.61116,0.00179
111.20000,3.01194,0.35617,0.00050,0.64073,0.00260
111.40000,3.01193,0.99843,0.00009,0.00127,0.00022
111.60000,3.01194,0.99922,0.00059,0.00000,0.00018
111.80000,3.01193,0.71587,0.00090,0.00000,0.28323
112.00000,3.01194,0.02189,0.00012,0.00001,0.97798
112.20000,3.01194,0.97108,0.00016,0.00009,0.02867
112.40000,3.01193,0.99994,0.00001,0.00001,0.00005
112.60000,3.01194,0.99979,0.00004,0.00005,0.00012
112.80000,3.01193,0.99868,0.00025,0.00102,0.00006
113.00000,3.01194,0.64658,0.01259,0.33292,0.00792
113.20000,3.01194,0.21811,0.00150,0.77907,0.00132
113.40000,3.01193,0.99731,0.00060,0.00182,0.00028
113.60000,3.01194,0.99984,0.00007,0.00001,0.00009
113.80000,3.01193,0.97887,0.00571,0.00002,0.01539
114.00000,3.01194,0.07650,0.00013,0.00000,0.92337
114.20000,3.01194,0.52281,0.00019,0.00001,0.47699
114.40000,3.01193,0.99805,0.00000,0.00004,0.00190
114.60000,3.01194,0.99691,0.00001,0.00122,0.00185
114.80000,3.01193,0.89123,0.00000,0.10861,0.00016
115.00000,3.01194,0.50197,0.00000,0.49781,0.00021
115.20000,3.01194,0.98545,0.00190,0.00252,0.01012
115.40000,3.01193,0.47566,0.00064,0.00004,0.52366
115.60000,3.01194,0.16589,0.00016,0.00009,0.83387
115.80000,3.01193,0.81050,0.00036,0.00070,0.18844
116.00000,3.01194,0.99948,0.00001,0.00000,0.00051
116.20000,3.01194,0.99882,0.00003,0.00015,0.00100
116.40000,3.01193,0.99383,0.00004,0.00603,0.00011
116.60000,3.01194,0.85703,0.02870,0.11400,0.00027
116.80000,3.01193,0.56412,0.00158,0.43037,0.00393
117.00000,3.01194,0.97402,0.01979,0.00322,0.00297
117.20000,3.01194,0.97982,0.00436,0.00025,0.01557
117.40000,3.01193,0.97805,0.00184,0.00026,0.01985
117.60000,3.01194,0.94232,0.00020,0.00036,0.05711
117.80000,3.01193,0.76539,0.00012,0.00105,0.23344
118.00000,3.01194,0.72784,0.00021,0.01151,0.26044
118.20000,3.01194,0.77307,0.00102,0.00616,0.21975
118.40000,3.01193,0.45290,0.00009,0.00041,0.54659
118.60000,3.01194,0.82299,0.00000,0.00070,0.17632
118.80000,3.01193,0.70200,0.00024,0.02666,0.27110
119.00000,3.01194,0.87621,0.00002,0.03278,0.09098
119.20000,3.01194,0.38947,0.00001,0.00022,0.61030
119.40000,3.01193,0.42197,0.00006,0.00210,0.57588
119.60000,3.01194,0.87478,0.00001,0.00009,0.12511
119.80000,3.01193,0.99813,0.00000,0.00009,0.00178
120.00000,3.01194,0.99859,0.00000,0.00116,0.00025
120.20000,3.01194,0.99969,0.00001,0.00027,0.00002
120.40000,3.01193,0.98602,0.00069,0.01318,0.00011
120.60000,3.01194,0.05313,0.00010,0.94669,0.00007
120.80000,3.01193,0.72014,0.00115,0.27789,0.00082
121.00000,3.01194,0.99697,0.00048,0.00232,0.00023
121.20000,3.01194,0.99770,0.00183,0.00003,0.00043
121.40000,3.01193,0.99090,0.00306,0.00004,0.00600
121.60000,3.01194,0.88553,0.00071,0.00136,0.11240
121.80000,3.01193,0.71036,0.00001,0.00160,0.28802
122.00000,3.01194,0.73181,0.00001,0.00031,0.26787
122.20000,3.01194,0.54792,0.00001,0.00275,0.44932
122.40000,3.01193,0.76777,0.00629,0.00711,0.21883
122.60000,3.01194,0.69800,0.00214,0.00130,0.29855
122.80000,3.01193,0.34616,0.00005,0.00021,0.65358
123.00000,3.01194,0.94215,0.00000,0.00014,0.05771
123.20000,3.01194,0.99528,0.00001,0.00006,0.00465
123.40000,3.01193,0.99947,0.00000,0.00026,0.00028
123.60000,3.01194,0.99312,0.00003,0.00675,0.00009
123.80000,3.01193,0.29742,0.00029,0.70158,0.00071
124.00000,3.01194,0.87458,0.00179,0.12320,0.00043
124.20000,3.01194,0.99746,0.00197,0.00035,0.00022
124.40000,3.01193,0.99525,0.00174,0.00003,0.00297
124.60000,3.01194,0.93058,0.00006,0.00011,0.06926
124.80000,3.01193,0.24605,0.00005,0.00031,0.75359
125.00000,3.01193,0.37159,0.00008,0.00009,0.62823
125.20000,3.01195,0.79401,0.00010,0.00002,0.20586
125.40000,3.01194,0.98714,0.00006,0.00007,0.01273
125.60000,3.01194,0.99951,0.00001,0.00028,0.00021
125.80000,3.01193,0.99768,0.00008,0.00211,0.00013
126.00000,3.01193,0.99433,0.00000,0.00493,0.00073
126.20000,3.01195,0.47703,0.00226,0.51829,0.00242
126.40000,3.01194,0.13662,0.00005,0.86172,0.00161
126.60000,3.01194,0.99731,0.00010,0.00217,0.00042
126.80000,3.01193,0.99963,0.00001,0.00034,0.00003
127.00000,3.01193,0.98427,0.00273,0.00000,0.01300
127.20000,3.01195,0.92664,0.00031,0.00010,0.07295
127.40000,3.01194,0.09551,0.00226,0.00011,0.90212
127.60000,3.01194,0.99841,0.00002,0.00001,0.00156
127.80000,3.01193,0.99930,0.00002,0.00001,0.00067
128.00000,3.01193,0.99911,0.00000,0.00086,0.00003
128.20000,3.01195,0.99929,0.00056,0.00013,0.00001
128.39999,3.01195,0.96532,0.00076,0.02760,0.00631
128.60001,3.01193,0.15644,0.00199,0.84042,0.00115
128.80000,3.01193,0.74061,0.00826,0.24664,0.00449
129.00000,3.01193,0.98714,0.00825,0.00420,0.00042
129.20000,3.01195,0.99945,0.00012,0.00022,0.00021
129.39999,3.01195,0.99847,0.00022,0.00001,0.00130
129.60001,3.01193,0.98406,0.00022,0.00010,0.01562
129.80000,3.01193,0.11086,0.00089,0.00002,0.88823
130.00000,3.01193,0.24290,0.00038,0.00024,0.75649
130.20000,3.01195,0.97759,0.00031,0.00015,0.02195
130.39999,3.01195,0.99484,0.00009,0.00019,0.00489
130.60001,3.01193,0.99511,0.00010,0.00040,0.00439
130.80000,3.01193,0.99691,0.00004,0.00248,0.00057
131.00000,3.01193,0.99637,0.00115,0.00181,0.00067
131.20000,3.01195,0.81840,0.00044,0.17970,0.00147
131.39999,3.01195,0.09165,0.00372,0.90375,0.00088
131.60001,3.01193,0.94671,0.01975,0.03242,0.00112
131.80000,3.01193,0.99771,0.00078,0.00141,0.00010
132.00000,3.01193,0.99977,0.00004,0.00001,0.00018
132.20000,3.01195,0.98869,0.00048,0.00009,0.01074
132.39999,3.01195,0.34930,0.00037,0.00063,0.64970
132.60001,3.01193,0.25789,0.00153,0.00068,0.73990
132.80000,3.01193,0.78006,0.00035,0.00012,0.21947
133.00000,3.01193,0.97311,0.00080,0.00035,0.02574
133.20000,3.01195,0.99379,0.00003,0.00021,0.00596
133.39999,3.01195,0.99035,0.00015,0.00590,0.00359
133.60001,3.01193,0.99450,0.00035,0.00360,0.00155
133.80000,3.01193,0.98645,0.00002,0.01178,0.00174
134.00000,3.01193,0.47218,0.00399,0.52218,0.00166
134.20000,3.01195,0.38674,0.02206,0.58826,0.00295
134.39999,3.01195,0.99266,0.00404,0.00300,0.00030
134.60001,3.01193,0.99950,0.00004,0.00033,0.00012
134.80000,3.01193,0.99744,0.00085,0.00003,0.00169
135.00000,3.01193,0.75672,0.00009,0.00014,0.24304
135.20000,3.01195,0.07393,0.00012,0.00002,0.92593
135.39999,3.01195,0.95626,0.00014,0.00011,0.04349
135.60001,3.01193,0.99988,0.00000,0.00002,0.00010
135.80000,3.01193,0.99978,0.00002,0.00009,0.00012
136.00000,3.01193,0.99701,0.00031,0.00251,0.00017
136.20000,3.01195,0.78389,0.00511,0.20925,0.00175
136.39999,3.01195,0.38534,0.00321,0.60936,0.00209
136.60001,3.01193,0.99675,0.00011,0.00286,0.00027
136.80000,3.01193,0.99975,0.00005,0.00007,0.00012
137.00000,3.01193,0.99515,0.00004,0.00002,0.00478
137.20000,3.01195,0.41949,0.00017,0.00001,0.58033
137.39999,3.01195,0.12250,0.00009,0.00007,0.87734
137.60001,3.01193,0.98761,0.00025,0.00002,0.01212
137.80000,3.01193,0.99975,0.00000,0.00001,0.00024
138.00000,3.01193,0.99778,0.00001,0.00168,0.00052
138.20000,3.01195,0.99746,0.00001,0.00249,0.00004
138.39999,3.01195,0.93348,0.05543,0.00942,0.00167
138.60001,3.01193,0.82637,0.00194,0.14779,0.02389
138.80000,3.01193,0.29509,0.03052,0.67290,0.00149
139.00000,3.01193,0.74543,0.00515,0.24430,0.00512
139.20000,3.01195,0.99721,0.00079,0.00148,0.00052
139.39999,3.01195,0.99896,0.00009,0.00057,0.00038
139.60001,3.01193,0.99713,0.00062,0.00007,0.00218
139.80000,3.01193,0.91445,0.00068,0.00010,0.08476
140.00000,3.01193,0.09456,0.00012,0.00001,0.90532
140.20000,3.01195,0.88870,0.00035,0.00004,0.11091
140.39999,3.01195,0.99599,0.00002,0.00000,0.00399
140.60001,3.01193,0.99975,0.00000,0.00020,0.00005
140.80000,3.01193,0.99980,0.00007,0.00010,0.00003
141.00000,3.01193,0.99651,0.00112,0.00197,0.00040
141.20000,3.01195,0.18497,0.00220,0.81235,0.00048
141.39999,3.01195,0.47519,0.02253,0.49970,0.00259
141.60001,3.01193,0.99821,0.00059,0.00104,0.00016
141.80000,3.01193,0.99981,0.00002,0.00013,0.00004
142.00000,3.01193,0.99531,0.00064,0.00002,0.00403
142.20000,3.01195,0.75649,0.00024,0.00004,0.24322
142.39999,3.01195,0.14984,0.00026,0.00023,0.84967
142.60001,3.01193,0.98626,0.00015,0.00004,0.01355
142.80000,3.01193,0.99947,0.00000,0.00000,0.00053
143.00000,3.01193,0.99846,0.00002,0.00067,0.00085
143.20000,3.01195,0.99951,0.00015,0.00034,0.00001
143.39999,3.01195,0.92096,0.06492,0.01281,0.00130
143.60001,3.01193,0.55962,0.01114,0.42523,0.00401
143.80000,3.01193,0.36025,0.03217,0.60358,0.00400
144.00000,3.01193,0.98412,0.00228,0.01286,0.00074
144.20000,3.01195,0.99874,0.00055,0.00035,0.00037
144.39999,3.01195,0.99698,0.00151,0.00001,0.00150
144.60001,3.01193,0.78907,0.00081,0.00016,0.20996
144.80000,3.01193,0.06419,0.00022,0.00003,0.93556
145.00000,3.01193,0.87568,0.00129,0.00012,0.12291
145.20000,3.01195,0.99928,0.00003,0.00010,0.00060
145.39999,3.01195,0.99992,0.00004,0.00003,0.00001
145.60001,3.01193,0.99967,0.00007,0.00021,0.00005
145.80000,3.01193,0.62937,0.02384,0.33033,0.01646
146.00000,3.01193,0.19989,0.00421,0.79423,0.00167
146.20000,3.01195,0.99407,0.00132,0.00407,0.00054
146.39999,3.01195,0.99862,0.00090,0.00027,0.00022
146.60001,3.01193,0.99695,0.00155,0.00001,0.00150
146.80000,3.01193,0.82471,0.00135,0.00044,0.17350
147.00000,3.01193,0.09012,0.00011,0.00002,0.90975
147.20000,3.01195,0.93848,0.00026,0.00014,0.06112
147.39999,3.01195,0.99930,0.00001,0.00002,0.00068
147.60001,3.01193,0.99979,0.00005,0.00007,0.00009
147.80000,3.01193,0.99988,0.00004,0.00006,0.00002
148.00000,3.01193,0.96108,0.00482,0.03317,0.00092
148.20000,3.01195,0.13694,0.00065,0.86208,0.00033
148.39999,3.01195,0.92881,0.02462,0.04573,0.00084
148.60001,3.01193,0.99956,0.00001,0.00027,0.00016
148.80000,3.01193,0.99928,0.00006,0.00001,0.00064
149.00000,3.01193,0.98154,0.00006,0.00003,0.01837
149.20000,3.01195,0.10993,0.00017,0.00001,0.88989
149.39999,3.01195,0.27257,0.00040,0.00177,0.72526
149.60001,3.01193,0.98967,0.00004,0.00002,0.01028
149.80000,3.01193,0.99847,0.00000,0.00005,0.00147
150.00000,3.01193,0.99908,0.00000,0.00079,0.00013
150.20000,3.01195,0.99940,0.00000,0.00055,0.00005
150.39999,3.01195,0.99435,0.00237,0.00278,0.00050
150.60001,3.01193,0.11821,0.00019,0.88120,0.00040
150.80000,3.01193,0.20109,0.00322,0.79492,0.00077
151.00000,3.01193,0.99694,0.00204,0.00090,0.00013
151.20000,3.01195,0.99988,0.00002,0.00006,0.00005
151.39999,3.01195,0.99495,0.00036,0.00025,0.00444
151.60001,3.01193,0.77385,0.00073,0.00018,0.22524
151.80000,3.01193,0.20544,0.00012,0.00009,0.79435
152.00000,3.01193,0.80320,0.00010,0.00001,0.19669
152.20000,3.01195,0.99145,0.00002,0.00000,0.00853
152.39999,3.01195,0.99947,0.00000,0.00034,0.00019
152.60001,3.01193,0.63262,0.00001,0.36438,0.00298
152.80000,3.01193,0.19558,0.00001,0.80437,0.00004
153.00000,3.01193,0.99459,0.00001,0.00019,0.00522
153.20000,3.01195,0.10682,0.00019,0.00036,0.89263
153.39999,3.01195,0.03842,0.00031,0.00006,0.96121
153.60001,3.01193,0.99534,0.00004,0.00026,0.00436
153.80000,3.01193,0.99996,0.00000,0.00001,0.00003
154.00000,3.01193,0.99998,0.00000,0.00001,0.00000
154.20000,3.01195,0.95217,0.00004,0.04767,0.00013
154.39999,3.01195,0.20153,0.00012,0.78041,0.01794
154.60001,3.01193,0.98950,0.00010,0.00958,0.00082
154.80000,3.01193,0.99399,0.00518,0.00007,0.00076
155.00000,3.01193,0.04900,0.00309,0.00009,0.94783
155.20000,3.01195,0.15781,0.00763,0.00010,0.83446
155.39999,3.01195,0.99648,0.00154,0.00095,0.00103
155.60001,3.01193,0.99996,0.00000,0.00003,0.00001
155.80000,3.01193,0.99899,0.00016,0.00062,0.00023
156.00000,3.01193,0.04948,0.00000,0.95001,0.00051
156.20000,3.01195,0.98890,0.00018,0.01079,0.00013
156.39999,3.01195,0.99270,0.00542,0.00020,0.00169
156.60001,3.01193,0.56682,0.00420,0.00000,0.42898
156.80000,3.01193,0.03250,0.00025,0.00000,0.96724
157.00000,3.01193,0.94278,0.00020,0.00168,0.05533
157.20000,3.01195,0.99777,0.00000,0.00063,0.00160
157.39999,3.01195,0.70503,0.00001,0.28732,0.00764
157.60001,3.01193,0.48887,0.00014,0.51056,0.00043
157.80000,3.01193,0.84666,0.02521,0.00025,0.12788
158.00000,3.01193,0.05614,0.00066,0.00000,0.94319
158.20000,3.01195,0.14357,0.00049,0.00215,0.85380
158.39999,3.01195,0.81805,0.00021,0.09032,0.09142
158.60001,3.01193,0.90746,0.00003,0.08971,0.00280
158.80000,3.01193,0.28728,0.00000,0.71186,0.00085
159.00000,3.01193,0.43289,0.01453,0.00469,0.54790
159.20000,3.01195,0.06888,0.00091,0.00018,0.93003
159.39999,3.01195,0.69165,0.00766,0.04274,0.25795
159.60001,3.01193,0.99932,0.00000,0.00040,0.00028
159.80000,3.01193,0.99996,0.00002,0.00001,0.00001
160.00000,3.01193,0.82621,0.00010,0.16563,0.00806
160.20000,3.01195,0.25881,0.00340,0.73613,0.00166
160.39999,3.01195,0.77371,0.01747,0.20455,0.00427
160.60001,3.01193,0.99852,0.00095,0.00042,0.00011
160.80000,3.01193,0.99844,0.00122,0.00022,0.00011
161.00000,3.01193,0.94801,0.00035,0.00003,0.05161
161.20000,3.01195,0.21155,0.00842,0.00036,0.77968
161.39999,3.01195,0.86935,0.00018,0.00775,0.12271
161.60001,3.01193,0.95582,0.00079,0.02234,0.02105
161.80000,3.01193,0.41807,0.00003,0.58051,0.00139
162.00000,3.01193,0.92029,0.00010,0.07425,0.00536
162.20000,3.01195,0.40273,0.00067,0.00005,0.59656
162.39999,3.01195,0.04210,0.00053,0.00003,0.95734
162.60001,3.01193,0.95964,0.00001,0.00001,0.04033
162.80000,3.01193,0.99960,0.00000,0.00010,0.00030
163.00000,3.01193,0.99803,0.00000,0.00157,0.00040
163.20000,3.01195,0.14691,0.00001,0.85278,0.00030
163.39999,3.01195,0.73209,0.00000,0.26780,0.00011
163.60001,3.01193,0.88940,0.00768,0.00072,0.10220
163.80000,3.01193,0.00834,0.00001,0.00001,0.99165
164.00000,3.01193,0.88561,0.00476,0.00222,0.10741
164.20000,3.01195,0.99939,0.00000,0.00039,0.00022
164.39999,3.01195,0.99996,0.00004,0.00000,0.00000
164.60001,3.01193,0.99185,0.00002,0.00675,0.00139
164.80000,3.01193,0.05302,0.00099,0.94545,0.00053
165.00000,3.01193,0.99441,0.00070,0.00476,0.00013
165.20000,3.01195,0.99884,0.00100,0.00003,0.00013
165.39999,3.01195,0.98334,0.00228,0.00000,0.01438
165.60001,3.01193,0.06692,0.00019,0.00000,0.93289
165.80000,3.01193,0.35501,0.00040,0.00092,0.64367
166.00000,3.01193,0.97632,0.00021,0.00375,0.01972
166.20000,3.01195,0.77975,0.00013,0.20830,0.01182
166.39999,3.01195,0.29278,0.00001,0.70622,0.00098
166.60001,3.01193,0.96404,0.00021,0.00244,0.03332
166.80000,3.01193,0.18199,0.00165,0.00001,0.81635
167.00000,3.01193,0.08106,0.00470,0.00021,0.91403
167.20000,3.01195,0.99836,0.00002,0.00041,0.00121
167.39999,3.01195,0.97220,0.00005,0.02523,0.00253
167.60001,3.01193,0.13812,0.00000,0.86164,0.00024
167.80000,3.01193,0.97947,0.00133,0.01855,0.00065
168.00000,3.01193,0.63754,0.01130,0.00012,0.35104
168.20000,3.01195,0.01023,0.00013,0.00000,0.98964
168.39999,3.01195,0.79701,0.01368,0.00086,0.18846
168.60001,3.01193,0.99965,0.00001,0.00010,0.00024
168.80000,3.01193,0.97118,0.00000,0.02819,0.00063
169.00000,3.01193,0.20626,0.00000,0.79361,0.00013
169.20000,3.01195,0.95097,0.00021,0.04845,0.00037
169.39999,3.01195,0.23279,0.00163,0.00004,0.76554
169.60001,3.01193,0.00750,0.00014,0.00000,0.99235
169.80000,3.01193,0.89633,0.00126,0.00274,0.09967
170.00000,3.01193,0.99959,0.00001,0.00015,0.00024
170.20000,3.01195,0.78425,0.00002,0.21430,0.00143
170.39999,3.01195,0.27086,0.00000,0.72890,0.00024
170.60001,3.01193,0.97056,0.01189,0.00077,0.01679
170.80000,3.01193,0.01622,0.00007,0.00001,0.98370
171.00000,3.01193,0.38925,0.02065,0.00206,0.58804
171.20000,3.01195,0.99654,0.00009,0.00247,0.00090
171.39999,3.01195,0.99806,0.00001,0.00191,0.00002
171.60001,3.01193,0.29221,0.00016,0.70680,0.00084
171.80000,3.01193,0.55521,0.41844,0.00980,0.01655
172.00000,3.01193,0.54638,0.01587,0.00002,0.43774
172.20000,3.01195,0.07812,0.00035,0.00031,0.92122
172.39999,3.01195,0.51895,0.00214,0.13365,0.34526
172.60001,3.01193,0.95559,0.00029,0.02879,0.01534
172.80000,3.01193,0.67674,0.00003,0.29315,0.03008
173.00000,3.01193,0.53038,0.00042,0.00136,0.46785
173.20000,3.01195,0.13599,0.00046,0.00001,0.86354
173.39999,3.01195,0.75563,0.00125,0.00132,0.24180
173.60001,3.01193,0.99928,0.00000,0.00026,0.00046
173.80000,3.01193,0.90891,0.00000,0.08925,0.00184
174.00000,3.01193,0.15369,0.00000,0.84626,0.00005
174.20000,3.01195,0.99693,0.00013,0.00062,0.00232
174.39999,3.01195,0.09805,0.00762,0.00026,0.89408
174.60001,3.01193,0.05288,0.00142,0.00001,0.94570
174.80000,3.01193,0.99549,0.00194,0.00115,0.00142
175.00000,3.01193,0.99962,0.00001,0.00027,0.00010
175.20000,3.01195,0.93208,0.00016,0.06748,0.00028
175.39999,3.01195,0.27830,0.00007,0.72149,0.00015
175.60001,3.01193,0.98273,0.01334,0.00065,0.00328
175.80000,3.01193,0.26172,0.00054,0.00000,0.73774
176.00000,3.01193,0.04848,0.00053,0.00000,0.95099
176.20000,3.01195,0.99005,0.00000,0.00003,0.00992
176.39999,3.01195,0.98586,0.00052,0.00184,0.01178
176.60001,3.01193,0.26255,0.00003,0.73571,0.00171
176.80000,3.01193,0.44766,0.00000,0.55222,0.00011
177.00000,3.01193,0.68082,0.02952,0.00275,0.28691
177.20000,3.01195,0.02823,0.00087,0.00001,0.97088
177.39999,3.01195,0.80737,0.04660,0.00338,0.14265
177.60001,3.01193,0.99963,0.00004,0.00015,0.00017
177.80000,3.01193,0.99980,0.00011,0.00007,0.00002
178.00000,3.01193,0.25529,0.00164,0.72663,0.01645
178.20000,3.01195,0.88403,0.01621,0.09932,0.00043
178.39999,3.01195,0.92897,0.06956,0.00000,0.00146
178.60001,3.01193,0.63482,0.00212,0.00000,0.36306
178.80000,3.01193,0.13068,0.00077,0.00056,0.86798
179.00000,3.01193,0.39124,0.00231,0.19054,0.41591
179.20000,3.01195,0.87537,0.00040,0.10859,0.01565
179.39999,3.01195,0.85857,0.00192,0.08683,0.05269
179.60001,3.01193,0.28018,0.00240,0.00014,0.71728
179.80000,3.01193,0.34568,0.00669,0.00007,0.64756
180.00000,3.01193,0.99290,0.00038,0.00098,0.00574
180.20000,3.01195,0.99987,0.00000,0.00008,0.00005
180.39999,3.01195,0.92401,0.00005,0.07491,0.00103
180.60001,3.01193,0.08074,0.00005,0.91918,0.00004
180.80000,3.01193,0.98189,0.00912,0.00047,0.00853
181.00000,3.01193,0.68926,0.02391,0.00008,0.28675
181.20000,3.01195,0.08867,0.00424,0.00029,0.90680
181.39999,3.01195,0.67127,0.00312,0.11944,0.20617
181.60001,3.01193,0.96786,0.00200,0.02308,0.00707
181.80000,3.01193,0.27574,0.00088,0.00010,0.72328
182.00000,3.01193,0.26376,0.00028,0.00022,0.73574
182.20000,3.01195,0.41768,0.02080,0.02211,0.53941
182.39999,3.01195,0.99625,0.00013,0.00233,0.00129
182.60001,3.01193,0.97945,0.00000,0.01754,0.00301
182.80000,3.01193,0.38131,0.00001,0.61549,0.00318
