Time (seconds), Duration (seconds),pred_(unlabeled),pred_imbalance,pred_working,pred_impact
0.00000,3.01194,1.00000,0.00000,0.00000,0.00000
0.20000,3.01194,1.00000,0.00000,0.00000,0.00000
0.40000,3.01194,0.99988,0.00012,0.00000,0.00000
0.60000,3.01194,0.99974,0.00026,0.00000,0.00000
0.80000,3.01194,0.99993,0.00007,0.00000,0.00000
1.00000,3.01194,0.99845,0.00154,0.00001,0.00001
1.20000,3.01194,0.98840,0.01157,0.00000,0.00003
1.40000,3.01194,0.99908,0.00089,0.00000,0.00003
1.60000,3.01194,0.97817,0.02171,0.00001,0.00011
1.80000,3.01194,0.92554,0.07434,0.00005,0.00007
2.00000,3.01194,0.99309,0.00246,0.00442,0.00004
2.20000,3.01194,0.98159,0.00883,0.00944,0.00013
2.40000,3.01194,0.97572,0.00289,0.02127,0.00011
2.60000,3.01194,0.97376,0.00085,0.02527,0.00013
2.80000,3.01194,0.72320,0.01520,0.25755,0.00406
3.00000,3.01194,0.35183,0.00075,0.64708,0.00033
3.20000,3.01194,0.00641,0.00002,0.99357,0.00000
3.40000,3.01194,0.00029,0.00000,0.99971,0.00000
3.60000,3.01194,0.00013,0.00000,0.99987,0.00000
3.80000,3.01194,0.00005,0.00000,0.99994,0.00000
4.00000,3.01194,0.00006,0.00000,0.99994,0.00000
4.20000,3.01194,0.00002,0.00000,0.99998,0.00000
4.40000,3.01194,0.00000,0.00000,1.00000,0.00000
4.60000,3.01194,0.00001,0.00000,0.99999,0.00000
4.80000,3.01194,0.00001,0.00000,0.99999,0.00000
5.00000,3.01194,0.00002,0.00000,0.99998,0.00000
5.20000,3.01194,0.00004,0.00000,0.99996,0.00000
5.40000,3.01194,0.00001,0.00000,0.99999,0.00000
5.60000,3.01194,0.00001,0.00000,0.99999,0.00000
5.80000,3.01194,0.00000,0.00000,1.00000,0.00000
6.00000,3.01194,0.00001,0.00000,0.99999,0.00000
6.20000,3.01194,0.00000,0.00000,1.00000,0.00000
6.40000,3.01194,0.00001,0.00000,0.99999,0.00000
6.60000,3.01194,0.00000,0.00000,1.00000,0.00000
6.80000,3.01194,0.00001,0.00000,0.99999,0.00000
7.00000,3.01194,0.00000,0.00000,1.00000,0.00000
7.20000,3.01194,0.00001,0.00000,0.99999,0.00000
7.40000,3.01194,0.00000,0.00000,1.00000,0.00000
7.60000,3.01194,0.00001,0.00000,0.99999,0.00000
7.80000,3.01194,0.00001,0.00000,0.99999,0.00000
8.00000,3.01194,0.00000,0.00000,1.00000,0.00000
8.20000,3.01194,0.00000,0.00000,1.00000,0.00000
8.40000,3.01194,0.00001,0.00000,0.99999,0.00000
8.60000,3.01194,0.00000,0.00000,1.00000,0.00000
8.80000,3.01194,0.00000,0.00000,1.00000,0.00000
9.00000,3.01194,0.00000,0.00000,1.00000,0.00000
9.20000,3.01194,0.00000,0.00000,1.00000,0.00000
9.40000,3.01194,0.00000,0.00000,1.00000,0.00000
9.60000,3.01194,0.00000,0.00000,1.00000,0.00000
9.80000,3.01194,0.00000,0.00000,1.00000,0.00000
10.00000,3.01194,0.00000,0.00000,1.00000,0.00000
10.20000,3.01194,0.00000,0.00000,1.00000,0.00000
10.40000,3.01194,0.00000,0.00000,1.00000,0.00000
10.60000,3.01194,0.00001,0.00000,0.99999,0.00000
10.80000,3.01194,0.00000,0.00000,1.00000,0.00000
11.00000,3.01194,0.00001,0.00000,0.99999,0.00000
11.20000,3.01194,0.00000,0.00000,1.00000,0.00000
11.40000,3.01194,0.00000,0.00000,1.00000,0.00000
11.60000,3.01194,0.00001,0.00000,0.99999,0.00000
11.80000,3.01194,0.00000,0.00000,1.00000,0.00000
12.00000,3.01194,0.00000,0.00000,1.00000,0.00000
12.20000,3.01194,0.00001,0.00000,0.99999,0.00000
12.40000,3.01194,0.00000,0.00000,1.00000,0.00000
12.60000,3.01194,0.00001,0.00000,0.99999,0.00000
12.80000,3.01194,0.00001,0.00000,0.99999,0.00000
13.00000,3.01194,0.00001,0.00000,0.99999,0.00000
13.20000,3.01194,0.00001,0.00000,0.99999,0.00000
13.40000,3.01194,0.00001,0.00000,0.99999,0.00000
13.60000,3.01194,0.00002,0.00000,0.99998,0.00000
13.80000,3.01194,0.00000,0.00000,1.00000,0.00000
14.00000,3.01194,0.00001,0.00000,0.99999,0.00000
14.20000,3.01194,0.00000,0.00000,1.00000,0.00000
14.40000,3.01194,0.00001,0.00000,0.99999,0.00000
14.60000,3.01194,0.00001,0.00000,0.99999,0.00000
14.80000,3.01194,0.00002,0.00000,0.99998,0.00000
15.00000,3.01194,0.00000,0.00000,1.00000,0.00000
15.20000,3.01194,0.00002,0.00000,0.99998,0.00000
15.40000,3.01194,0.00001,0.00000,0.99998,0.00000
15.60000,3.01194,0.00001,0.00000,0.99999,0.00000
15.80000,3.01194,0.00001,0.00000,0.99999,0.00000
16.00000,3.01194,0.00001,0.00000,0.99999,0.00000
16.20000,3.01194,0.00000,0.00000,1.00000,0.00000
16.40000,3.01194,0.00000,0.00000,1.00000,0.00000
16.60000,3.01194,0.00000,0.00000,1.00000,0.00000
16.80000,3.01194,0.00000,0.00000,1.00000,0.00000
17.00000,3.01194,0.00003,0.00000,0.99997,0.00000
17.20000,3.01194,0.00003,0.00000,0.99997,0.00000
17.40000,3.01194,0.00004,0.00000,0.99996,0.00000
17.60000,3.01194,0.00001,0.00000,0.99999,0.00000
17.80000,3.01194,0.00001,0.00000,0.99999,0.00000
18.00000,3.01194,0.00002,0.00000,0.99998,0.00000
18.20000,3.01194,0.00001,0.00000,0.99999,0.00000
18.40000,3.01194,0.00004,0.00000,0.99996,0.00000
18.60000,3.01194,0.00001,0.00000,0.99999,0.00000
18.80000,3.01194,0.00001,0.00000,0.99999,0.00000
19.00000,3.01194,0.00002,0.00000,0.99998,0.00000
19.20000,3.01194,0.00007,0.00000,0.99993,0.00000
19.40000,3.01194,0.00005,0.00000,0.99995,0.00000
19.60000,3.01194,0.00019,0.00000,0.99980,0.00000
19.80000,3.01194,0.00011,0.00000,0.99989,0.00000
20.00000,3.01194,0.00003,0.00000,0.99997,0.00000
20.20000,3.01194,0.00003,0.00000,0.99997,0.00000
20.40000,3.01194,0.00004,0.00000,0.99995,0.00000
20.60000,3.01194,0.00001,0.00000,0.99999,0.00000
20.80000,3.01194,0.00001,0.00000,0.99999,0.00000
21.00000,3.01194,0.00000,0.00000,1.00000,0.00000
21.20000,3.01194,0.00000,0.00000,1.00000,0.00000
21.40000,3.01194,0.00000,0.00000,1.00000,0.00000
21.60000,3.01194,0.00000,0.00000,1.00000,0.00000
21.80000,3.01194,0.00000,0.00000,1.00000,0.00000
22.00000,3.01194,0.00000,0.00000,1.00000,0.00000
22.20000,3.01194,0.00000,0.00000,1.00000,0.00000
22.40000,3.01194,0.00001,0.00000,0.99999,0.00000
22.60000,3.01194,0.00000,0.00000,1.00000,0.00000
22.80000,3.01194,0.00000,0.00000,1.00000,0.00000
23.00000,3.01194,0.00000,0.00000,1.00000,0.00000
23.20000,3.01194,0.00000,0.00000,1.00000,0.00000
23.40000,3.01194,0.00000,0.00000,1.00000,0.00000
23.60000,3.01194,0.00000,0.00000,0.99999,0.00000
23.80000,3.01194,0.00000,0.00000,1.00000,0.00000
24.00000,3.01194,0.00000,0.00000,1.00000,0.00000
24.20000,3.01194,0.00000,0.00000,1.00000,0.00000
24.40000,3.01194,0.00002,0.00000,0.99998,0.00000
24.60000,3.01194,0.00002,0.00000,0.99998,0.00000
24.80000,3.01194,0.00002,0.00000,0.99998,0.00000
25.00000,3.01194,0.00002,0.00000,0.99998,0.00000
25.20000,3.01194,0.00001,0.00000,0.99999,0.00000
25.40000,3.01194,0.00000,0.00000,1.00000,0.00000
25.60000,3.01194,0.00000,0.00000,1.00000,0.00000
25.80000,3.01194,0.00000,0.00000,1.00000,0.00000
26.00000,3.01194,0.00000,0.00000,1.00000,0.00000
26.20000,3.01194,0.00000,0.00000,1.00000,0.00000
26.40000,3.01194,0.00000,0.00000,1.00000,0.00000
26.60000,3.01194,0.00000,0.00000,1.00000,0.00000
26.80000,3.01194,0.00000,0.00000,1.00000,0.00000
27.00000,3.01194,0.00000,0.00000,1.00000,0.00000
27.20000,3.01194,0.00000,0.00000,1.00000,0.00000
27.40000,3.01194,0.00000,0.00000,1.00000,0.00000
27.60000,3.01194,0.00001,0.00000,0.99999,0.00000
27.80000,3.01194,0.00001,0.00000,0.99999,0.00000
28.00000,3.01194,0.00000,0.00000,1.00000,0.00000
28.20000,3.01194,0.00001,0.00000,0.99999,0.00000
28.40000,3.01194,0.00001,0.00000,0.99999,0.00000
28.60000,3.01194,0.00001,0.00000,0.99999,0.00000
28.80000,3.01194,0.00001,0.00000,0.99999,0.00000
29.00000,3.01194,0.00003,0.00000,0.99997,0.00000
29.20000,3.01194,0.00002,0.00000,0.99998,0.00000
29.40000,3.01194,0.00001,0.00000,0.99999,0.00000
29.60000,3.01194,0.00001,0.00000,0.99999,0.00000
29.80000,3.01194,0.00000,0.00000,1.00000,0.00000
30.00000,3.01194,0.00000,0.00000,1.00000,0.00000
30.20000,3.01194,0.00002,0.00000,0.99998,0.00000
30.40000,3.01194,0.00001,0.00000,0.99999,0.00000
30.60000,3.01194,0.00001,0.00000,0.99999,0.00000
30.80000,3.01194,0.00001,0.00000,0.99999,0.00000
31.00000,3.01194,0.00000,0.00000,1.00000,0.00000
31.20000,3.01194,0.00000,0.00000,1.00000,0.00000
31.40000,3.01194,0.00002,0.00000,0.99998,0.00000
31.60000,3.01194,0.00001,0.00000,0.99999,0.00000
31.80000,3.01194,0.00000,0.00000,1.00000,0.00000
32.00000,3.01194,0.00002,0.00000,0.99998,0.00000
32.20000,3.01194,0.00000,0.00000,1.00000,0.00000
32.40000,3.01194,0.00000,0.00000,1.00000,0.00000
32.60000,3.01194,0.00001,0.00000,0.99999,0.00000
32.80000,3.01194,0.00000,0.00000,1.00000,0.00000
33.00000,3.01194,0.00001,0.00000,0.99999,0.00000
33.20000,3.01194,0.00001,0.00000,0.99999,0.00000
33.40000,3.01194,0.00000,0.00000,1.00000,0.00000
33.60000,3.01194,0.00000,0.00000,1.00000,0.00000
33.80000,3.01194,0.00000,0.00000,1.00000,0.00000
34.00000,3.01194,0.00000,0.00000,1.00000,0.00000
34.20000,3.01194,0.00000,0.00000,1.00000,0.00000
34.40000,3.01194,0.00001,0.00000,0.99999,0.00000
34.60000,3.01194,0.00000,0.00000,1.00000,0.00000
34.80000,3.01194,0.00000,0.00000,1.00000,0.00000
35.00000,3.01194,0.00000,0.00000,1.00000,0.00000
35.20000,3.01194,0.00000,0.00000,1.00000,0.00000
35.40000,3.01194,0.00000,0.00000,1.00000,0.00000
35.60000,3.01194,0.00000,0.00000,1.00000,0.00000
35.80000,3.01194,0.00000,0.00000,1.00000,0.00000
36.00000,3.01194,0.00000,0.00000,1.00000,0.00000
36.20000,3.01194,0.00000,0.00000,1.00000,0.00000
36.40000,3.01194,0.00000,0.00000,1.00000,0.00000
36.60000,3.01194,0.00001,0.00000,0.99999,0.00000
36.80000,3.01194,0.00001,0.00000,0.99999,0.00000
37.00000,3.01194,0.00003,0.00000,0.99997,0.00000
37.20000,3.01194,0.00002,0.00000,0.99998,0.00000
37.40000,3.01194,0.00002,0.00000,0.99998,0.00000
37.60000,3.01194,0.00003,0.00000,0.99997,0.00000
37.80000,3.01194,0.00001,0.00000,0.99999,0.00000
38.00000,3.01194,0.00001,0.00000,0.99999,0.00000
38.20000,3.01194,0.00001,0.00000,0.99999,0.00000
38.40000,3.01194,0.00002,0.00000,0.99998,0.00000
38.60000,3.01194,0.00001,0.00000,0.99999,0.00000
38.80000,3.01194,0.00002,0.00000,0.99998,0.00000
39.00000,3.01194,0.00002,0.00000,0.99998,0.00000
39.20000,3.01194,0.00016,0.00000,0.99984,0.00000
39.40000,3.01194,0.00004,0.00000,0.99996,0.00000
39.60000,3.01194,0.00011,0.00000,0.99988,0.00000
39.80000,3.01194,0.00009,0.00000,0.99991,0.00000
40.00000,3.01194,0.00001,0.00000,0.99999,0.00000
40.20000,3.01194,0.00002,0.00000,0.99998,0.00000
40.40000,3.01194,0.00003,0.00000,0.99997,0.00000
40.60000,3.01194,0.00002,0.00000,0.99998,0.00000
40.80000,3.01194,0.00008,0.00000,0.99992,0.00000
41.00000,3.01194,0.00004,0.00000,0.99996,0.00000
41.20000,3.01194,0.00000,0.00000,1.00000,0.00000
41.40000,3.01194,0.00000,0.00000,1.00000,0.00000
41.60000,3.01194,0.00001,0.00000,0.99999,0.00000
41.80000,3.01194,0.00001,0.00000,0.99999,0.00000
42.00000,3.01194,0.00002,0.00000,0.99997,0.00000
42.20000,3.01194,0.00012,0.00000,0.99988,0.00000
42.40000,3.01194,0.00009,0.00000,0.99991,0.00000
42.60000,3.01194,0.00007,0.00000,0.99993,0.00000
42.80000,3.01194,0.00011,0.00000,0.99989,0.00000
43.00000,3.01194,0.00018,0.00000,0.99981,0.00000
43.20000,3.01194,0.00011,0.00000,0.99989,0.00000
43.40000,3.01194,0.00026,0.00000,0.99974,0.00000
43.60000,3.01194,0.00075,0.00000,0.99924,0.00001
43.80000,3.01194,0.00064,0.00000,0.99935,0.00001
44.00000,3.01194,0.00006,0.00000,0.99994,0.00000
44.20000,3.01194,0.00009,0.00000,0.99991,0.00000
44.40000,3.01194,0.00014,0.00000,0.99986,0.00000
44.60000,3.01194,0.00026,0.00000,0.99974,0.00000
44.80000,3.01194,0.00021,0.00000,0.99978,0.00001
45.00000,3.01194,0.00005,0.00000,0.99995,0.00000
45.20000,3.01194,0.00001,0.00000,0.99999,0.00000
45.40000,3.01194,0.00002,0.00000,0.99998,0.00000
45.60000,3.01194,0.00002,0.00000,0.99998,0.00000
45.80000,3.01194,0.00006,0.00000,0.99993,0.00000
46.00000,3.01194,0.00005,0.00000,0.99995,0.00000
46.20000,3.01194,0.00002,0.00000,0.99998,0.00000
46.40000,3.01194,0.00001,0.00000,0.99999,0.00000
46.60000,3.01194,0.00001,0.00000,0.99999,0.00000
46.80000,3.01194,0.00002,0.00000,0.99998,0.00000
47.00000,3.01194,0.00001,0.00000,0.99999,0.00000
47.20000,3.01194,0.00001,0.00000,0.99999,0.00000
47.40000,3.01194,0.00001,0.00000,0.99999,0.00000
47.60000,3.01194,0.00002,0.00000,0.99998,0.00000
47.80000,3.01194,0.00001,0.00000,0.99999,0.00000
48.00000,3.01194,0.00002,0.00000,0.99998,0.00000
48.20000,3.01194,0.00002,0.00000,0.99998,0.00000
48.40000,3.01194,0.00006,0.00000,0.99993,0.00000
48.60000,3.01194,0.00004,0.00000,0.99996,0.00000
48.80000,3.01194,0.00002,0.00000,0.99998,0.00000
49.00000,3.01194,0.00004,0.00000,0.99996,0.00000
49.20000,3.01194,0.00001,0.00000,0.99999,0.00000
49.40000,3.01194,0.00001,0.00000,0.99999,0.00000
49.60000,3.01194,0.00001,0.00000,0.99999,0.00000
49.80000,3.01194,0.00001,0.00000,0.99999,0.00000
50.00000,3.01194,0.00002,0.00000,0.99998,0.00000
50.20000,3.01194,0.00001,0.00000,0.99999,0.00000
50.40000,3.01194,0.00002,0.00000,0.99998,0.00000
50.60000,3.01194,0.00002,0.00000,0.99998,0.00000
50.80000,3.01194,0.00001,0.00000,0.99999,0.00000
51.00000,3.01194,0.00000,0.00000,1.00000,0.00000
51.20000,3.01194,0.00000,0.00000,1.00000,0.00000
51.40000,3.01194,0.00001,0.00000,0.99999,0.00000
51.60000,3.01194,0.00001,0.00000,0.99999,0.00000
51.80000,3.01194,0.00002,0.00000,0.99998,0.00000
52.00000,3.01194,0.00002,0.00000,0.99998,0.00000
52.20000,3.01194,0.00005,0.00000,0.99995,0.00000
52.40000,3.01194,0.00003,0.00000,0.99997,0.00000
52.60000,3.01194,0.00009,0.00000,0.99991,0.00000
52.80000,3.01194,0.00009,0.00000,0.99990,0.00000
53.00000,3.01194,0.00022,0.00000,0.99978,0.00000
53.20000,3.01194,0.00012,0.00000,0.99988,0.00000
53.40000,3.01194,0.00041,0.00000,0.99958,0.00001
53.60000,3.01194,0.00040,0.00000,0.99959,0.00001
53.80000,3.01194,0.00063,0.00000,0.99935,0.00001
54.00000,3.01194,0.00051,0.00000,0.99947,0.00001
54.20000,3.01194,0.00073,0.00000,0.99925,0.00002
54.40000,3.01194,0.00029,0.00000,0.99971,0.00001
54.60000,3.01194,0.00034,0.00000,0.99966,0.00001
54.80000,3.01194,0.00045,0.00000,0.99954,0.00001
55.00000,3.01194,0.00011,0.00000,0.99989,0.00000
55.20000,3.01194,0.00006,0.00000,0.99994,0.00000
55.40000,3.01194,0.00007,0.00000,0.99993,0.00000
55.60000,3.01194,0.00016,0.00000,0.99983,0.00000
55.80000,3.01194,0.00003,0.00000,0.99997,0.00000
56.00000,3.01194,0.00013,0.00000,0.99987,0.00000
56.20000,3.01194,0.00012,0.00000,0.99987,0.00000
56.40000,3.01194,0.00008,0.00000,0.99992,0.00000
56.60000,3.01194,0.00013,0.00000,0.99987,0.00000
56.80000,3.01194,0.00014,0.00000,0.99986,0.00000
57.00000,3.01194,0.00102,0.00000,0.99896,0.00002
57.20000,3.01194,0.00027,0.00000,0.99973,0.00001
57.40000,3.01194,0.00015,0.00000,0.99985,0.00000
57.60000,3.01194,0.00004,0.00000,0.99996,0.00000
57.80000,3.01194,0.00025,0.00000,0.99974,0.00001
58.00000,3.01194,0.00010,0.00000,0.99990,0.00000
58.20000,3.01194,0.00017,0.00000,0.99982,0.00001
58.40000,3.01194,0.00013,0.00000,0.99986,0.00000
58.60000,3.01194,0.00015,0.00000,0.99985,0.00000
58.80000,3.01194,0.00042,0.00000,0.99957,0.00001
59.00000,3.01194,0.00062,0.00000,0.99936,0.00002
59.20000,3.01194,0.00055,0.00000,0.99944,0.00001
59.40000,3.01194,0.00099,0.00000,0.99897,0.00004
59.60000,3.01194,0.00020,0.00000,0.99980,0.00000
59.80000,3.01194,0.00007,0.00000,0.99993,0.00000
60.00000,3.01194,0.00007,0.00000,0.99993,0.00000
60.20000,3.01194,0.00043,0.00000,0.99956,0.00001
60.40000,3.01194,0.00030,0.00000,0.99969,0.00001
60.60000,3.01194,0.00007,0.00000,0.99993,0.00000
60.80000,3.01194,0.00019,0.00000,0.99981,0.00000
61.00000,3.01194,0.00006,0.00000,0.99994,0.00000
61.20000,3.01194,0.00018,0.00000,0.99982,0.00000
61.40000,3.01193,0.00062,0.00000,0.99937,0.00001
61.60000,3.01194,0.00052,0.00000,0.99946,0.00001
61.80000,3.01194,0.00004,0.00000,0.99996,0.00000
62.00000,3.01194,0.00003,0.00000,0.99997,0.00000
62.20000,3.01194,0.00001,0.00000,0.99999,0.00000
62.40000,3.01193,0.00001,0.00000,0.99999,0.00000
62.60000,3.01194,0.00004,0.00000,0.99996,0.00000
62.80000,3.01194,0.00002,0.00000,0.99998,0.00000
63.00000,3.01194,0.00002,0.00000,0.99998,0.00000
63.20000,3.01194,0.00004,0.00000,0.99996,0.00000
63.40000,3.01193,0.00002,0.00000,0.99998,0.00000
63.60000,3.01194,0.00002,0.00000,0.99998,0.00000
63.80000,3.01194,0.00009,0.00000,0.99991,0.00000
64.00000,3.01194,0.00002,0.00000,0.99998,0.00000
64.20000,3.01194,0.00002,0.00000,0.99998,0.00000
64.40000,3.01193,0.00002,0.00000,0.99998,0.00000
64.60000,3.01194,0.00005,0.00000,0.99995,0.00000
64.80000,3.01193,0.00001,0.00000,0.99999,0.00000
65.00000,3.01194,0.00001,0.00000,0.99999,0.00000
65.20000,3.01194,0.00001,0.00000,0.99999,0.00000
65.40000,3.01193,0.00007,0.00000,0.99993,0.00000
65.60000,3.01194,0.00003,0.00000,0.99997,0.00000
65.80000,3.01193,0.00004,0.00000,0.99996,0.00000
66.00000,3.01194,0.00049,0.00000,0.99950,0.00001
66.20000,3.01194,0.00007,0.00000,0.99993,0.00000
66.40000,3.01193,0.00001,0.00000,0.99999,0.00000
66.60000,3.01194,0.00002,0.00000,0.99998,0.00000
66.80000,3.01193,0.00001,0.00000,0.99999,0.00000
67.00000,3.01194,0.00002,0.00000,0.99998,0.00000
67.20000,3.01194,0.00001,0.00000,0.99999,0.00000
67.40000,3.01193,0.00001,0.00000,0.99999,0.00000
67.60000,3.01194,0.00001,0.00000,0.99999,0.00000
67.80000,3.01193,0.00002,0.00000,0.99998,0.00000
68.00000,3.01194,0.00000,0.00000,1.00000,0.00000
68.20000,3.01194,0.00001,0.00000,0.99999,0.00000
68.40000,3.01193,0.00006,0.00000,0.99994,0.00000
68.60000,3.01194,0.00003,0.00000,0.99997,0.00000
68.80000,3.01193,0.00002,0.00000,0.99998,0.00000
69.00000,3.01194,0.00001,0.00000,0.99999,0.00000
69.20000,3.01194,0.00001,0.00000,0.99999,0.00000
69.40000,3.01193,0.00001,0.00000,0.99999,0.00000
69.60000,3.01194,0.00004,0.00000,0.99996,0.00000
69.80000,3.01193,0.00010,0.00000,0.99990,0.00000
70.00000,3.01194,0.00012,0.00000,0.99988,0.00000
70.20000,3.01194,0.00003,0.00000,0.99997,0.00000
70.40000,3.01193,0.00003,0.00000,0.99997,0.00000
70.60000,3.01194,0.00006,0.00000,0.99994,0.00000
70.80000,3.01193,0.00009,0.00000,0.99991,0.00000
71.00000,3.01194,0.00009,0.00000,0.99990,0.00000
71.20000,3.01194,0.00015,0.00000,0.99985,0.00000
71.40000,3.01193,0.00003,0.00000,0.99997,0.00000
71.60000,3.01194,0.00001,0.00000,0.99999,0.00000
71.80000,3.01193,0.00001,0.00000,0.99999,0.00000
72.00000,3.01194,0.00002,0.00000,0.99998,0.00000
72.20000,3.01194,0.00007,0.00000,0.99993,0.00000
72.40000,3.01193,0.00018,0.00000,0.99981,0.00000
72.60000,3.01194,0.00003,0.00000,0.99997,0.00000
72.80000,3.01193,0.00003,0.00000,0.99997,0.00000
73.00000,3.01194,0.00004,0.00000,0.99996,0.00000
73.20000,3.01194,0.00001,0.00000,0.99999,0.00000
73.40000,3.01193,0.00002,0.00000,0.99998,0.00000
73.60000,3.01194,0.00004,0.00000,0.99996,0.00000
73.80000,3.01193,0.00006,0.00000,0.99994,0.00000
74.00000,3.01194,0.00021,0.00000,0.99979,0.00000
74.20000,3.01194,0.00001,0.00000,0.99999,0.00000
74.40000,3.01193,0.00001,0.00000,0.99999,0.00000
74.60000,3.01194,0.00002,0.00000,0.99998,0.00000
74.80000,3.01193,0.00002,0.00000,0.99998,0.00000
75.00000,3.01194,0.00011,0.00000,0.99989,0.00000
75.20000,3.01194,0.00051,0.00000,0.99947,0.00002
75.40000,3.01193,0.00007,0.00000,0.99993,0.00000
75.60000,3.01194,0.00011,0.00000,0.99989,0.00000
75.80000,3.01193,0.00016,0.00000,0.99984,0.00000
76.00000,3.01194,0.00016,0.00000,0.99984,0.00000
76.20000,3.01194,0.00019,0.00000,0.99981,0.00000
76.40000,3.01193,0.00244,0.00000,0.99750,0.00006
76.60000,3.01194,0.00050,0.00000,0.99950,0.00001
76.80000,3.01193,0.00020,0.00000,0.99980,0.00000
77.00000,3.01194,0.00084,0.00000,0.99914,0.00001
77.20000,3.01194,0.00010,0.00000,0.99989,0.00000
77.40000,3.01193,0.00014,0.00000,0.99986,0.00000
77.60000,3.01194,0.00025,0.00000,0.99974,0.00001
77.80000,3.01193,0.00009,0.00000,0.99991,0.00000
78.00000,3.01194,0.00005,0.00000,0.99995,0.00000
78.20000,3.01194,0.00011,0.00000,0.99989,0.00000
78.40000,3.01193,0.00006,0.00000,0.99993,0.00000
78.60000,3.01194,0.00001,0.00000,0.99999,0.00000
78.80000,3.01193,0.00001,0.00000,0.99999,0.00000
79.00000,3.01194,0.00001,0.00000,0.99999,0.00000
79.20000,3.01194,0.00003,0.00000,0.99997,0.00000
79.40000,3.01193,0.00004,0.00000,0.99996,0.00000
79.60000,3.01194,0.00005,0.00000,0.99995,0.00000
79.80000,3.01193,0.00003,0.00000,0.99997,0.00000
80.00000,3.01194,0.00001,0.00000,0.99999,0.00000
80.20000,3.01194,0.00004,0.00000,0.99996,0.00000
80.40000,3.01193,0.00006,0.00000,0.99994,0.00000
80.60000,3.01194,0.00024,0.00000,0.99975,0.00000
80.80000,3.01193,0.00011,0.00000,0.99989,0.00000
81.00000,3.01194,0.00011,0.00000,0.99989,0.00000
81.20000,3.01194,0.00009,0.00000,0.99991,0.00000
81.40000,3.01193,0.00060,0.00000,0.99939,0.00002
81.60000,3.01194,0.00016,0.00000,0.99984,0.00000
81.80000,3.01193,0.00011,0.00000,0.99989,0.00000
82.00000,3.01194,0.00010,0.00000,0.99990,0.00000
82.20000,3.01194,0.00012,0.00000,0.99988,0.00000
82.40000,3.01193,0.00003,0.00000,0.99997,0.00000
82.60000,3.01194,0.00001,0.00000,0.99998,0.00000
82.80000,3.01193,0.00001,0.00000,0.99999,0.00000
83.00000,3.01194,0.00004,0.00000,0.99996,0.00000
83.20000,3.01194,0.00020,0.00000,0.99979,0.00000
83.40000,3.01193,0.00041,0.00000,0.99958,0.00001
83.60000,3.01194,0.00011,0.00000,0.99988,0.00000
83.80000,3.01193,0.00010,0.00000,0.99989,0.00000
84.00000,3.01194,0.00011,0.00000,0.99989,0.00000
84.20000,3.01194,0.00005,0.00000,0.99994,0.00000
84.40000,3.01193,0.00020,0.00000,0.99980,0.00000
84.60000,3.01194,0.00016,0.00000,0.99984,0.00000
84.80000,3.01193,0.00018,0.00000,0.99981,0.00000
85.00000,3.01194,0.00006,0.00000,0.99994,0.00000
85.20000,3.01194,0.00004,0.00000,0.99996,0.00000
85.40000,3.01193,0.00005,0.00000,0.99995,0.00000
85.60000,3.01194,0.00010,0.00000,0.99990,0.00000
85.80000,3.01193,0.00041,0.00000,0.99958,0.00001
86.00000,3.01194,0.00037,0.00000,0.99962,0.00001
86.20000,3.01194,0.00011,0.00000,0.99988,0.00000
86.40000,3.01193,0.00013,0.00000,0.99987,0.00000
86.60000,3.01194,0.00066,0.00000,0.99933,0.00001
86.80000,3.01193,0.00077,0.00000,0.99922,0.00002
87.00000,3.01194,0.00075,0.00000,0.99922,0.00003
87.20000,3.01194,0.00135,0.00000,0.99860,0.00005
87.40000,3.01193,0.00405,0.00000,0.99581,0.00014
87.60000,3.01194,0.00045,0.00000,0.99954,0.00001
87.80000,3.01193,0.00005,0.00000,0.99995,0.00000
88.00000,3.01194,0.00006,0.00000,0.99994,0.00000
88.20000,3.01194,0.00014,0.00000,0.99986,0.00000
88.40000,3.01193,0.00010,0.00000,0.99990,0.00000
88.60000,3.01194,0.00004,0.00000,0.99996,0.00000
88.80000,3.01193,0.00001,0.00000,0.99999,0.00000
89.00000,3.01194,0.00002,0.00000,0.99998,0.00000
89.20000,3.01194,0.00001,0.00000,0.99999,0.00000
89.40000,3.01193,0.00001,0.00000,0.99999,0.00000
89.60000,3.01194,0.00001,0.00000,0.99999,0.00000
89.80000,3.01193,0.00004,0.00000,0.99996,0.00000
90.00000,3.01194,0.00001,0.00000,0.99999,0.00000
90.20000,3.01194,0.00001,0.00000,0.99999,0.00000
90.40000,3.01193,0.00001,0.00000,0.99999,0.00000
90.60000,3.01194,0.00003,0.00000,0.99997,0.00000
90.80000,3.01193,0.00009,0.00000,0.99991,0.00000
91.00000,3.01194,0.00008,0.00000,0.99992,0.00000
91.20000,3.01194,0.00003,0.00000,0.99997,0.00000
91.40000,3.01193,0.00003,0.00000,0.99997,0.00000
91.60000,3.01194,0.00002,0.00000,0.99998,0.00000
91.80000,3.01193,0.00003,0.00000,0.99997,0.00000
92.00000,3.01194,0.00017,0.00000,0.99982,0.00000
92.20000,3.01194,0.00056,0.00000,0.99942,0.00002
92.40000,3.01193,0.00115,0.00000,0.99882,0.00003
92.60000,3.01194,0.00132,0.00000,0.99863,0.00004
92.80000,3.01193,0.00128,0.00000,0.99870,0.00003
93.00000,3.01194,0.00046,0.00000,0.99952,0.00001
93.20000,3.01194,0.00054,0.00000,0.99944,0.00001
93.40000,3.01193,0.00034,0.00000,0.99965,0.00001
93.60000,3.01194,0.00025,0.00000,0.99974,0.00000
93.80000,3.01193,0.00003,0.00000,0.99997,0.00000
94.00000,3.01194,0.00003,0.00000,0.99997,0.00000
94.20000,3.01194,0.00027,0.00000,0.99972,0.00000
94.40000,3.01193,0.00019,0.00000,0.99981,0.00000
94.60000,3.01194,0.00007,0.00000,0.99992,0.00000
94.80000,3.01193,0.00016,0.00000,0.99984,0.00000
95.00000,3.01194,0.00025,0.00000,0.99975,0.00000
95.20000,3.01194,0.00016,0.00000,0.99984,0.00000
95.40000,3.01193,0.00020,0.00000,0.99980,0.00001
95.60000,3.01194,0.00002,0.00000,0.99998,0.00000
95.80000,3.01193,0.00002,0.00000,0.99998,0.00000
96.00000,3.01194,0.00003,0.00000,0.99997,0.00000
96.20000,3.01194,0.00004,0.00000,0.99996,0.00000
96.40000,3.01193,0.00002,0.00000,0.99998,0.00000
96.60000,3.01194,0.00007,0.00000,0.99993,0.00000
96.80000,3.01193,0.00001,0.00000,0.99999,0.00000
97.00000,3.01194,0.00001,0.00000,0.99999,0.00000
97.20000,3.01194,0.00001,0.00000,0.99999,0.00000
97.40000,3.01193,0.00002,0.00000,0.99998,0.00000
97.60000,3.01194,0.00000,0.00000,1.00000,0.00000
97.80000,3.01193,0.00001,0.00000,0.99999,0.00000
98.00000,3.01194,0.00000,0.00000,1.00000,0.00000
98.20000,3.01194,0.00000,0.00000,1.00000,0.00000
98.40000,3.01193,0.00000,0.00000,1.00000,0.00000
98.60000,3.01194,0.00001,0.00000,0.99999,0.00000
98.80000,3.01193,0.00001,0.00000,0.99999,0.00000
99.00000,3.01194,0.00003,0.00000,0.99997,0.00000
99.20000,3.01194,0.00001,0.00000,0.99999,0.00000
99.40000,3.01193,0.00001,0.00000,0.99999,0.00000
99.60000,3.01194,0.00001,0.00000,0.99999,0.00000
99.80000,3.01193,0.00000,0.00000,1.00000,0.00000
100.00000,3.01194,0.00001,0.00000,0.99999,0.00000
100.20000,3.01194,0.00002,0.00000,0.99997,0.00000
100.40000,3.01193,0.00001,0.00000,0.99999,0.00000
100.60000,3.01194,0.00000,0.00000,1.00000,0.00000
100.80000,3.01193,0.00000,0.00000,1.00000,0.00000
101.00000,3.01194,0.00000,0.00000,1.00000,0.00000
101.20000,3.01194,0.00001,0.00000,0.99999,0.00000
101.40000,3.01193,0.00009,0.00000,0.99990,0.00000
101.60000,3.01194,0.00007,0.00000,0.99993,0.00000
101.80000,3.01193,0.00016,0.00000,0.99984,0.00000
102.00000,3.01194,0.00003,0.00000,0.99997,0.00000
102.20000,3.01194,0.00001,0.00000,0.99999,0.00000
102.40000,3.01193,0.00004,0.00000,0.99996,0.00000
102.60000,3.01194,0.00003,0.00000,0.99997,0.00000
102.80000,3.01193,0.00003,0.00000,0.99997,0.00000
103.00000,3.01194,0.00005,0.00000,0.99995,0.00000
103.20000,3.01194,0.00004,0.00000,0.99996,0.00000
103.40000,3.01193,0.00009,0.00000,0.99991,0.00000
103.60000,3.01194,0.00003,0.00000,0.99997,0.00000
103.80000,3.01193,0.00005,0.00000,0.99995,0.00000
104.00000,3.01194,0.00004,0.00000,0.99996,0.00000
104.20000,3.01194,0.00003,0.00000,0.99996,0.00000
104.40000,3.01193,0.00003,0.00000,0.99997,0.00000
104.60000,3.01194,0.00001,0.00000,0.99999,0.00000
104.80000,3.01193,0.00001,0.00000,0.99999,0.00000
105.00000,3.01194,0.00002,0.00000,0.99998,0.00000
105.20000,3.01194,0.00002,0.00000,0.99998,0.00000
105.40000,3.01193,0.00003,0.00000,0.99997,0.00000
105.60000,3.01194,0.00002,0.00000,0.99998,0.00000
105.80000,3.01193,0.00001,0.00000,0.99999,0.00000
106.00000,3.01194,0.00000,0.00000,1.00000,0.00000
106.20000,3.01194,0.00001,0.00000,0.99999,0.00000
106.40000,3.01193,0.00000,0.00000,1.00000,0.00000
106.60000,3.01194,0.00000,0.00000,1.00000,0.00000
106.80000,3.01193,0.00000,0.00000,1.00000,0.00000
107.00000,3.01194,0.00000,0.00000,1.00000,0.00000
107.20000,3.01194,0.00000,0.00000,1.00000,0.00000
107.40000,3.01193,0.00000,0.00000,1.00000,0.00000
107.60000,3.01194,0.00001,0.00000,0.99999,0.00000
107.80000,3.01193,0.00002,0.00000,0.99998,0.00000
108.00000,3.01194,0.00007,0.00000,0.99992,0.00000
108.20000,3.01194,0.00001,0.00000,0.99999,0.00000
108.40000,3.01193,0.00002,0.00000,0.99998,0.00000
108.60000,3.01194,0.00002,0.00000,0.99998,0.00000
108.80000,3.01193,0.00002,0.00000,0.99998,0.00000
109.00000,3.01194,0.00002,0.00000,0.99998,0.00000
109.20000,3.01194,0.00002,0.00000,0.99998,0.00000
109.40000,3.01193,0.00002,0.00000,0.99998,0.00000
109.60000,3.01194,0.00015,0.00000,0.99984,0.00000
109.80000,3.01193,0.00021,0.00000,0.99978,0.00000
110.00000,3.01194,0.00014,0.00000,0.99986,0.00000
110.20000,3.01194,0.00013,0.00000,0.99986,0.00000
110.40000,3.01193,0.00004,0.00000,0.99996,0.00000
110.60000,3.01194,0.00015,0.00000,0.99985,0.00000
110.80000,3.01193,0.00028,0.00000,0.99971,0.00001
111.00000,3.01194,0.00021,0.00000,0.99978,0.00001
111.20000,3.01194,0.00018,0.00000,0.99981,0.00001
111.40000,3.01193,0.00084,0.00000,0.99914,0.00002
111.60000,3.01194,0.00014,0.00000,0.99986,0.00000
111.80000,3.01193,0.00007,0.00000,0.99993,0.00000
112.00000,3.01194,0.00030,0.00000,0.99969,0.00001
112.20000,3.01194,0.00061,0.00000,0.99937,0.00003
112.40000,3.01193,0.00017,0.00000,0.99982,0.00000
112.60000,3.01194,0.00015,0.00000,0.99985,0.00000
112.80000,3.01193,0.00019,0.00000,0.99981,0.00000
113.00000,3.01194,0.00015,0.00000,0.99985,0.00000
113.20000,3.01194,0.00006,0.00000,0.99994,0.00000
113.40000,3.01193,0.00004,0.00000,0.99996,0.00000
113.60000,3.01194,0.00003,0.00000,0.99997,0.00000
113.80000,3.01193,0.00002,0.00000,0.99998,0.00000
114.00000,3.01194,0.00005,0.00000,0.99995,0.00000
114.20000,3.01194,0.00001,0.00000,0.99999,0.00000
114.40000,3.01193,0.00002,0.00000,0.99998,0.00000
114.60000,3.01194,0.00001,0.00000,0.99999,0.00000
114.80000,3.01193,0.00000,0.00000,1.00000,0.00000
115.00000,3.01194,0.00001,0.00000,0.99999,0.00000
115.20000,3.01194,0.00000,0.00000,1.00000,0.00000
115.40000,3.01193,0.00000,0.00000,1.00000,0.00000
115.60000,3.01194,0.00000,0.00000,1.00000,0.00000
115.80000,3.01193,0.00000,0.00000,1.00000,0.00000
116.00000,3.01194,0.00000,0.00000,1.00000,0.00000
116.20000,3.01194,0.00000,0.00000,1.00000,0.00000
116.40000,3.01193,0.00000,0.00000,1.00000,0.00000
116.60000,3.01194,0.00002,0.00000,0.99998,0.00000
116.80000,3.01193,0.00003,0.00000,0.99997,0.00000
117.00000,3.01194,0.00001,0.00000,0.99999,0.00000
117.20000,3.01194,0.00001,0.00000,0.99999,0.00000
117.40000,3.01193,0.00001,0.00000,0.99999,0.00000
117.60000,3.01194,0.00004,0.00000,0.99996,0.00000
117.80000,3.01193,0.00004,0.00000,0.99996,0.00000
118.00000,3.01194,0.00001,0.00000,0.99999,0.00000
118.20000,3.01194,0.00003,0.00000,0.99997,0.00000
118.40000,3.01193,0.00020,0.00000,0.99980,0.00000
118.60000,3.01194,0.00008,0.00000,0.99991,0.00000
118.80000,3.01193,0.00006,0.00000,0.99994,0.00000
119.00000,3.01194,0.00007,0.00000,0.99993,0.00000
119.20000,3.01194,0.00005,0.00000,0.99995,0.00000
119.40000,3.01193,0.00003,0.00000,0.99997,0.00000
119.60000,3.01194,0.00001,0.00000,0.99999,0.00000
119.80000,3.01193,0.00001,0.00000,0.99999,0.00000
120.00000,3.01194,0.00002,0.00000,0.99998,0.00000
120.20000,3.01194,0.00004,0.00000,0.99996,0.00000
120.40000,3.01193,0.00002,0.00000,0.99998,0.00000
120.60000,3.01194,0.00001,0.00000,0.99999,0.00000
120.80000,3.01193,0.00000,0.00000,1.00000,0.00000
121.00000,3.01194,0.00001,0.00000,0.99999,0.00000
121.20000,3.01194,0.00002,0.00000,0.99998,0.00000
121.40000,3.01193,0.00001,0.00000,0.99999,0.00000
121.60000,3.01194,0.00001,0.00000,0.99999,0.00000
121.80000,3.01193,0.00000,0.00000,1.00000,0.00000
122.00000,3.01194,0.00001,0.00000,0.99999,0.00000
122.20000,3.01194,0.00002,0.00000,0.99998,0.00000
122.40000,3.01193,0.00001,0.00000,0.99999,0.00000
122.60000,3.01194,0.00001,0.00000,0.99999,0.00000
122.80000,3.01193,0.00002,0.00000,0.99998,0.00000
123.00000,3.01194,0.00009,0.00000,0.99991,0.00000
123.20000,3.01194,0.00019,0.00000,0.99981,0.00000
123.40000,3.01193,0.00008,0.00000,0.99992,0.00000
123.60000,3.01194,0.00003,0.00000,0.99997,0.00000
123.80000,3.01193,0.00003,0.00000,0.99997,0.00000
124.00000,3.01194,0.00000,0.00000,1.00000,0.00000
124.20000,3.01194,0.00002,0.00000,0.99998,0.00000
124.40000,3.01193,0.00002,0.00000,0.99998,0.00000
124.60000,3.01194,0.00007,0.00000,0.99993,0.00000
124.80000,3.01193,0.00004,0.00000,0.99996,0.00000
125.00000,3.01193,0.00008,0.00000,0.99992,0.00000
125.20000,3.01195,0.00010,0.00000,0.99990,0.00000
125.40000,3.01194,0.00022,0.00000,0.99977,0.00000
125.60000,3.01194,0.00005,0.00000,0.99995,0.00000
