Time (seconds), Duration (seconds),pred_(unlabeled),pred_imbalance,pred_working,pred_impact
0.00000,3.01194,0.55594,0.44350,0.00014,0.00042
0.20000,3.01194,0.04321,0.95667,0.00002,0.00009
0.40000,3.01194,0.03111,0.96882,0.00002,0.00005
0.60000,3.01194,0.01970,0.98024,0.00002,0.00004
0.80000,3.01194,0.01652,0.98341,0.00002,0.00005
1.00000,3.01194,0.01699,0.98297,0.00002,0.00003
1.20000,3.01194,0.01618,0.98374,0.00002,0.00007
1.40000,3.01194,0.01848,0.98131,0.00006,0.00015
1.60000,3.01194,0.03550,0.96426,0.00004,0.00020
1.80000,3.01194,0.01738,0.98255,0.00002,0.00005
2.00000,3.01194,0.02145,0.97840,0.00005,0.00010
2.20000,3.01194,0.02243,0.97743,0.00005,0.00009
2.40000,3.01194,0.01933,0.98046,0.00006,0.00016
2.60000,3.01194,0.01822,0.98158,0.00005,0.00015
2.80000,3.01194,0.02300,0.97660,0.00010,0.00030
3.00000,3.01194,0.01615,0.98360,0.00006,0.00019
3.20000,3.01194,0.03073,0.96894,0.00007,0.00026
3.40000,3.01194,0.02816,0.97158,0.00005,0.00021
3.60000,3.01194,0.02425,0.97555,0.00006,0.00015
3.80000,3.01194,0.03512,0.96459,0.00010,0.00019
4.00000,3.01194,0.01976,0.97995,0.00008,0.00021
4.20000,3.01194,0.02741,0.97244,0.00004,0.00011
4.40000,3.01194,0.04076,0.95853,0.00024,0.00047
4.60000,3.01194,0.03780,0.96186,0.00011,0.00024
4.80000,3.01194,0.04058,0.95896,0.00016,0.00030
5.00000,3.01194,0.05900,0.94058,0.00011,0.00031
5.20000,3.01194,0.04508,0.95468,0.00006,0.00018
5.40000,3.01194,0.03911,0.96067,0.00006,0.00017
5.60000,3.01194,0.03786,0.96194,0.00005,0.00015
5.80000,3.01194,0.03430,0.96565,0.00002,0.00004
6.00000,3.01194,0.03090,0.96899,0.00002,0.00009
6.20000,3.01194,0.07460,0.92477,0.00014,0.00050
6.40000,3.01194,0.12796,0.87140,0.00014,0.00050
6.60000,3.01194,0.04272,0.95709,0.00004,0.00016
6.80000,3.01194,0.03989,0.95987,0.00006,0.00018
7.00000,3.01194,0.05239,0.94703,0.00013,0.00045
7.20000,3.01194,0.05534,0.94436,0.00006,0.00025
7.40000,3.01194,0.07239,0.92724,0.00008,0.00028
7.60000,3.01194,0.11702,0.88233,0.00009,0.00056
7.80000,3.01194,0.05096,0.94894,0.00002,0.00008
8.00000,3.01194,0.02897,0.97098,0.00001,0.00004
8.20000,3.01194,0.03480,0.96514,0.00001,0.00005
8.40000,3.01194,0.07527,0.92449,0.00004,0.00020
8.60000,3.01194,0.10249,0.89737,0.00003,0.00011
8.80000,3.01194,0.04903,0.95086,0.00002,0.00009
9.00000,3.01194,0.06762,0.93233,0.00001,0.00005
9.20000,3.01194,0.01434,0.98564,0.00000,0.00001
9.40000,3.01194,0.02494,0.97501,0.00001,0.00003
9.60000,3.01194,0.05460,0.94514,0.00004,0.00022
9.80000,3.01194,0.06906,0.93078,0.00004,0.00013
10.00000,3.01194,0.03826,0.96165,0.00002,0.00007
10.20000,3.01194,0.02959,0.97037,0.00001,0.00004
10.40000,3.01194,0.03109,0.96886,0.00001,0.00004
10.60000,3.01194,0.00864,0.99135,0.00000,0.00001
10.80000,3.01194,0.09326,0.90654,0.00003,0.00018
11.00000,3.01194,0.02488,0.97506,0.00001,0.00005
11.20000,3.01194,0.03215,0.96779,0.00001,0.00006
11.40000,3.01194,0.02632,0.97365,0.00001,0.00003
11.60000,3.01194,0.01266,0.98733,0.00000,0.00001
11.80000,3.01194,0.02684,0.97313,0.00001,0.00002
12.00000,3.01194,0.01375,0.98624,0.00000,0.00001
12.20000,3.01194,0.02951,0.97040,0.00002,0.00006
12.40000,3.01194,0.03560,0.96438,0.00000,0.00001
12.60000,3.01194,0.00979,0.99020,0.00000,0.00001
12.80000,3.01194,0.02321,0.97676,0.00001,0.00002
13.00000,3.01194,0.03509,0.96488,0.00001,0.00002
13.20000,3.01194,0.03627,0.96368,0.00001,0.00003
13.40000,3.01194,0.03994,0.96004,0.00001,0.00002
13.60000,3.01194,0.09301,0.90666,0.00006,0.00026
13.80000,3.01194,0.04840,0.95157,0.00001,0.00002
14.00000,3.01194,0.02598,0.97398,0.00000,0.00003
14.20000,3.01194,0.15148,0.84836,0.00002,0.00014
14.40000,3.01194,0.04534,0.95461,0.00001,0.00004
14.60000,3.01194,0.04692,0.95304,0.00001,0.00003
14.80000,3.01194,0.06593,0.93384,0.00006,0.00017
15.00000,3.01194,0.05891,0.94087,0.00004,0.00018
15.20000,3.01194,0.04267,0.95726,0.00002,0.00006
15.40000,3.01194,0.06854,0.93132,0.00002,0.00011
15.60000,3.01194,0.11213,0.88760,0.00006,0.00021
15.80000,3.01194,0.02551,0.97444,0.00001,0.00003
16.00000,3.01194,0.10191,0.89792,0.00004,0.00013
16.20000,3.01194,0.02159,0.97837,0.00001,0.00003
16.40000,3.01194,0.03543,0.96453,0.00001,0.00003
16.60000,3.01194,0.04364,0.95631,0.00001,0.00004
16.80000,3.01194,0.18560,0.81333,0.00016,0.00091
17.00000,3.01194,0.08850,0.91142,0.00002,0.00006
17.20000,3.01194,0.08066,0.91926,0.00001,0.00006
17.40000,3.01194,0.10445,0.89541,0.00004,0.00011
17.60000,3.01194,0.04753,0.95243,0.00001,0.00003
17.80000,3.01194,0.07293,0.92699,0.00002,0.00006
18.00000,3.01194,0.10484,0.89484,0.00009,0.00024
18.20000,3.01194,0.14125,0.85838,0.00007,0.00030
18.40000,3.01194,0.07720,0.92266,0.00003,0.00010
18.60000,3.01194,0.09449,0.90527,0.00004,0.00020
18.80000,3.01194,0.11197,0.88773,0.00006,0.00024
19.00000,3.01194,0.04069,0.95926,0.00001,0.00005
19.20000,3.01194,0.06088,0.93904,0.00002,0.00006
19.40000,3.01194,0.07104,0.92873,0.00004,0.00019
