Time (seconds), Duration (seconds),pred_(unlabeled),pred_imbalance,pred_working,pred_impact
0.00000,3.01194,0.99967,0.00033,0.00000,0.00000
0.20000,3.01194,0.99799,0.00200,0.00000,0.00001
0.40000,3.01194,0.96480,0.03515,0.00000,0.00005
0.60000,3.01194,0.97956,0.01937,0.00041,0.00066
0.80000,3.01194,0.98419,0.01352,0.00115,0.00114
1.00000,3.01194,0.91048,0.08827,0.00121,0.00003
1.20000,3.01194,0.99427,0.00556,0.00015,0.00002
1.40000,3.01194,0.99510,0.00475,0.00011,0.00004
1.60000,3.01194,0.95205,0.04793,0.00001,0.00002
1.80000,3.01194,0.99773,0.00055,0.00120,0.00052
2.00000,3.01194,0.98773,0.00066,0.01065,0.00095
2.20000,3.01194,0.99105,0.00200,0.00690,0.00005
2.40000,3.01194,0.95281,0.00014,0.04617,0.00089
2.60000,3.01194,0.83672,0.00027,0.16261,0.00040
2.80000,3.01194,0.82623,0.00254,0.17091,0.00031
3.00000,3.01194,0.76293,0.00000,0.23528,0.00179
3.20000,3.01194,0.27006,0.00000,0.72733,0.00260
3.40000,3.01194,0.00168,0.00001,0.99828,0.00003
3.60000,3.01194,0.00125,0.00000,0.99872,0.00002
3.80000,3.01194,0.00221,0.00000,0.99776,0.00002
4.00000,3.01194,0.00003,0.00000,0.99997,0.00000
4.20000,3.01194,0.00019,0.00000,0.99980,0.00000
4.40000,3.01194,0.00005,0.00000,0.99995,0.00000
4.60000,3.01194,0.00038,0.00000,0.99962,0.00000
4.80000,3.01194,0.00045,0.00000,0.99955,0.00000
5.00000,3.01194,0.00016,0.00000,0.99984,0.00000
5.20000,3.01194,0.00004,0.00000,0.99996,0.00000
5.40000,3.01194,0.00003,0.00000,0.99997,0.00000
5.60000,3.01194,0.00001,0.00000,0.99999,0.00000
5.80000,3.01194,0.00005,0.00000,0.99995,0.00000
6.00000,3.01194,0.00005,0.00000,0.99995,0.00000
6.20000,3.01194,0.00004,0.00000,0.99996,0.00000
6.40000,3.01194,0.00003,0.00000,0.99997,0.00000
6.60000,3.01194,0.00003,0.00000,0.99997,0.00000
6.80000,3.01194,0.00010,0.00000,0.99990,0.00000
7.00000,3.01194,0.00022,0.00000,0.99978,0.00000
7.20000,3.01194,0.00002,0.00000,0.99998,0.00000
7.40000,3.01194,0.00008,0.00000,0.99992,0.00000
7.60000,3.01194,0.00008,0.00000,0.99992,0.00000
7.80000,3.01194,0.00005,0.00000,0.99995,0.00000
8.00000,3.01194,0.00007,0.00000,0.99993,0.00000
8.20000,3.01194,0.00005,0.00000,0.99995,0.00000
8.40000,3.01194,0.00011,0.00000,0.99989,0.00000
8.60000,3.01194,0.00002,0.00000,0.99998,0.00000
8.80000,3.01194,0.00001,0.00000,0.99999,0.00000
9.00000,3.01194,0.00001,0.00000,0.99999,0.00000
9.20000,3.01194,0.00004,0.00000,0.99996,0.00000
9.40000,3.01194,0.00002,0.00000,0.99998,0.00000
9.60000,3.01194,0.00001,0.00000,0.99999,0.00000
9.80000,3.01194,0.00003,0.00000,0.99997,0.00000
10.00000,3.01194,0.00005,0.00000,0.99995,0.00000
10.20000,3.01194,0.00001,0.00000,0.99999,0.00000
10.40000,3.01194,0.00003,0.00000,0.99997,0.00000
10.60000,3.01194,0.00000,0.00000,1.00000,0.00000
10.80000,3.01194,0.00001,0.00000,0.99999,0.00000
11.00000,3.01194,0.00008,0.00000,0.99991,0.00000
11.20000,3.01194,0.00009,0.00000,0.99991,0.00000
11.40000,3.01194,0.00003,0.00000,0.99997,0.00000
11.60000,3.01194,0.00002,0.00000,0.99998,0.00000
11.80000,3.01194,0.00001,0.00000,0.99999,0.00000
12.00000,3.01194,0.00000,0.00000,1.00000,0.00000
12.20000,3.01194,0.00004,0.00000,0.99996,0.00000
12.40000,3.01194,0.00003,0.00000,0.99997,0.00000
12.60000,3.01194,0.00001,0.00000,0.99999,0.00000
12.80000,3.01194,0.00024,0.00000,0.99976,0.00000
13.00000,3.01194,0.00003,0.00000,0.99997,0.00000
13.20000,3.01194,0.00001,0.00000,0.99999,0.00000
13.40000,3.01194,0.00004,0.00000,0.99996,0.00000
13.60000,3.01194,0.00011,0.00000,0.99988,0.00000
13.80000,3.01194,0.00002,0.00000,0.99998,0.00000
14.00000,3.01194,0.00006,0.00000,0.99994,0.00000
14.20000,3.01194,0.00001,0.00000,0.99999,0.00000
14.40000,3.01194,0.00001,0.00000,0.99999,0.00000
14.60000,3.01194,0.00009,0.00000,0.99991,0.00000
14.80000,3.01194,0.00003,0.00000,0.99997,0.00000
15.00000,3.01194,0.00013,0.00000,0.99987,0.00000
15.20000,3.01194,0.00014,0.00000,0.99986,0.00000
15.40000,3.01194,0.00019,0.00000,0.99980,0.00000
15.60000,3.01194,0.00018,0.00000,0.99982,0.00000
15.80000,3.01194,0.00032,0.00000,0.99968,0.00001
16.00000,3.01194,0.00005,0.00000,0.99995,0.00000
16.20000,3.01194,0.00014,0.00000,0.99985,0.00001
16.40000,3.01194,0.00017,0.00000,0.99982,0.00000
16.60000,3.01194,0.00003,0.00000,0.99997,0.00000
16.80000,3.01194,0.00018,0.00000,0.99982,0.00000
17.00000,3.01194,0.00093,0.00000,0.99905,0.00001
17.20000,3.01194,0.00041,0.00000,0.99958,0.00001
17.40000,3.01194,0.00154,0.00000,0.99843,0.00003
17.60000,3.01194,0.00074,0.00000,0.99925,0.00001
17.80000,3.01194,0.00059,0.00000,0.99940,0.00001
18.00000,3.01194,0.00095,0.00000,0.99903,0.00001
18.20000,3.01194,0.00163,0.00000,0.99833,0.00004
18.40000,3.01194,0.00013,0.00000,0.99987,0.00000
18.60000,3.01194,0.00008,0.00000,0.99991,0.00000
18.80000,3.01194,0.00023,0.00000,0.99976,0.00001
19.00000,3.01194,0.00091,0.00000,0.99906,0.00002
19.20000,3.01194,0.00089,0.00000,0.99909,0.00002
19.40000,3.01194,0.00118,0.00000,0.99881,0.00001
19.60000,3.01194,0.00045,0.00000,0.99954,0.00001
19.80000,3.01194,0.00037,0.00000,0.99962,0.00000
20.00000,3.01194,0.00192,0.00000,0.99804,0.00004
20.20000,3.01194,0.00031,0.00000,0.99968,0.00001
20.40000,3.01194,0.00009,0.00000,0.99991,0.00000
20.60000,3.01194,0.00006,0.00000,0.99994,0.00000
20.80000,3.01194,0.00015,0.00000,0.99984,0.00000
21.00000,3.01194,0.00005,0.00000,0.99995,0.00000
21.20000,3.01194,0.00011,0.00000,0.99989,0.00000
21.40000,3.01194,0.00011,0.00000,0.99988,0.00000
21.60000,3.01194,0.00002,0.00000,0.99997,0.00000
21.80000,3.01194,0.00001,0.00000,0.99999,0.00000
22.00000,3.01194,0.00003,0.00000,0.99997,0.00000
22.20000,3.01194,0.00117,0.00000,0.99883,0.00001
22.40000,3.01194,0.00010,0.00000,0.99990,0.00000
22.60000,3.01194,0.00010,0.00000,0.99990,0.00000
22.80000,3.01194,0.00019,0.00000,0.99981,0.00000
23.00000,3.01194,0.00011,0.00000,0.99989,0.00000
23.20000,3.01194,0.00021,0.00000,0.99979,0.00000
23.40000,3.01194,0.00096,0.00000,0.99901,0.00002
23.60000,3.01194,0.00009,0.00000,0.99991,0.00000
23.80000,3.01194,0.00004,0.00000,0.99996,0.00000
24.00000,3.01194,0.00030,0.00000,0.99969,0.00001
24.20000,3.01194,0.00003,0.00000,0.99997,0.00000
24.40000,3.01194,0.00004,0.00000,0.99996,0.00000
24.60000,3.01194,0.00090,0.00000,0.99909,0.00001
24.80000,3.01194,0.00017,0.00000,0.99983,0.00000
25.00000,3.01194,0.00013,0.00000,0.99987,0.00000
25.20000,3.01194,0.00033,0.00000,0.99966,0.00001
25.40000,3.01194,0.00002,0.00000,0.99998,0.00000
25.60000,3.01194,0.00005,0.00000,0.99995,0.00000
25.80000,3.01194,0.00012,0.00000,0.99988,0.00000
26.00000,3.01194,0.00002,0.00000,0.99998,0.00000
26.20000,3.01194,0.00008,0.00000,0.99992,0.00000
26.40000,3.01194,0.00018,0.00000,0.99982,0.00000
26.60000,3.01194,0.00014,0.00000,0.99985,0.00000
26.80000,3.01194,0.00054,0.00000,0.99946,0.00001
27.00000,3.01194,0.00059,0.00000,0.99941,0.00001
27.20000,3.01194,0.00007,0.00000,0.99993,0.00000
27.40000,3.01194,0.00031,0.00000,0.99969,0.00001
27.60000,3.01194,0.00037,0.00000,0.99962,0.00001
27.80000,3.01194,0.00003,0.00000,0.99997,0.00000
28.00000,3.01194,0.00003,0.00000,0.99997,0.00000
28.20000,3.01194,0.00009,0.00000,0.99991,0.00000
28.40000,3.01194,0.00011,0.00000,0.99989,0.00000
28.60000,3.01194,0.00023,0.00000,0.99976,0.00001
28.80000,3.01194,0.00037,0.00000,0.99962,0.00001
29.00000,3.01194,0.00006,0.00000,0.99994,0.00000
29.20000,3.01194,0.00033,0.00000,0.99966,0.00000
29.40000,3.01194,0.00050,0.00000,0.99950,0.00001
29.60000,3.01194,0.00029,0.00000,0.99970,0.00001
29.80000,3.01194,0.00018,0.00000,0.99981,0.00000
30.00000,3.01194,0.00017,0.00000,0.99983,0.00000
30.20000,3.01194,0.00032,0.00000,0.99968,0.00000
30.40000,3.01194,0.00006,0.00000,0.99994,0.00000
30.60000,3.01194,0.00011,0.00000,0.99989,0.00000
30.80000,3.01194,0.00012,0.00000,0.99987,0.00000
31.00000,3.01194,0.00008,0.00000,0.99992,0.00000
31.20000,3.01194,0.00044,0.00000,0.99955,0.00001
31.40000,3.01194,0.00007,0.00000,0.99993,0.00000
31.60000,3.01194,0.00017,0.00000,0.99983,0.00000
31.80000,3.01194,0.00003,0.00000,0.99997,0.00000
32.00000,3.01194,0.00009,0.00000,0.99991,0.00000
32.20000,3.01194,0.00038,0.00000,0.99961,0.00001
32.40000,3.01194,0.00035,0.00000,0.99964,0.00001
32.60000,3.01194,0.00007,0.00000,0.99993,0.00000
32.80000,3.01194,0.00010,0.00000,0.99989,0.00000
33.00000,3.01194,0.00002,0.00000,0.99998,0.00000
33.20000,3.01194,0.00007,0.00000,0.99993,0.00000
33.40000,3.01194,0.00140,0.00000,0.99856,0.00003
33.60000,3.01194,0.00025,0.00000,0.99974,0.00000
33.80000,3.01194,0.00001,0.00000,0.99998,0.00000
34.00000,3.01194,0.00009,0.00000,0.99991,0.00000
34.20000,3.01194,0.00002,0.00000,0.99998,0.00000
34.40000,3.01194,0.00008,0.00000,0.99992,0.00000
34.60000,3.01194,0.00049,0.00000,0.99950,0.00001
34.80000,3.01194,0.00004,0.00000,0.99996,0.00000
35.00000,3.01194,0.00016,0.00000,0.99984,0.00000
35.20000,3.01194,0.00017,0.00000,0.99983,0.00000
35.40000,3.01194,0.00004,0.00000,0.99996,0.00000
35.60000,3.01194,0.00006,0.00000,0.99994,0.00000
35.80000,3.01194,0.00012,0.00000,0.99988,0.00000
36.00000,3.01194,0.00019,0.00000,0.99981,0.00000
36.20000,3.01194,0.00003,0.00000,0.99997,0.00000
36.40000,3.01194,0.00015,0.00000,0.99985,0.00000
36.60000,3.01194,0.00025,0.00000,0.99974,0.00001
36.80000,3.01194,0.00008,0.00000,0.99992,0.00000
37.00000,3.01194,0.00040,0.00000,0.99959,0.00001
37.20000,3.01194,0.00096,0.00000,0.99902,0.00003
37.40000,3.01194,0.00149,0.00000,0.99845,0.00006
37.60000,3.01194,0.00018,0.00000,0.99981,0.00001
37.80000,3.01194,0.00044,0.00000,0.99954,0.00002
38.00000,3.01194,0.00011,0.00000,0.99988,0.00001
38.20000,3.01194,0.00056,0.00000,0.99940,0.00004
38.40000,3.01194,0.00062,0.00000,0.99934,0.00004
38.60000,3.01194,0.00069,0.00000,0.99928,0.00003
38.80000,3.01194,0.00072,0.00000,0.99926,0.00002
39.00000,3.01194,0.00060,0.00000,0.99937,0.00003
39.20000,3.01194,0.00039,0.00000,0.99959,0.00002
39.40000,3.01194,0.00124,0.00000,0.99870,0.00006
39.60000,3.01194,0.00085,0.00000,0.99911,0.00004
39.80000,3.01194,0.00059,0.00000,0.99938,0.00003
40.00000,3.01194,0.00154,0.00000,0.99838,0.00008
40.20000,3.01194,0.00179,0.00000,0.99806,0.00015
40.40000,3.01194,0.00076,0.00000,0.99921,0.00003
40.60000,3.01194,0.00209,0.00000,0.99779,0.00012
40.80000,3.01194,0.00036,0.00000,0.99961,0.00003
41.00000,3.01194,0.00089,0.00000,0.99905,0.00006
41.20000,3.01194,0.00039,0.00000,0.99959,0.00002
41.40000,3.01194,0.00022,0.00000,0.99977,0.00002
41.60000,3.01194,0.00011,0.00000,0.99989,0.00000
41.80000,3.01194,0.00030,0.00000,0.99969,0.00001
42.00000,3.01194,0.00045,0.00000,0.99954,0.00001
42.20000,3.01194,0.00006,0.00000,0.99993,0.00000
42.40000,3.01194,0.00065,0.00000,0.99932,0.00003
42.60000,3.01194,0.00225,0.00000,0.99769,0.00006
42.80000,3.01194,0.00251,0.00000,0.99739,0.00010
43.00000,3.01194,0.00104,0.00000,0.99893,0.00004
43.20000,3.01194,0.00172,0.00000,0.99823,0.00005
43.40000,3.01194,0.00174,0.00000,0.99820,0.00006
43.60000,3.01194,0.00242,0.00000,0.99751,0.00007
43.80000,3.01194,0.00458,0.00000,0.99523,0.00020
44.00000,3.01194,0.00275,0.00000,0.99701,0.00024
44.20000,3.01194,0.00987,0.00000,0.98963,0.00050
44.40000,3.01194,0.00925,0.00000,0.99032,0.00043
44.60000,3.01194,0.00195,0.00000,0.99795,0.00010
44.80000,3.01194,0.00050,0.00000,0.99949,0.00002
45.00000,3.01194,0.00323,0.00000,0.99652,0.00026
45.20000,3.01194,0.00043,0.00000,0.99955,0.00003
45.40000,3.01194,0.00027,0.00000,0.99972,0.00001
45.60000,3.01194,0.00011,0.00000,0.99988,0.00000
45.80000,3.01194,0.00024,0.00000,0.99975,0.00001
46.00000,3.01194,0.00008,0.00000,0.99992,0.00000
46.20000,3.01194,0.00460,0.00000,0.99512,0.00028
46.40000,3.01194,0.00037,0.00000,0.99962,0.00001
46.60000,3.01194,0.00041,0.00000,0.99959,0.00001
46.80000,3.01194,0.00035,0.00000,0.99964,0.00001
47.00000,3.01194,0.00047,0.00000,0.99951,0.00002
47.20000,3.01194,0.00062,0.00000,0.99936,0.00002
47.40000,3.01194,0.00163,0.00000,0.99832,0.00004
47.60000,3.01194,0.00034,0.00000,0.99965,0.00001
47.80000,3.01194,0.00102,0.00000,0.99893,0.00006
48.00000,3.01194,0.00045,0.00000,0.99953,0.00002
48.20000,3.01194,0.00086,0.00000,0.99910,0.00003
48.40000,3.01194,0.01525,0.00000,0.98417,0.00058
48.60000,3.01194,0.00096,0.00000,0.99900,0.00004
48.80000,3.01194,0.00069,0.00000,0.99930,0.00002
49.00000,3.01194,0.00061,0.00000,0.99937,0.00002
49.20000,3.01194,0.00018,0.00000,0.99982,0.00000
49.40000,3.01194,0.00010,0.00000,0.99990,0.00001
49.60000,3.01194,0.00096,0.00000,0.99899,0.00005
49.80000,3.01194,0.00082,0.00000,0.99916,0.00002
50.00000,3.01194,0.00008,0.00000,0.99992,0.00000
50.20000,3.01194,0.00059,0.00000,0.99939,0.00001
50.40000,3.01194,0.00002,0.00000,0.99998,0.00000
50.60000,3.01194,0.00016,0.00000,0.99984,0.00000
50.80000,3.01194,0.00041,0.00000,0.99958,0.00001
51.00000,3.01194,0.00077,0.00000,0.99921,0.00001
51.20000,3.01194,0.00063,0.00000,0.99936,0.00001
51.40000,3.01194,0.00125,0.00000,0.99872,0.00004
51.60000,3.01194,0.00081,0.00000,0.99918,0.00002
51.80000,3.01194,0.00300,0.00000,0.99694,0.00006
52.00000,3.01194,0.00440,0.00000,0.99548,0.00013
52.20000,3.01194,0.00071,0.00000,0.99927,0.00002
52.40000,3.01194,0.00125,0.00000,0.99872,0.00003
52.60000,3.01194,0.00604,0.00000,0.99355,0.00041
52.80000,3.01194,0.02076,0.00000,0.97841,0.00083
53.00000,3.01194,0.01472,0.00000,0.98474,0.00054
53.20000,3.01194,0.00118,0.00000,0.99877,0.00005
53.40000,3.01194,0.00188,0.00000,0.99806,0.00006
53.60000,3.01194,0.00503,0.00000,0.99472,0.00025
53.80000,3.01194,0.00492,0.00000,0.99467,0.00040
54.00000,3.01194,0.00571,0.00000,0.99397,0.00032
54.20000,3.01194,0.00188,0.00000,0.99803,0.00010
54.40000,3.01194,0.00392,0.00000,0.99593,0.00015
54.60000,3.01194,0.02159,0.00000,0.97774,0.00067
54.80000,3.01194,0.01166,0.00000,0.98801,0.00033
55.00000,3.01194,0.00538,0.00000,0.99444,0.00018
55.20000,3.01194,0.00599,0.00000,0.99381,0.00020
55.40000,3.01194,0.00050,0.00000,0.99948,0.00002
55.60000,3.01194,0.00123,0.00000,0.99871,0.00007
55.80000,3.01194,0.00127,0.00000,0.99869,0.00005
56.00000,3.01194,0.00039,0.00000,0.99960,0.00002
56.20000,3.01194,0.00100,0.00000,0.99896,0.00004
56.40000,3.01194,0.00538,0.00000,0.99442,0.00020
56.60000,3.01194,0.00035,0.00000,0.99963,0.00001
56.80000,3.01194,0.00253,0.00000,0.99738,0.00009
57.00000,3.01194,0.01431,0.00000,0.98516,0.00053
57.20000,3.01194,0.00705,0.00000,0.99266,0.00028
57.40000,3.01194,0.00313,0.00000,0.99669,0.00018
57.60000,3.01194,0.01265,0.00000,0.98654,0.00080
57.80000,3.01194,0.00114,0.00000,0.99879,0.00007
58.00000,3.01194,0.00132,0.00000,0.99859,0.00009
58.20000,3.01194,0.00717,0.00000,0.99214,0.00069
58.40000,3.01194,0.00354,0.00000,0.99615,0.00032
58.60000,3.01194,0.00246,0.00000,0.99740,0.00014
58.80000,3.01194,0.00598,0.00000,0.99358,0.00044
59.00000,3.01194,0.03239,0.00000,0.96539,0.00222
59.20000,3.01194,0.00724,0.00000,0.99223,0.00053
59.40000,3.01194,0.01055,0.00000,0.98871,0.00073
59.60000,3.01194,0.00555,0.00000,0.99405,0.00039
59.80000,3.01194,0.00297,0.00000,0.99687,0.00016
60.00000,3.01194,0.00568,0.00000,0.99398,0.00034
60.20000,3.01194,0.00998,0.00000,0.98935,0.00067
60.40000,3.01194,0.00122,0.00000,0.99872,0.00006
60.60000,3.01194,0.00035,0.00000,0.99963,0.00002
60.80000,3.01194,0.00392,0.00000,0.99580,0.00028
61.00000,3.01194,0.00101,0.00000,0.99894,0.00005
61.20000,3.01194,0.00373,0.00000,0.99604,0.00024
61.40000,3.01193,0.00688,0.00000,0.99278,0.00034
61.60000,3.01194,0.00279,0.00000,0.99703,0.00018
61.80000,3.01194,0.00092,0.00000,0.99904,0.00005
62.00000,3.01194,0.00454,0.00000,0.99511,0.00034
62.20000,3.01194,0.00047,0.00000,0.99950,0.00003
62.40000,3.01193,0.00021,0.00000,0.99978,0.00001
62.60000,3.01194,0.00023,0.00000,0.99975,0.00002
62.80000,3.01194,0.00016,0.00000,0.99983,0.00001
63.00000,3.01194,0.00011,0.00000,0.99988,0.00000
63.20000,3.01194,0.00170,0.00000,0.99826,0.00004
63.40000,3.01193,0.00038,0.00000,0.99961,0.00001
63.60000,3.01194,0.00053,0.00000,0.99945,0.00002
63.80000,3.01194,0.00056,0.00000,0.99942,0.00002
64.00000,3.01194,0.00231,0.00000,0.99765,0.00004
64.20000,3.01194,0.00061,0.00000,0.99938,0.00001
64.40000,3.01193,0.00231,0.00000,0.99765,0.00005
64.60000,3.01194,0.00022,0.00000,0.99977,0.00001
64.80000,3.01193,0.00014,0.00000,0.99985,0.00001
65.00000,3.01194,0.00096,0.00000,0.99900,0.00005
65.20000,3.01194,0.00187,0.00000,0.99795,0.00018
65.40000,3.01193,0.00527,0.00000,0.99448,0.00025
65.60000,3.01194,0.00181,0.00000,0.99814,0.00005
65.80000,3.01193,0.00096,0.00000,0.99901,0.00003
66.00000,3.01194,0.00245,0.00000,0.99747,0.00007
66.20000,3.01194,0.00633,0.00000,0.99333,0.00034
66.40000,3.01193,0.00310,0.00000,0.99671,0.00019
66.60000,3.01194,0.00213,0.00000,0.99778,0.00009
66.80000,3.01193,0.00044,0.00000,0.99955,0.00001
67.00000,3.01194,0.00014,0.00000,0.99985,0.00000
67.20000,3.01194,0.00034,0.00000,0.99965,0.00001
67.40000,3.01193,0.00046,0.00000,0.99953,0.00002
67.60000,3.01194,0.00033,0.00000,0.99967,0.00001
67.80000,3.01193,0.00078,0.00000,0.99920,0.00001
68.00000,3.01194,0.00021,0.00000,0.99978,0.00001
68.20000,3.01194,0.00014,0.00000,0.99986,0.00000
68.40000,3.01193,0.00029,0.00000,0.99971,0.00001
68.60000,3.01194,0.00082,0.00000,0.99916,0.00002
68.80000,3.01193,0.00037,0.00000,0.99962,0.00001
69.00000,3.01194,0.00114,0.00000,0.99882,0.00004
69.20000,3.01194,0.00503,0.00000,0.99474,0.00023
69.40000,3.01193,0.00074,0.00000,0.99924,0.00003
69.60000,3.01194,0.00096,0.00000,0.99900,0.00004
69.80000,3.01193,0.00166,0.00000,0.99827,0.00007
70.00000,3.01194,0.00076,0.00000,0.99921,0.00003
70.20000,3.01194,0.00655,0.00000,0.99316,0.00029
70.40000,3.01193,0.00369,0.00000,0.99606,0.00025
70.60000,3.01194,0.00157,0.00000,0.99838,0.00006
70.80000,3.01193,0.00158,0.00000,0.99837,0.00006
71.00000,3.01194,0.00199,0.00000,0.99793,0.00009
71.20000,3.01194,0.00099,0.00000,0.99898,0.00003
71.40000,3.01193,0.00550,0.00000,0.99400,0.00050
71.60000,3.01194,0.00109,0.00000,0.99884,0.00008
71.80000,3.01193,0.00039,0.00000,0.99960,0.00001
72.00000,3.01194,0.00054,0.00000,0.99943,0.00003
72.20000,3.01194,0.00438,0.00000,0.99547,0.00015
72.40000,3.01193,0.00334,0.00000,0.99655,0.00011
72.60000,3.01194,0.00057,0.00000,0.99941,0.00002
72.80000,3.01193,0.00129,0.00000,0.99865,0.00005
73.00000,3.01194,0.00049,0.00000,0.99949,0.00002
73.20000,3.01194,0.00238,0.00000,0.99756,0.00006
73.40000,3.01193,0.01031,0.00000,0.98942,0.00026
73.60000,3.01194,0.00261,0.00000,0.99731,0.00009
73.80000,3.01193,0.00019,0.00000,0.99981,0.00000
74.00000,3.01194,0.00022,0.00000,0.99977,0.00001
74.20000,3.01194,0.00084,0.00000,0.99915,0.00002
74.40000,3.01193,0.00043,0.00000,0.99956,0.00001
74.60000,3.01194,0.00171,0.00000,0.99824,0.00005
74.80000,3.01193,0.00123,0.00000,0.99872,0.00005
75.00000,3.01194,0.00047,0.00000,0.99952,0.00001
75.20000,3.01194,0.00064,0.00000,0.99934,0.00002
75.40000,3.01193,0.00093,0.00000,0.99905,0.00002
75.60000,3.01194,0.00187,0.00000,0.99807,0.00007
75.80000,3.01193,0.00138,0.00000,0.99858,0.00004
76.00000,3.01194,0.00153,0.00000,0.99845,0.00003
76.20000,3.01194,0.00239,0.00000,0.99752,0.00009
76.40000,3.01193,0.00367,0.00000,0.99615,0.00017
76.60000,3.01194,0.01113,0.00000,0.98854,0.00033
76.80000,3.01193,0.03798,0.00000,0.96020,0.00181
77.00000,3.01194,0.00363,0.00000,0.99622,0.00015
77.20000,3.01194,0.00332,0.00000,0.99657,0.00012
77.40000,3.01193,0.00118,0.00000,0.99871,0.00011
77.60000,3.01194,0.00449,0.00000,0.99514,0.00037
77.80000,3.01193,0.00050,0.00000,0.99947,0.00003
78.00000,3.01194,0.00043,0.00000,0.99954,0.00002
78.20000,3.01194,0.00088,0.00000,0.99908,0.00004
78.40000,3.01193,0.00260,0.00000,0.99729,0.00011
78.60000,3.01194,0.00124,0.00000,0.99869,0.00007
78.80000,3.01193,0.00146,0.00000,0.99848,0.00007
79.00000,3.01194,0.00154,0.00000,0.99842,0.00005
79.20000,3.01194,0.00135,0.00000,0.99861,0.00004
79.40000,3.01193,0.00172,0.00000,0.99821,0.00006
79.60000,3.01194,0.00326,0.00000,0.99658,0.00016
79.80000,3.01193,0.00133,0.00000,0.99861,0.00006
80.00000,3.01194,0.00091,0.00000,0.99906,0.00003
80.20000,3.01194,0.00058,0.00000,0.99939,0.00002
80.40000,3.01193,0.00116,0.00000,0.99879,0.00005
80.60000,3.01194,0.00026,0.00000,0.99972,0.00001
80.80000,3.01193,0.00173,0.00000,0.99821,0.00006
81.00000,3.01194,0.00226,0.00000,0.99765,0.00009
81.20000,3.01194,0.00181,0.00000,0.99811,0.00007
81.40000,3.01193,0.00250,0.00000,0.99739,0.00011
81.60000,3.01194,0.00212,0.00000,0.99775,0.00013
81.80000,3.01193,0.00083,0.00000,0.99913,0.00004
82.00000,3.01194,0.00088,0.00000,0.99907,0.00005
82.20000,3.01194,0.00609,0.00000,0.99346,0.00045
82.40000,3.01193,0.00449,0.00000,0.99517,0.00034
82.60000,3.01194,0.00262,0.00000,0.99720,0.00017
82.80000,3.01193,0.00426,0.00000,0.99548,0.00026
83.00000,3.01194,0.00470,0.00000,0.99503,0.00027
83.20000,3.01194,0.00176,0.00000,0.99812,0.00011
83.40000,3.01193,0.00328,0.00000,0.99646,0.00026
83.60000,3.01194,0.00611,0.00000,0.99353,0.00036
83.80000,3.01193,0.00861,0.00000,0.99085,0.00054
84.00000,3.01194,0.00282,0.00000,0.99704,0.00014
84.20000,3.01194,0.00231,0.00000,0.99751,0.00017
84.40000,3.01193,0.00220,0.00000,0.99768,0.00012
84.60000,3.01194,0.00069,0.00000,0.99928,0.00004
84.80000,3.01193,0.00203,0.00000,0.99779,0.00017
85.00000,3.01194,0.01256,0.00000,0.98599,0.00145
85.20000,3.01194,0.00070,0.00000,0.99926,0.00005
85.40000,3.01193,0.00452,0.00000,0.99512,0.00035
85.60000,3.01194,0.01753,0.00000,0.98147,0.00101
85.80000,3.01193,0.00324,0.00000,0.99650,0.00026
86.00000,3.01194,0.00422,0.00000,0.99556,0.00022
86.20000,3.01194,0.03607,0.00000,0.96050,0.00342
86.40000,3.01193,0.02345,0.00000,0.97476,0.00179
86.60000,3.01194,0.06022,0.00000,0.93549,0.00429
86.80000,3.01193,0.04869,0.00000,0.94851,0.00280
87.00000,3.01194,0.05908,0.00000,0.93534,0.00558
87.20000,3.01194,0.03793,0.00000,0.96026,0.00182
87.40000,3.01193,0.09258,0.00000,0.90152,0.00590
87.60000,3.01194,0.00960,0.00000,0.98959,0.00081
87.80000,3.01193,0.00344,0.00000,0.99634,0.00022
88.00000,3.01194,0.00114,0.00000,0.99880,0.00006
88.20000,3.01194,0.00120,0.00000,0.99872,0.00008
88.40000,3.01193,0.00067,0.00000,0.99929,0.00004
88.60000,3.01194,0.00087,0.00000,0.99910,0.00004
88.80000,3.01193,0.00014,0.00000,0.99986,0.00001
89.00000,3.01194,0.00007,0.00000,0.99992,0.00000
89.20000,3.01194,0.00013,0.00000,0.99987,0.00000
89.40000,3.01193,0.00015,0.00000,0.99984,0.00000
89.60000,3.01194,0.00019,0.00000,0.99980,0.00000
89.80000,3.01193,0.00027,0.00000,0.99972,0.00000
90.00000,3.01194,0.00007,0.00000,0.99993,0.00000
90.20000,3.01194,0.00013,0.00000,0.99987,0.00000
90.40000,3.01193,0.00063,0.00000,0.99935,0.00002
90.60000,3.01194,0.00118,0.00000,0.99877,0.00005
90.80000,3.01193,0.00166,0.00000,0.99830,0.00004
91.00000,3.01194,0.00231,0.00000,0.99759,0.00010
91.20000,3.01194,0.00241,0.00000,0.99748,0.00011
91.40000,3.01193,0.00806,0.00000,0.99164,0.00030
91.60000,3.01194,0.02356,0.00000,0.97508,0.00136
91.80000,3.01193,0.00755,0.00000,0.99191,0.00054
92.00000,3.01194,0.01302,0.00000,0.98628,0.00070
92.20000,3.01194,0.03559,0.00000,0.96212,0.00229
92.40000,3.01193,0.00751,0.00000,0.99200,0.00049
92.60000,3.01194,0.00974,0.00000,0.98985,0.00041
92.80000,3.01193,0.00863,0.00000,0.99079,0.00058
93.00000,3.01194,0.00297,0.00000,0.99676,0.00027
93.20000,3.01194,0.00982,0.00000,0.98926,0.00092
93.40000,3.01193,0.01904,0.00000,0.98009,0.00087
93.60000,3.01194,0.00371,0.00000,0.99614,0.00016
93.80000,3.01193,0.00025,0.00000,0.99974,0.00001
94.00000,3.01194,0.00384,0.00000,0.99595,0.00021
94.20000,3.01194,0.00196,0.00000,0.99786,0.00018
94.40000,3.01193,0.00141,0.00000,0.99844,0.00015
94.60000,3.01194,0.00126,0.00000,0.99857,0.00016
94.80000,3.01193,0.00075,0.00000,0.99915,0.00010
95.00000,3.01194,0.00205,0.00000,0.99786,0.00009
95.20000,3.01194,0.00352,0.00000,0.99623,0.00026
95.40000,3.01193,0.00140,0.00000,0.99855,0.00005
95.60000,3.01194,0.00078,0.00000,0.99918,0.00004
95.80000,3.01193,0.00364,0.00000,0.99600,0.00036
96.00000,3.01194,0.00411,0.00000,0.99562,0.00028
96.20000,3.01194,0.00126,0.00000,0.99862,0.00012
96.40000,3.01193,0.00159,0.00000,0.99831,0.00011
96.60000,3.01194,0.00025,0.00000,0.99973,0.00001
96.80000,3.01193,0.00035,0.00000,0.99962,0.00003
97.00000,3.01194,0.00032,0.00000,0.99964,0.00004
97.20000,3.01194,0.00030,0.00000,0.99967,0.00002
97.40000,3.01193,0.00022,0.00000,0.99977,0.00001
97.60000,3.01194,0.00022,0.00000,0.99977,0.00001
97.80000,3.01193,0.00010,0.00000,0.99990,0.00000
98.00000,3.01194,0.00020,0.00000,0.99979,0.00001
98.20000,3.01194,0.00019,0.00000,0.99981,0.00001
98.40000,3.01193,0.00015,0.00000,0.99984,0.00000
98.60000,3.01194,0.00014,0.00000,0.99985,0.00000
98.80000,3.01193,0.00014,0.00000,0.99986,0.00000
99.00000,3.01194,0.00013,0.00000,0.99987,0.00000
99.20000,3.01194,0.00040,0.00000,0.99960,0.00000
99.40000,3.01193,0.00014,0.00000,0.99985,0.00000
99.60000,3.01194,0.00030,0.00000,0.99969,0.00001
99.80000,3.01193,0.00010,0.00000,0.99990,0.00000
100.00000,3.01194,0.00039,0.00000,0.99960,0.00001
100.20000,3.01194,0.00023,0.00000,0.99976,0.00001
100.40000,3.01193,0.00019,0.00000,0.99980,0.00000
100.60000,3.01194,0.00034,0.00000,0.99965,0.00001
100.80000,3.01193,0.00061,0.00000,0.99935,0.00004
101.00000,3.01194,0.00013,0.00000,0.99987,0.00001
101.20000,3.01194,0.00039,0.00000,0.99959,0.00002
101.40000,3.01193,0.00010,0.00000,0.99990,0.00000
101.60000,3.01194,0.00055,0.00000,0.99943,0.00002
101.80000,3.01193,0.00299,0.00000,0.99692,0.00009
102.00000,3.01194,0.00043,0.00000,0.99955,0.00002
102.20000,3.01194,0.00089,0.00000,0.99907,0.00004
102.40000,3.01193,0.01579,0.00000,0.98368,0.00053
102.60000,3.01194,0.00047,0.00000,0.99950,0.00003
102.80000,3.01193,0.00151,0.00000,0.99845,0.00005
103.00000,3.01194,0.00402,0.00000,0.99583,0.00015
103.20000,3.01194,0.00498,0.00000,0.99463,0.00039
103.40000,3.01193,0.00659,0.00000,0.99282,0.00059
103.60000,3.01194,0.01011,0.00000,0.98900,0.00089
103.80000,3.01193,0.00123,0.00000,0.99871,0.00005
104.00000,3.01194,0.00303,0.00000,0.99682,0.00015
104.20000,3.01194,0.00712,0.00000,0.99224,0.00065
104.40000,3.01193,0.00230,0.00000,0.99755,0.00015
104.60000,3.01194,0.00083,0.00000,0.99914,0.00003
104.80000,3.01193,0.00022,0.00000,0.99977,0.00001
105.00000,3.01194,0.00007,0.00000,0.99993,0.00000
105.20000,3.01194,0.00039,0.00000,0.99960,0.00001
105.40000,3.01193,0.00072,0.00000,0.99926,0.00002
105.60000,3.01194,0.00015,0.00000,0.99985,0.00000
105.80000,3.01193,0.00019,0.00000,0.99980,0.00000
106.00000,3.01194,0.00010,0.00000,0.99989,0.00000
106.20000,3.01194,0.00031,0.00000,0.99969,0.00000
106.40000,3.01193,0.00024,0.00000,0.99976,0.00001
106.60000,3.01194,0.00014,0.00000,0.99985,0.00000
106.80000,3.01193,0.00006,0.00000,0.99994,0.00000
107.00000,3.01194,0.00003,0.00000,0.99997,0.00000
107.20000,3.01194,0.00040,0.00000,0.99958,0.00002
107.40000,3.01193,0.00059,0.00000,0.99937,0.00004
107.60000,3.01194,0.00086,0.00000,0.99912,0.00003
107.80000,3.01193,0.00080,0.00000,0.99918,0.00003
108.00000,3.01194,0.00141,0.00000,0.99855,0.00004
108.20000,3.01194,0.00009,0.00000,0.99991,0.00000
108.40000,3.01193,0.00141,0.00000,0.99854,0.00005
108.60000,3.01194,0.00159,0.00000,0.99835,0.00006
108.80000,3.01193,0.00037,0.00000,0.99962,0.00001
109.00000,3.01194,0.00045,0.00000,0.99953,0.00002
109.20000,3.01194,0.00075,0.00000,0.99917,0.00008
109.40000,3.01193,0.00105,0.00000,0.99887,0.00008
109.60000,3.01194,0.02280,0.00000,0.97547,0.00173
109.80000,3.01193,0.00532,0.00000,0.99439,0.00029
110.00000,3.01194,0.00144,0.00000,0.99850,0.00006
110.20000,3.01194,0.00752,0.00000,0.99193,0.00056
110.40000,3.01193,0.00355,0.00000,0.99619,0.00027
110.60000,3.01194,0.01427,0.00000,0.98386,0.00187
110.80000,3.01193,0.00577,0.00000,0.99338,0.00085
111.00000,3.01194,0.00276,0.00000,0.99694,0.00030
111.20000,3.01194,0.00903,0.00000,0.99021,0.00076
111.40000,3.01193,0.00530,0.00000,0.99429,0.00041
111.60000,3.01194,0.00144,0.00000,0.99848,0.00008
111.80000,3.01193,0.00302,0.00000,0.99663,0.00034
112.00000,3.01194,0.00241,0.00000,0.99738,0.00021
112.20000,3.01194,0.00454,0.00000,0.99514,0.00032
112.40000,3.01193,0.00289,0.00000,0.99673,0.00038
112.60000,3.01194,0.00517,0.00000,0.99427,0.00056
112.80000,3.01193,0.00179,0.00000,0.99809,0.00012
113.00000,3.01194,0.00484,0.00000,0.99497,0.00019
113.20000,3.01194,0.00590,0.00000,0.99387,0.00023
113.40000,3.01193,0.00267,0.00000,0.99721,0.00013
113.60000,3.01194,0.00303,0.00000,0.99686,0.00011
113.80000,3.01193,0.00310,0.00000,0.99679,0.00011
114.00000,3.01194,0.00046,0.00000,0.99953,0.00001
114.20000,3.01194,0.00010,0.00000,0.99989,0.00001
114.40000,3.01193,0.00031,0.00000,0.99968,0.00002
114.60000,3.01194,0.00060,0.00000,0.99936,0.00004
114.80000,3.01193,0.00016,0.00000,0.99984,0.00000
115.00000,3.01194,0.00027,0.00000,0.99971,0.00001
115.20000,3.01194,0.00003,0.00000,0.99996,0.00000
115.40000,3.01193,0.00006,0.00000,0.99994,0.00000
115.60000,3.01194,0.00007,0.00000,0.99993,0.00000
115.80000,3.01193,0.00017,0.00000,0.99983,0.00000
116.00000,3.01194,0.00037,0.00000,0.99962,0.00001
116.20000,3.01194,0.00042,0.00000,0.99957,0.00001
116.40000,3.01193,0.00061,0.00000,0.99937,0.00002
116.60000,3.01194,0.00031,0.00000,0.99969,0.00001
116.80000,3.01193,0.00023,0.00000,0.99977,0.00000
117.00000,3.01194,0.00029,0.00000,0.99971,0.00001
117.20000,3.01194,0.00111,0.00000,0.99885,0.00004
117.40000,3.01193,0.00027,0.00000,0.99971,0.00001
117.60000,3.01194,0.00428,0.00000,0.99539,0.00033
117.80000,3.01193,0.00212,0.00000,0.99775,0.00013
118.00000,3.01194,0.00084,0.00000,0.99910,0.00006
118.20000,3.01194,0.00187,0.00000,0.99801,0.00012
118.40000,3.01193,0.00345,0.00000,0.99627,0.00027
118.60000,3.01194,0.00132,0.00000,0.99859,0.00009
118.80000,3.01193,0.00434,0.00000,0.99541,0.00026
119.00000,3.01194,0.00863,0.00000,0.99088,0.00049
119.20000,3.01194,0.00201,0.00000,0.99787,0.00012
119.40000,3.01193,0.00048,0.00000,0.99951,0.00001
119.60000,3.01194,0.00056,0.00000,0.99942,0.00002
119.80000,3.01193,0.00006,0.00000,0.99994,0.00000
120.00000,3.01194,0.00020,0.00000,0.99980,0.00001
120.20000,3.01194,0.00050,0.00000,0.99948,0.00002
120.40000,3.01193,0.00046,0.00000,0.99952,0.00001
120.60000,3.01194,0.00018,0.00000,0.99981,0.00000
120.80000,3.01193,0.00020,0.00000,0.99979,0.00001
121.00000,3.01194,0.00005,0.00000,0.99995,0.00000
121.20000,3.01194,0.00014,0.00000,0.99986,0.00000
121.40000,3.01193,0.00039,0.00000,0.99961,0.00001
121.60000,3.01194,0.00020,0.00000,0.99980,0.00000
121.80000,3.01193,0.00065,0.00000,0.99933,0.00001
122.00000,3.01194,0.00185,0.00000,0.99813,0.00002
122.20000,3.01194,0.00338,0.00000,0.99654,0.00008
122.40000,3.01193,0.00061,0.00000,0.99937,0.00002
122.60000,3.01194,0.00034,0.00000,0.99965,0.00001
122.80000,3.01193,0.00055,0.00000,0.99943,0.00002
123.00000,3.01194,0.00058,0.00000,0.99939,0.00003
123.20000,3.01194,0.00041,0.00000,0.99959,0.00001
123.40000,3.01193,0.00356,0.00000,0.99634,0.00009
123.60000,3.01194,0.00468,0.00000,0.99517,0.00015
123.80000,3.01193,0.00181,0.00000,0.99814,0.00006
124.00000,3.01194,0.00266,0.00000,0.99728,0.00006
124.20000,3.01194,0.00086,0.00000,0.99912,0.00003
124.40000,3.01193,0.00101,0.00000,0.99897,0.00002
124.60000,3.01194,0.00089,0.00000,0.99908,0.00003
124.80000,3.01193,0.00083,0.00000,0.99910,0.00007
125.00000,3.01193,0.00061,0.00000,0.99935,0.00004
125.20000,3.01195,0.00204,0.00000,0.99788,0.00008
125.40000,3.01194,0.00121,0.00000,0.99869,0.00011
125.60000,3.01194,0.00087,0.00000,0.99907,0.00006
