Time (seconds), Duration (seconds),pred_(unlabeled),pred_imbalance,pred_working,pred_impact
0.00000,3.01194,0.31302,0.00009,0.14502,0.54188
0.20000,3.01194,0.35748,0.00007,0.28046,0.36199
0.40000,3.01194,0.29445,0.00035,0.22527,0.47993
0.60000,3.01194,0.37545,0.00060,0.27921,0.34474
0.80000,3.01194,0.35888,0.00003,0.21659,0.42450
1.00000,3.01194,0.30999,0.00174,0.24633,0.44193
1.20000,3.01194,0.29079,0.00008,0.15906,0.55006
1.40000,3.01194,0.34822,0.00004,0.22334,0.42841
1.60000,3.01194,0.36653,0.00119,0.24835,0.38393
1.80000,3.01194,0.37864,0.00009,0.20346,0.41781
2.00000,3.01194,0.34182,0.00002,0.30178,0.35638
2.20000,3.01194,0.47539,0.00715,0.29381,0.22364
2.40000,3.01194,0.27644,0.00002,0.15968,0.56386
2.60000,3.01194,0.40544,0.00001,0.16686,0.42770
2.80000,3.01194,0.32041,0.00023,0.21454,0.46482
3.00000,3.01194,0.29692,0.00001,0.11945,0.58362
3.20000,3.01194,0.28768,0.00004,0.15747,0.55481
3.40000,3.01194,0.41163,0.00164,0.33076,0.25597
3.60000,3.01194,0.41518,0.00004,0.16980,0.41498
3.80000,3.01194,0.31982,0.00003,0.17638,0.50376
4.00000,3.01194,0.35465,0.00017,0.24020,0.40497
4.20000,3.01194,0.29845,0.00001,0.14672,0.55482
4.40000,3.01194,0.32921,0.00013,0.22962,0.44103
4.60000,3.01194,0.33358,0.00068,0.26586,0.39988
4.80000,3.01194,0.34247,0.00004,0.23025,0.42725
5.00000,3.01194,0.32399,0.00011,0.23636,0.43954
5.20000,3.01194,0.43634,0.00030,0.25749,0.30587
5.40000,3.01194,0.35802,0.00003,0.22167,0.42027
5.60000,3.01194,0.29992,0.00007,0.21791,0.48211
5.80000,3.01194,0.47958,0.00262,0.14094,0.37685
6.00000,3.01194,0.30489,0.00005,0.18966,0.50539
6.20000,3.01194,0.45536,0.00025,0.23250,0.31189
6.40000,3.01194,0.38711,0.00028,0.22914,0.38347
6.60000,3.01194,0.31298,0.00002,0.17805,0.50896
6.80000,3.01194,0.30170,0.00009,0.19934,0.49887
7.00000,3.01194,0.27960,0.00046,0.16301,0.55693
7.20000,3.01194,0.34903,0.00093,0.26226,0.38777
7.40000,3.01194,0.27499,0.00001,0.10425,0.62076
7.60000,3.01194,0.46574,0.00051,0.31283,0.22092
7.80000,3.01194,0.37603,0.00007,0.22974,0.39416
8.00000,3.01194,0.31048,0.00002,0.12972,0.55978
8.20000,3.01194,0.37352,0.00015,0.23405,0.39227
8.40000,3.01194,0.42946,0.00003,0.28237,0.28813
8.60000,3.01194,0.57984,0.00000,0.06090,0.35925
8.80000,3.01194,0.33516,0.00003,0.14932,0.51548
9.00000,3.01194,0.32875,0.00013,0.25449,0.41663
9.20000,3.01194,0.38712,0.00001,0.12095,0.49193
9.40000,3.01194,0.27995,0.00000,0.11486,0.60519
9.60000,3.01194,0.28072,0.00000,0.11141,0.60787
9.80000,3.01194,0.33148,0.00001,0.17060,0.49792
10.00000,3.01194,0.33510,0.00023,0.26662,0.39805
10.20000,3.01194,0.38996,0.00007,0.25945,0.35052
10.40000,3.01194,0.27787,0.00000,0.09140,0.63073
10.60000,3.01194,0.25939,0.00002,0.12043,0.62016
10.80000,3.01194,0.31225,0.00001,0.15304,0.53469
11.00000,3.01194,0.45205,0.00005,0.13853,0.40937
11.20000,3.01194,0.30578,0.00009,0.14710,0.54704
11.40000,3.01194,0.31260,0.00001,0.14189,0.54550
11.60000,3.01194,0.30099,0.00002,0.20140,0.49759
11.80000,3.01194,0.38867,0.00092,0.31798,0.29243
12.00000,3.01194,0.31840,0.00002,0.18625,0.49532
12.20000,3.01194,0.23648,0.00000,0.09846,0.66506
12.40000,3.01194,0.38310,0.00014,0.22564,0.39112
12.60000,3.01194,0.35037,0.00004,0.24334,0.40625
12.80000,3.01194,0.53016,0.00004,0.15822,0.31159
13.00000,3.01194,0.36750,0.00003,0.21468,0.41779
13.20000,3.01194,0.31682,0.00007,0.19214,0.49096
13.40000,3.01194,0.30882,0.00001,0.16259,0.52858
13.60000,3.01194,0.32878,0.00023,0.25849,0.41250
13.80000,3.01194,0.35683,0.00024,0.28561,0.35731
14.00000,3.01194,0.30622,0.00002,0.20062,0.49315
14.20000,3.01194,0.29602,0.00002,0.16111,0.54285
14.40000,3.01194,0.30565,0.00008,0.17753,0.51674
14.60000,3.01194,0.31682,0.00004,0.18790,0.49524
14.80000,3.01194,0.30857,0.00001,0.17470,0.51672
15.00000,3.01194,0.29765,0.00009,0.15455,0.54771
15.20000,3.01194,0.30420,0.00003,0.17773,0.51804
15.40000,3.01194,0.29955,0.00000,0.15812,0.54233
15.60000,3.01194,0.23776,0.00000,0.10650,0.65574
15.80000,3.01194,0.31905,0.00002,0.14180,0.53913
16.00000,3.01194,0.32768,0.00053,0.26552,0.40627
16.20000,3.01194,0.29105,0.00001,0.13572,0.57322
16.40000,3.01194,0.32702,0.00001,0.16365,0.50932
16.60000,3.01194,0.33864,0.00001,0.18055,0.48079
16.80000,3.01194,0.41226,0.00003,0.22351,0.36421
17.00000,3.01194,0.26100,0.00009,0.13722,0.60169
17.20000,3.01194,0.37635,0.00004,0.13587,0.48773
17.40000,3.01194,0.28595,0.00016,0.17353,0.54036
17.60000,3.01194,0.53698,0.00090,0.23983,0.22229
17.80000,3.01194,0.57908,0.00243,0.18705,0.23144
18.00000,3.01194,0.32208,0.00022,0.13367,0.54403
18.20000,3.01194,0.34927,0.00078,0.15743,0.49252
18.40000,3.01194,0.35125,0.00232,0.28140,0.36503
18.60000,3.01194,0.41540,0.03895,0.30637,0.23928
18.80000,3.01194,0.54879,0.00486,0.25023,0.19611
19.00000,3.01194,0.31716,0.00336,0.16330,0.51618
19.20000,3.01194,0.26782,0.00005,0.10697,0.62516
19.40000,3.01194,0.41728,0.00994,0.19815,0.37463
19.60000,3.01194,0.58433,0.03587,0.21128,0.16852
19.80000,3.01194,0.64480,0.00599,0.14368,0.20553
20.00000,3.01194,0.38058,0.00050,0.09673,0.52219
20.20000,3.01194,0.35668,0.01167,0.51585,0.11580
20.40000,3.01194,0.66351,0.00018,0.18393,0.15238
20.60000,3.01194,0.78036,0.00117,0.03567,0.18279
20.80000,3.01194,0.43111,0.00650,0.10927,0.45312
