Time(Seconds),Length(Seconds),Label(string),Confidence(double),Comment(string)
0.2509245,0.4025757,impact,1,
0.6819173,0.6630659,working,1,
1.2368663,0.2186521,impact,1,
1.5012774,0.0994598,working,1,
1.564725,0.3048722,impact,1,
1.8849084,0.2273368,working,1,
2.1459386,0.3732107,impact,1,
2.514821,0.4546737,working,1,
2.9714856,0.4175998,impact,1,
3.4336409,0.1989197,working,1,
3.5789035,0.2868362,impact,1,
3.7940307,0.5905452,impact,1,
4.4957319,0.2886112,working,1,
4.7220304,0.4260362,impact,1,
5.1338867,0.5870427,working,1,
5.7259993,0.2449461,impact,1,
6.0499314,0.4902774,working,1,
6.3780773,0.33812980000000004,impact,1,
6.7788965,0.2193346,working,1,
6.8815015,0.164166,impact,1,
7.1125347,0.2426691,working,1,
7.3029314,0.327915,impact,1,
7.5865334,0.5443047,working,1,
8.135257,0.281823,impact,1,
8.465257,0.1966378,impact,1,
8.5540385,0.4114148,working,1,
8.5540385,0.4114148,working,1,
8.9234029,0.4828808,impact,1,
9.3872746,0.3035998,impact,1,
9.616063,0.3635759,working,1,
9.985756,0.0972384,working,1,
10.0870351,0.72938,impact,1,
10.7636639,0.1679573,working,1,
10.8694433,0.3731437,working,1,
11.1422296,0.2221461,impact,1,
11.3956716,0.3827115,working,1,
11.5085355,0.4711637,impact,1,
11.9506033,0.5262283,working,1,
12.2938085,0.5418383,impact,1,
12.8636131,0.3798378,working,1,
13.192946,0.2473609,impact,1,
13.3733954,0.8596329,working,1,
14.3997073,0.2422348,impact,1,
14.7228192,0.2099103,working,1,
14.993007,0.2773412,impact,1,
15.2617101,0.2849203,working,1,
15.5266257,0.3651075,impact,1,
15.9205883,0.3561503,working,1,
16.2533301,0.2808519,impact,1,
16.5727992,0.2948945,impact,1,
16.9356169,0.8369533,working,1,
17.7829611,0.6404508,impact,1,
18.4581598,0.739012,working,1,
19.0390568,0.8193935,impact,1,
19.8471462,0.7212045,working,1,
20.5109529,0.3847095,impact,1,
21.1381914,1.2376225,working,1,
