Time (seconds), Duration (seconds),pred_(unlabeled),pred_imbalance,pred_working,pred_impact
0.00000,3.01194,0.68717,0.00000,0.14394,0.16889
0.20000,3.01194,0.48226,0.00000,0.20153,0.31621
0.40000,3.01194,0.58181,0.00000,0.22825,0.18994
0.60000,3.01194,0.57389,0.00000,0.21669,0.20942
0.80000,3.01194,0.46704,0.00000,0.15203,0.38093
1.00000,3.01194,0.48217,0.00000,0.20280,0.31503
1.20000,3.01194,0.43163,0.00000,0.13242,0.43594
1.40000,3.01194,0.51799,0.00004,0.12096,0.36101
1.60000,3.01194,0.55436,0.00009,0.09024,0.35531
1.80000,3.01194,0.52150,0.00000,0.28260,0.19590
2.00000,3.01194,0.68857,0.00000,0.19459,0.11684
2.20000,3.01194,0.49362,0.00000,0.19682,0.30956
2.40000,3.01194,0.44734,0.00000,0.10882,0.44385
2.60000,3.01194,0.47384,0.00000,0.14260,0.38355
2.80000,3.01194,0.51356,0.00013,0.26449,0.22182
3.00000,3.01194,0.57311,0.00000,0.22865,0.19825
3.20000,3.01194,0.53674,0.00000,0.22148,0.24178
3.40000,3.01194,0.56076,0.00000,0.15645,0.28279
3.60000,3.01194,0.51462,0.00000,0.18492,0.30046
3.80000,3.01194,0.60674,0.00000,0.16880,0.22446
4.00000,3.01194,0.46706,0.00000,0.21607,0.31687
4.20000,3.01194,0.47665,0.00000,0.22308,0.30027
4.40000,3.01194,0.50048,0.00000,0.22220,0.27732
4.60000,3.01194,0.49464,0.00000,0.22778,0.27758
4.80000,3.01194,0.52265,0.00000,0.23071,0.24664
5.00000,3.01194,0.48942,0.00000,0.20357,0.30701
5.20000,3.01194,0.57495,0.00000,0.21092,0.21414
5.40000,3.01194,0.53713,0.00000,0.24669,0.21618
5.60000,3.01194,0.48080,0.00000,0.28613,0.23307
5.80000,3.01194,0.49513,0.00000,0.25271,0.25216
6.00000,3.01194,0.48211,0.00000,0.26207,0.25582
6.20000,3.01194,0.54287,0.00000,0.22012,0.23700
6.40000,3.01194,0.46414,0.00000,0.24577,0.29009
6.60000,3.01194,0.49780,0.00000,0.22876,0.27344
6.80000,3.01194,0.52370,0.00000,0.20328,0.27302
7.00000,3.01194,0.47220,0.00001,0.25692,0.27087
7.20000,3.01194,0.49722,0.00000,0.23218,0.27060
7.40000,3.01194,0.50771,0.00001,0.11751,0.37477
7.60000,3.01194,0.51223,0.00000,0.24628,0.24149
7.80000,3.01194,0.48850,0.00000,0.22309,0.28841
8.00000,3.01194,0.41912,0.00000,0.03310,0.54777
8.20000,3.01194,0.44030,0.00012,0.05000,0.50958
8.40000,3.01194,0.45607,0.00001,0.21955,0.32437
8.60000,3.01194,0.53344,0.00013,0.23037,0.23606
8.80000,3.01194,0.51423,0.00005,0.19360,0.29212
9.00000,3.01194,0.54384,0.00000,0.19474,0.26141
9.20000,3.01194,0.43312,0.00000,0.04403,0.52285
9.40000,3.01194,0.37659,0.00003,0.01722,0.60616
9.60000,3.01194,0.46427,0.00000,0.16163,0.37410
9.80000,3.01194,0.52255,0.00000,0.24378,0.23367
10.00000,3.01194,0.49187,0.00011,0.22959,0.27842
10.20000,3.01194,0.55495,0.00000,0.18424,0.26081
10.40000,3.01194,0.60439,0.00000,0.17384,0.22177
10.60000,3.01194,0.36644,0.00000,0.02108,0.61247
10.80000,3.01194,0.43216,0.00000,0.08447,0.48336
11.00000,3.01194,0.56945,0.00000,0.11844,0.31211
11.20000,3.01194,0.43714,0.00002,0.37801,0.18483
11.40000,3.01194,0.86418,0.00000,0.06256,0.07326
11.60000,3.01194,0.63944,0.00000,0.21062,0.14994
11.80000,3.01194,0.50735,0.00000,0.08107,0.41158
12.00000,3.01194,0.36275,0.00000,0.02299,0.61426
12.20000,3.01194,0.56895,0.00000,0.12327,0.30778
12.40000,3.01194,0.50927,0.00000,0.21375,0.27698
12.60000,3.01194,0.78956,0.00000,0.13124,0.07920
12.80000,3.01194,0.62476,0.00000,0.21606,0.15918
13.00000,3.01194,0.70182,0.00000,0.12503,0.17315
13.20000,3.01194,0.61292,0.00000,0.15399,0.23308
13.40000,3.01194,0.39683,0.00000,0.09028,0.51289
13.60000,3.01194,0.45010,0.00000,0.13896,0.41093
13.80000,3.01194,0.48702,0.00002,0.21747,0.29548
14.00000,3.01194,0.53614,0.00000,0.24457,0.21929
14.20000,3.01194,0.57381,0.00000,0.20263,0.22356
14.40000,3.01194,0.63152,0.00000,0.16340,0.20508
14.60000,3.01194,0.57712,0.00000,0.17155,0.25133
14.80000,3.01194,0.47714,0.00000,0.13812,0.38474
15.00000,3.01194,0.48378,0.00000,0.15228,0.36394
15.20000,3.01194,0.51898,0.00000,0.15248,0.32854
15.40000,3.01194,0.48730,0.00001,0.24663,0.26607
15.60000,3.01194,0.56617,0.00000,0.21394,0.21989
15.80000,3.01194,0.45666,0.00000,0.22726,0.31608
16.00000,3.01194,0.62903,0.00000,0.16820,0.20277
16.20000,3.01194,0.45688,0.00000,0.19834,0.34477
16.40000,3.01194,0.46954,0.00000,0.16414,0.36632
16.60000,3.01194,0.45331,0.00000,0.18897,0.35772
16.80000,3.01194,0.55134,0.00000,0.20122,0.24744
17.00000,3.01194,0.49293,0.00000,0.27409,0.23299
17.20000,3.01194,0.45012,0.00000,0.25374,0.29613
17.40000,3.01194,0.51209,0.00000,0.16465,0.32326
17.60000,3.01194,0.56665,0.00000,0.22792,0.20542
17.80000,3.01194,0.56361,0.00000,0.23572,0.20067
18.00000,3.01194,0.72432,0.00000,0.15290,0.12278
18.20000,3.01194,0.72975,0.00000,0.13346,0.13679
18.40000,3.01194,0.63971,0.00000,0.15743,0.20286
18.60000,3.01194,0.56847,0.00000,0.21153,0.22000
18.80000,3.01194,0.54219,0.00000,0.21101,0.24681
19.00000,3.01194,0.45310,0.00000,0.12597,0.42093
