Time (seconds), Duration (seconds),pred_(unlabeled),pred_imbalance,pred_working,pred_impact
0.00000,3.01194,0.42182,0.00019,0.27309,0.30490
0.20000,3.01194,0.44824,0.00009,0.21999,0.33168
0.40000,3.01194,0.36686,0.00001,0.20708,0.42605
0.60000,3.01194,0.43381,0.00000,0.16287,0.40333
0.80000,3.01194,0.36476,0.00000,0.12699,0.50824
1.00000,3.01194,0.43403,0.00016,0.14911,0.41670
1.20000,3.01194,0.35599,0.00260,0.27030,0.37112
1.40000,3.01194,0.50462,0.00167,0.21845,0.27526
1.60000,3.01194,0.38991,0.00013,0.24840,0.36156
1.80000,3.01194,0.50753,0.00014,0.21968,0.27265
2.00000,3.01194,0.76242,0.00457,0.17755,0.05546
2.20000,3.01194,0.66390,0.00189,0.25787,0.07634
2.40000,3.01194,0.45903,0.00022,0.14022,0.40052
2.60000,3.01194,0.34334,0.00003,0.15591,0.50072
2.80000,3.01194,0.42812,0.00008,0.19303,0.37877
3.00000,3.01194,0.54892,0.00000,0.17823,0.27284
3.20000,3.01194,0.64245,0.00000,0.21118,0.14636
3.40000,3.01194,0.58701,0.00005,0.18918,0.22376
3.60000,3.01194,0.28411,0.00000,0.09803,0.61786
3.80000,3.01194,0.33702,0.00005,0.16215,0.50078
4.00000,3.01194,0.36454,0.00009,0.13740,0.49797
4.20000,3.01194,0.41623,0.00006,0.15056,0.43315
4.40000,3.01194,0.46206,0.00001,0.19228,0.34565
4.60000,3.01194,0.47879,0.00001,0.17051,0.35070
4.80000,3.01194,0.48599,0.00000,0.12837,0.38563
5.00000,3.01194,0.43801,0.00000,0.12253,0.43946
5.20000,3.01194,0.31736,0.00000,0.07354,0.60909
5.40000,3.01194,0.37969,0.00000,0.13997,0.48034
5.60000,3.01194,0.36946,0.00007,0.19009,0.44037
5.80000,3.01194,0.42595,0.00002,0.14824,0.42580
6.00000,3.01194,0.48997,0.00000,0.12587,0.38415
6.20000,3.01194,0.53996,0.00001,0.14795,0.31208
6.40000,3.01194,0.46270,0.00000,0.10991,0.42739
6.60000,3.01194,0.48128,0.00000,0.09164,0.42708
6.80000,3.01194,0.32620,0.00000,0.09386,0.57993
7.00000,3.01194,0.36354,0.00005,0.14264,0.49377
7.20000,3.01194,0.39192,0.00004,0.16811,0.43992
7.40000,3.01194,0.45129,0.00006,0.21887,0.32978
7.60000,3.01194,0.45394,0.00001,0.24710,0.29895
7.80000,3.01194,0.56050,0.00001,0.18225,0.25725
8.00000,3.01194,0.24395,0.00001,0.04873,0.70731
8.20000,3.01194,0.35304,0.00014,0.14212,0.50469
8.40000,3.01194,0.40700,0.00009,0.23114,0.36177
8.60000,3.01194,0.44079,0.00027,0.34250,0.21644
8.80000,3.01194,0.49147,0.00000,0.43599,0.07254
9.00000,3.01194,0.69170,0.00000,0.21465,0.09365
9.20000,3.01194,0.58616,0.00000,0.19543,0.21841
9.40000,3.01194,0.39244,0.00004,0.15532,0.45220
9.60000,3.01194,0.41120,0.00084,0.16769,0.42026
9.80000,3.01194,0.39762,0.00010,0.22591,0.37637
10.00000,3.01194,0.52148,0.00000,0.43034,0.04819
10.20000,3.01194,0.51990,0.00000,0.36988,0.11022
10.40000,3.01194,0.78345,0.00000,0.13358,0.08296
10.60000,3.01194,0.35344,0.00000,0.09590,0.55066
10.80000,3.01194,0.40422,0.00036,0.15417,0.44125
11.00000,3.01194,0.37732,0.00006,0.21684,0.40579
11.20000,3.01194,0.39355,0.00002,0.19434,0.41208
11.40000,3.01194,0.62413,0.00000,0.15761,0.21827
11.60000,3.01194,0.57996,0.00000,0.23340,0.18663
11.80000,3.01194,0.62290,0.00000,0.05838,0.31872
12.00000,3.01194,0.35660,0.00000,0.11215,0.53125
12.20000,3.01194,0.36736,0.00142,0.21060,0.42061
12.40000,3.01194,0.46603,0.00045,0.17894,0.35459
12.60000,3.01194,0.56214,0.00000,0.17514,0.26271
12.80000,3.01194,0.57111,0.00000,0.23267,0.19621
13.00000,3.01194,0.68072,0.00003,0.13204,0.18721
13.20000,3.01194,0.51875,0.00005,0.17377,0.30743
13.40000,3.01194,0.36932,0.00000,0.12248,0.50819
13.60000,3.01194,0.36781,0.00004,0.18645,0.44569
13.80000,3.01194,0.36137,0.00056,0.20825,0.42983
14.00000,3.01194,0.47830,0.00023,0.29712,0.22435
14.20000,3.01194,0.53071,0.00001,0.24702,0.22226
14.40000,3.01194,0.70211,0.00001,0.07316,0.22472
14.60000,3.01194,0.66605,0.00002,0.06591,0.26802
14.80000,3.01194,0.24579,0.00000,0.04595,0.70826
15.00000,3.01194,0.50292,0.00006,0.16093,0.33609
15.20000,3.01194,0.77763,0.00000,0.04994,0.17243
15.40000,3.01194,0.74779,0.00012,0.08790,0.16419
15.60000,3.01194,0.77437,0.00000,0.10033,0.12530
15.80000,3.01194,0.60196,0.00000,0.13292,0.26513
16.00000,3.01194,0.60504,0.00000,0.22718,0.16778
16.20000,3.01194,0.49828,0.00001,0.12314,0.37857
16.40000,3.01194,0.34945,0.00009,0.18022,0.47024
16.60000,3.01194,0.35080,0.00007,0.16362,0.48551
16.80000,3.01194,0.40459,0.00005,0.20411,0.39125
17.00000,3.01194,0.37348,0.00004,0.20979,0.41670
17.20000,3.01194,0.37489,0.00006,0.15165,0.47340
17.40000,3.01194,0.40525,0.00004,0.12623,0.46848
17.60000,3.01194,0.36044,0.00008,0.14776,0.49173
17.80000,3.01194,0.44620,0.00084,0.21737,0.33559
18.00000,3.01194,0.47178,0.00734,0.37428,0.14660
18.20000,3.01194,0.59199,0.00058,0.29512,0.11231
18.40000,3.01194,0.56889,0.00000,0.16867,0.26243
18.60000,3.01194,0.47398,0.00002,0.19955,0.32645
18.80000,3.01194,0.43827,0.00000,0.15135,0.41038
19.00000,3.01194,0.38925,0.00000,0.14059,0.47016
