Time(Seconds),Length(Seconds),Label(string),Confidence(double),Comment(string)
0.2559381,1.9849131,working,1,
2.2410851,0.1973127,impact,1,
2.8710916,2.4274943,working,1,
5.299541100000001,0.3636209,impact,1,
6.117489,1.8494684,working,1,
7.9684931,0.3857494,impact,1,
8.7543738,1.5450819999999998,working,1,
10.2999674,0.2084936,impact,1,
11.0128822,1.4537434,working,1,
12.467449499999999,0.1713154,impact,1,
13.1808119,1.361532,working,1,
14.5431877,0.164198,impact,1,
15.2547572,1.3046104,working,1,
16.5607275,0.2065146,impact,1,
17.1433148,1.2506621000000002,working,1,
18.3945441,0.49944510000000003,impact,1,
19.0655705,1.2750275,working,1,
20.3427091,0.2235675,impact,1,
20.9264484,1.0697561,working,1,
21.9969,0.7375458,impact,1,
22.7645774,1.0010613000000002,working,1,
23.7663619,0.1272068,impact,1,
24.4608903,0.9312991,working,1,
25.3925018,0.13183279999999997,impact,1,
25.8666919,1.1856039,working,1,
27.052774199999998,0.13928000000000001,impact,1,
27.6636483,1.0473086,working,1,
28.7110881,0.1924887,impact,1,
29.1908177,1.0602601,working,1,
30.2513497,0.11810810000000002,impact,1,
30.669891999999997,1.0898828999999999,working,1,
31.7598872,0.6012501000000001,impact,1,
32.3841308,0.6951409000000001,working,1,
33.0797409,0.14135709999999999,impact,1,
33.5160688,1.0090777,working,1,
34.5255868,0.23291430000000002,impact,1,
35.007922,0.961145,working,1,
35.969354499999994,0.1672441,impact,1,
36.342515,1.1722889,working,1,
37.5158765,0.1217212,impact,1,
37.9169172,1.0906192,working,1,
39.0080021,0.3711429,impact,1,
39.4306674,0.9200446999999999,working,1,
40.351153599999996,0.44243879999999997,impact,1,
40.8506333,0.8562674999999998,working,1,
41.707251799999995,0.2162069,impact,1,
42.300582,0.8935783,working,1,
43.1944756,0.1772088,impact,1,
43.7651078,0.9751623,working,1,
44.74092509999999,0.2747694,impact,1,
45.321531900000004,0.8980312,working,1,
46.21979,0.5033844,impact,1,
46.797944300000005,0.5472751,working,1,
47.345792200000005,0.311311,impact,1,
47.910556400000004,0.6986745000000001,working,1,
48.6097556,0.45260510000000004,impact,1,
49.2771613,0.8085456999999999,working,1,
50.0872003,0.20914739999999998,impact,1,
50.577700799999995,1.0344481,working,1,
51.6142558,0.23808179999999998,impact,1,
52.2238634,1.0435131,working,1,
53.2689109,0.6597733,impact,1,
54.0114273,0.7305768,working,1,
54.7437866,0.4062068,impact,1,
55.3217177,0.9246674,working,1,
56.247671200000006,0.2501968,impact,1,
56.8969356,0.8823446,working,1,
57.7803238,0.6046538,impact,1,
58.5905685,0.6163321,working,1,
59.2080992,0.6207976000000001,impact,1,
59.9759795,0.5577271,working,1,
60.5344403,0.9313695000000001,impact,1,
61.583523,0.3505634000000001,working,1,
61.934928199999995,0.7702053999999999,impact,1,
62.870011,0.8437418,working,1,
63.7142627,0.24822959999999997,impact,1,
64.4914063,0.9580514,working,1,
65.4514776,0.7103309999999999,impact,1,
66.1993157,0.5938118,working,1,
66.7945153,0.3085752,impact,1,
67.4835673,0.762264,working,1,
68.24626429999999,0.43737539999999997,impact,1,
68.9235326,0.7153098999999999,working,1,
69.6404814,0.8147213999999999,impact,1,
70.46915600000001,0.8008327,working,1,
71.2708756,0.30668090000000003,impact,1,
72.0412343,0.8157025,working,1,
72.8595305,0.5297052,impact,1,
73.7078671,1.0134249,working,1,
74.7226403,0.7543158,impact,1,
75.4883484,0.8408026,working,1,
76.3302971,0.3981769,impact,1,
77.1161604,0.9698007000000001,working,1,
78.08655730000001,0.2827084,impact,1,
78.737716,0.8501012,working,1,
79.589139,2.107025,impact,1,
82.1257904,0.8977086,working,1,
83.0246216,0.6906568,impact,1,
84.0056044,1.0322218,working,1,
85.0446177,0.666575,impact,1,
86.0638254,0.8105656,working,1,
86.87872540000001,1.0579652,impact,1,
88.2474335,0.9951062,working,1,
89.2465034,1.1945386,impact,1,
90.6075742,0.8307764,working,1,
91.45405670000001,1.1755993999999999,impact,1,
92.9797405,1.0075288,working,1,
93.9924595,1.3899843,impact,1,
95.7960933,0.9971459,working,1,
96.7950642,0.9329029,impact,1,
98.0819482,1.1032818,working,1,
99.1864801,0.3528575,impact,1,
99.8605246,1.0556282000000001,working,1,
100.9183557,1.0116963,impact,1,
102.1130235,1.1029542,working,1,
103.2172647,0.8352929,impact,1,
104.2749344,1.2383454,working,1,
105.51576510000001,0.40108520000000003,impact,1,
106.1988428,1.1628421,working,1,
107.3634455,0.6585841,impact,1,
108.2806253,0.9506884999999999,working,1,
109.2324993,0.4696153,impact,1,
109.9318821,1.2184054999999998,working,1,
111.15133639999999,0.6336971,impact,1,
112.0877755,1.1197463,working,1,
113.2083249,0.7071824,impact,1,
114.1105939,1.1227844,working,1,
115.2377978,0.9993970000000001,impact,1,
116.2512546,0.46452960000000004,working,1,
116.717213,0.9425353,impact,1,
117.9826158,0.4679042,working,1,
118.46223700000002,2.8566849000000003,impact,1,
121.6182115,1.1880111999999998,working,1,
122.8083591,2.0884043,impact,1,
124.93808469999999,0.904805,working,1,
125.8500207,1.1916901,impact,1,
127.3477621,1.187389,working,1,
128.53585779999997,0.6766253999999999,impact,1,
129.4485163,1.4706358,working,1,
130.92029440000002,1.188863,impact,1,
132.28410340000002,1.2963675,working,1,
133.58644529999998,1.3790491,impact,1,
135.0101701,1.3158834000000001,working,1,
136.3285251,0.9069857,impact,1,
137.326916,1.1402865999999998,working,1,
138.4686176,0.9677844,impact,1,
139.7482437,1.3287824,working,1,
141.07982679999998,0.9170318,impact,1,
142.13347,1.3579163,working,1,
143.4931878,0.9844332,impact,1,
144.6825427,1.1291231,working,1,
145.8206715,0.9718105,impact,1,
146.8607247,1.2081428,working,1,
148.07307880000002,1.0831374999999999,impact,1,
149.2114908,1.1348184000000001,working,1,
150.3474187,1.0500568000000001,impact,1,
151.5759142,1.2776181000000002,working,1,
152.8543511,1.0924540999999999,impact,1,
153.9660253,0.6303917,working,1,
154.5975473,0.516677,impact,1,
155.340998,1.1696191,working,1,
156.51169539999998,0.1652549,impact,1,
157.0862007,0.9586382,working,1,
158.04600240000002,0.7061921,impact,1,
158.7637303,0.5333585,working,1,
159.2984032,0.6981661,impact,1,
159.998593,0.5151896,working,1,
160.5145124,0.26929390000000003,impact,1,
161.2514328,1.0958913,working,1,
162.3527994,0.7646728999999999,impact,1,
163.1594014,0.4922668,working,1,
163.654041,0.6640136,impact,1,
164.3654742,0.840735,working,1,
165.2069928,0.2223294,impact,1,
165.7448072,1.1391979,working,1,
166.88605,0.8078243,impact,1,
167.7581907,0.3937946,working,1,
168.15368930000002,0.6739662,impact,1,
168.8879505,0.5568091000000001,working,1,
169.4459269,0.7010617,impact,1,
170.1892994,0.706015,working,1,
170.8962637,0.5877799,impact,1,
171.5507529,0.6351244,working,1,
172.1860028,0.3106856,impact,1,
172.8447651,0.6114297999999999,working,1,
173.45659709999998,0.6237621,impact,1,
174.1061891,0.3981134,working,1,
174.5057414,0.5595608000000001,impact,1,
175.3224683,0.491259,working,1,
175.814669,0.45537849999999996,impact,1,
176.5399071,0.5922518,working,1,
177.1326985,0.8029984,impact,1,
177.9632405,0.6010569,working,1,
178.5647644,0.2926958,impact,1,
179.1146656,0.848294,working,1,
179.96390639999998,0.6781479,impact,1,
180.66089309999998,0.4065457,working,1,
181.0674785,0.409062,impact,1,
181.8959742,0.5307658000000001,working,1,
182.4277705,0.6253789,impact,1,
183.0746981,0.272646,working,1,
183.34918009999998,0.46461810000000003,impact,1,
183.8368872,2.0824778999999998,working,1,
