Time (seconds), Duration (seconds),pred_(unlabeled),pred_imbalance,pred_working,pred_impact
0.00000,3.01194,0.21714,0.00000,0.11171,0.67115
0.20000,3.01194,0.26490,0.00000,0.24895,0.48615
0.40000,3.01194,0.35956,0.00000,0.02598,0.61446
0.60000,3.01194,0.48245,0.00000,0.06198,0.45556
0.80000,3.01194,0.55028,0.00000,0.13613,0.31359
1.00000,3.01194,0.59155,0.00000,0.08978,0.31867
1.20000,3.01194,0.50471,0.00002,0.25542,0.23985
1.40000,3.01194,0.48177,0.00000,0.14338,0.37485
1.60000,3.01194,0.37911,0.00000,0.03460,0.58629
1.80000,3.01194,0.52877,0.00000,0.10284,0.36839
2.00000,3.01194,0.52969,0.00000,0.20023,0.27009
2.20000,3.01194,0.28134,0.00000,0.00723,0.71142
2.40000,3.01194,0.55206,0.00000,0.05893,0.38901
2.60000,3.01194,0.56950,0.00000,0.10493,0.32556
2.80000,3.01194,0.58047,0.00000,0.15543,0.26410
3.00000,3.01194,0.68580,0.00000,0.18893,0.12527
3.20000,3.01194,0.66230,0.00000,0.17102,0.16668
3.40000,3.01194,0.47175,0.00000,0.18153,0.34672
3.60000,3.01194,0.52964,0.00004,0.21674,0.25358
3.80000,3.01194,0.52376,0.00002,0.17201,0.30421
4.00000,3.01194,0.44907,0.00000,0.18800,0.36292
4.20000,3.01194,0.45443,0.00000,0.19526,0.35031
4.40000,3.01194,0.47690,0.00000,0.19848,0.32462
4.60000,3.01194,0.42219,0.00003,0.19258,0.38521
4.80000,3.01194,0.49154,0.00000,0.22598,0.28248
5.00000,3.01194,0.44893,0.00000,0.24261,0.30846
5.20000,3.01194,0.51840,0.00000,0.22510,0.25651
5.40000,3.01194,0.50293,0.00000,0.19051,0.30655
5.60000,3.01194,0.45092,0.00000,0.05402,0.49506
5.80000,3.01194,0.45895,0.00002,0.04724,0.49379
6.00000,3.01194,0.46227,0.00000,0.25359,0.28414
6.20000,3.01194,0.55396,0.00000,0.23976,0.20627
6.40000,3.01194,0.51778,0.00001,0.24312,0.23909
6.60000,3.01194,0.49360,0.00000,0.20799,0.29841
6.80000,3.01194,0.48582,0.00000,0.12265,0.39153
7.00000,3.01194,0.45678,0.00000,0.22618,0.31704
7.20000,3.01194,0.48717,0.00000,0.26479,0.24804
7.40000,3.01194,0.44104,0.00000,0.13077,0.42819
7.60000,3.01194,0.33495,0.00000,0.02078,0.64426
7.80000,3.01194,0.46740,0.00001,0.10853,0.42406
8.00000,3.01194,0.52537,0.00001,0.23945,0.23517
8.20000,3.01194,0.52366,0.00013,0.12648,0.34973
8.40000,3.01194,0.51024,0.00000,0.25792,0.23184
8.60000,3.01194,0.72694,0.00000,0.12616,0.14690
8.80000,3.01194,0.53531,0.00001,0.11057,0.35411
9.00000,3.01194,0.38027,0.00000,0.12242,0.49731
9.20000,3.01194,0.41164,0.00000,0.05693,0.53142
9.40000,3.01194,0.48467,0.00000,0.05980,0.45553
9.60000,3.01194,0.50814,0.00001,0.17415,0.31771
9.80000,3.01194,0.58664,0.00003,0.18470,0.22863
10.00000,3.01194,0.36116,0.00002,0.15772,0.48110
10.20000,3.01194,0.46080,0.00000,0.17846,0.36074
10.40000,3.01194,0.45326,0.00000,0.23695,0.30978
10.60000,3.01194,0.42641,0.00000,0.15907,0.41451
10.80000,3.01194,0.45456,0.00000,0.10104,0.44440
11.00000,3.01194,0.41357,0.00000,0.02827,0.55816
11.20000,3.01194,0.61528,0.00000,0.07833,0.30639
11.40000,3.01194,0.76355,0.00000,0.13043,0.10601
11.60000,3.01194,0.43332,0.00003,0.24060,0.32606
11.80000,3.01194,0.48128,0.00000,0.21324,0.30547
12.00000,3.01194,0.58018,0.00000,0.16035,0.25947
12.20000,3.01194,0.47323,0.00000,0.17768,0.34909
12.40000,3.01194,0.47390,0.00000,0.12786,0.39824
12.60000,3.01194,0.49621,0.00000,0.05987,0.44391
12.80000,3.01194,0.54785,0.00001,0.15242,0.29972
13.00000,3.01194,0.61443,0.00000,0.16222,0.22335
13.20000,3.01194,0.45822,0.00000,0.21077,0.33100
13.40000,3.01194,0.48770,0.00000,0.23248,0.27982
13.60000,3.01194,0.49521,0.00000,0.25292,0.25187
13.80000,3.01194,0.47539,0.00001,0.23124,0.29336
14.00000,3.01194,0.41200,0.00001,0.04960,0.53839
14.20000,3.01194,0.41189,0.00000,0.04036,0.54775
14.40000,3.01194,0.49029,0.00000,0.09864,0.41106
14.60000,3.01194,0.56036,0.00000,0.21597,0.22367
14.80000,3.01194,0.51766,0.00001,0.16177,0.32056
15.00000,3.01194,0.49490,0.00029,0.20877,0.29604
15.20000,3.01194,0.53796,0.00003,0.16284,0.29918
15.40000,3.01194,0.46007,0.00000,0.23070,0.30923
15.60000,3.01194,0.48818,0.00000,0.21491,0.29691
15.80000,3.01194,0.47987,0.00000,0.13110,0.38903
16.00000,3.01194,0.51350,0.00000,0.07766,0.40885
16.20000,3.01194,0.53083,0.00000,0.13559,0.33359
16.40000,3.01194,0.94318,0.00000,0.01919,0.03763
16.60000,3.01194,0.47188,0.00000,0.18777,0.34035
16.80000,3.01194,0.56236,0.00000,0.18949,0.24815
17.00000,3.01194,0.42927,0.00000,0.08192,0.48881
17.20000,3.01194,0.46703,0.00000,0.27568,0.25729
17.40000,3.01194,0.50605,0.00000,0.10181,0.39213
17.60000,3.01194,0.40550,0.00000,0.02273,0.57177
17.80000,3.01194,0.48547,0.00000,0.04084,0.47369
18.00000,3.01194,0.59704,0.00000,0.21898,0.18398
18.20000,3.01194,0.85679,0.00013,0.03989,0.10320
18.40000,3.01194,0.59063,0.00000,0.21344,0.19593
18.60000,3.01194,0.63983,0.00000,0.06203,0.29814
18.80000,3.01194,0.25889,0.00000,0.04143,0.69968
19.00000,3.01194,0.45394,0.00000,0.23533,0.31073
19.20000,3.01194,0.50308,0.00000,0.21342,0.28350
19.40000,3.01194,0.38282,0.00000,0.01935,0.59783
19.60000,3.01194,0.51815,0.00000,0.12908,0.35277
19.80000,3.01194,0.54962,0.00001,0.27385,0.17652
20.00000,3.01194,0.50274,0.00000,0.20810,0.28915
20.20000,3.01194,0.63245,0.00000,0.11535,0.25220
20.40000,3.01194,0.53505,0.00003,0.18327,0.28165
20.60000,3.01194,0.69758,0.00000,0.13344,0.16897
20.80000,3.01194,0.59918,0.00016,0.16099,0.23966
21.00000,3.01194,0.52650,0.00009,0.03665,0.43676
21.20000,3.01194,0.52047,0.00010,0.14873,0.33070
21.40000,3.01194,0.40648,0.00015,0.03717,0.55621
21.60000,3.01194,0.45787,0.00001,0.03136,0.51076
21.80000,3.01194,0.51891,0.00004,0.16513,0.31592
22.00000,3.01194,0.46450,0.00390,0.09111,0.44050
22.20000,3.01194,0.47855,0.00101,0.09562,0.42482
22.40000,3.01194,0.47262,0.00013,0.15401,0.37324
22.60000,3.01194,0.81133,0.01469,0.05922,0.11477
22.80000,3.01194,0.69867,0.00000,0.17119,0.13014
23.00000,3.01194,0.42146,0.00013,0.11177,0.46664
23.20000,3.01194,0.56768,0.00005,0.01906,0.41321
23.40000,3.01194,0.43926,0.00020,0.10317,0.45737
23.60000,3.01194,0.41524,0.00025,0.04104,0.54347
23.80000,3.01194,0.45117,0.00011,0.03814,0.51058
24.00000,3.01194,0.49328,0.00000,0.11629,0.39043
24.20000,3.01194,0.56060,0.00009,0.13974,0.29956
24.40000,3.01194,0.31173,0.00000,0.00862,0.67965
24.60000,3.01194,0.42484,0.00026,0.06910,0.50581
