Time (seconds), Duration (seconds),pred_(unlabeled),pred_imbalance,pred_working,pred_impact
0.00000,3.01194,0.49906,0.00038,0.06452,0.43604
0.20000,3.01194,0.63276,0.00717,0.10970,0.25037
0.40000,3.01194,0.64972,0.29543,0.01957,0.03528
0.60000,3.01194,0.84284,0.04349,0.02479,0.08888
0.80000,3.01194,0.85529,0.05110,0.02912,0.06450
1.00000,3.01194,0.79679,0.06721,0.05309,0.08291
1.20000,3.01194,0.76700,0.02091,0.07034,0.14175
1.40000,3.01194,0.80943,0.01109,0.08468,0.09480
1.60000,3.01194,0.80776,0.10205,0.04125,0.04893
1.80000,3.01194,0.56284,0.34776,0.04562,0.04378
2.00000,3.01194,0.76735,0.02334,0.08055,0.12876
2.20000,3.01194,0.83156,0.05176,0.04266,0.07402
2.40000,3.01194,0.84704,0.08544,0.02748,0.04004
2.60000,3.01194,0.85729,0.02354,0.04584,0.07334
2.80000,3.01194,0.77453,0.17093,0.02177,0.03278
3.00000,3.01194,0.51484,0.38466,0.03631,0.06419
3.20000,3.01194,0.60481,0.29265,0.03213,0.07042
3.40000,3.01194,0.65692,0.18933,0.02987,0.12388
3.60000,3.01194,0.67125,0.14091,0.03805,0.14979
3.80000,3.01194,0.73370,0.05124,0.05916,0.15590
4.00000,3.01194,0.70387,0.09847,0.02867,0.16899
4.20000,3.01194,0.48860,0.35846,0.02858,0.12435
4.40000,3.01194,0.50330,0.34659,0.02044,0.12967
4.60000,3.01194,0.53214,0.40950,0.00740,0.05095
4.80000,3.01194,0.57986,0.23389,0.02851,0.15775
5.00000,3.01194,0.44983,0.51844,0.00601,0.02573
5.20000,3.01194,0.10444,0.88582,0.00152,0.00822
5.40000,3.01194,0.30125,0.66312,0.00444,0.03118
5.60000,3.01194,0.03452,0.96452,0.00020,0.00076
5.80000,3.01194,0.02595,0.97250,0.00024,0.00130
6.00000,3.01194,0.07803,0.91668,0.00147,0.00382
6.20000,3.01194,0.05104,0.94491,0.00070,0.00335
6.40000,3.01194,0.00176,0.99808,0.00006,0.00011
6.60000,3.01194,0.02203,0.97625,0.00061,0.00111
6.80000,3.01194,0.01768,0.97761,0.00233,0.00238
7.00000,3.01194,0.00315,0.99665,0.00008,0.00012
7.20000,3.01194,0.03014,0.96706,0.00093,0.00187
7.40000,3.01194,0.00364,0.99602,0.00014,0.00020
7.60000,3.01194,0.00004,0.99996,0.00000,0.00000
7.80000,3.01194,0.00892,0.98969,0.00049,0.00090
8.00000,3.01194,0.01963,0.97620,0.00228,0.00189
8.20000,3.01194,0.00002,0.99998,0.00000,0.00000
8.40000,3.01194,0.00463,0.99507,0.00013,0.00017
8.60000,3.01194,0.00008,0.99988,0.00003,0.00001
8.80000,3.01194,0.00000,1.00000,0.00000,0.00000
9.00000,3.01194,0.00354,0.99616,0.00009,0.00021
9.20000,3.01194,0.00055,0.99935,0.00005,0.00006
9.40000,3.01194,0.00010,0.99988,0.00001,0.00001
9.60000,3.01194,0.00169,0.99817,0.00008,0.00006
9.80000,3.01194,0.00001,0.99999,0.00000,0.00000
10.00000,3.01194,0.00042,0.99950,0.00005,0.00002
10.20000,3.01194,0.00222,0.99685,0.00064,0.00029
10.40000,3.01194,0.00238,0.99715,0.00029,0.00018
10.60000,3.01194,0.01327,0.98592,0.00029,0.00053
10.80000,3.01194,0.00141,0.99842,0.00007,0.00010
11.00000,3.01194,0.00299,0.99670,0.00018,0.00013
11.20000,3.01194,0.06407,0.92287,0.00448,0.00858
11.40000,3.01194,0.00553,0.99365,0.00040,0.00041
11.60000,3.01194,0.11787,0.85650,0.00842,0.01721
11.80000,3.01194,0.09397,0.87783,0.01153,0.01668
12.00000,3.01194,0.03120,0.96389,0.00195,0.00296
12.20000,3.01194,0.32421,0.59079,0.03356,0.05144
12.40000,3.01194,0.20220,0.76362,0.01288,0.02130
12.60000,3.01194,0.17388,0.80645,0.00490,0.01477
12.80000,3.01194,0.74028,0.11354,0.03998,0.10620
13.00000,3.01194,0.23788,0.73906,0.00449,0.01857
13.20000,3.01194,0.48884,0.45322,0.01344,0.04449
13.40000,3.01194,0.69593,0.21983,0.02354,0.06071
13.60000,3.01194,0.62388,0.23952,0.03748,0.09911
13.80000,3.01194,0.71130,0.19105,0.03050,0.06715
14.00000,3.01194,0.77713,0.09411,0.02694,0.10182
14.20000,3.01194,0.27035,0.69900,0.00818,0.02247
14.40000,3.01194,0.69114,0.05126,0.08276,0.17484
14.60000,3.01194,0.69514,0.17002,0.03972,0.09512
14.80000,3.01194,0.52979,0.41214,0.01986,0.03821
15.00000,3.01194,0.74442,0.05375,0.05432,0.14751
15.20000,3.01194,0.64125,0.23467,0.04824,0.07584
15.40000,3.01194,0.40544,0.54823,0.01459,0.03174
15.60000,3.01194,0.65695,0.19714,0.04618,0.09973
15.80000,3.01194,0.31249,0.66368,0.00851,0.01533
16.00000,3.01194,0.56480,0.34313,0.03420,0.05786
16.20000,3.01194,0.63928,0.28347,0.03536,0.04189
16.40000,3.01194,0.27024,0.70065,0.01052,0.01859
16.60000,3.01194,0.44481,0.50622,0.01802,0.03095
16.80000,3.01194,0.49220,0.46851,0.01198,0.02731
17.00000,3.01194,0.25593,0.71226,0.00852,0.02329
17.20000,3.01194,0.57787,0.33604,0.02955,0.05653
17.40000,3.01194,0.35047,0.61242,0.01296,0.02414
17.60000,3.01194,0.05850,0.93527,0.00230,0.00393
17.80000,3.01194,0.48575,0.48346,0.00777,0.02301
18.00000,3.01194,0.22525,0.75008,0.00653,0.01814
18.20000,3.01194,0.14236,0.82551,0.00731,0.02482
18.40000,3.01194,0.41069,0.50237,0.02314,0.06380
18.60000,3.01194,0.22619,0.74504,0.00700,0.02177
18.80000,3.01194,0.15062,0.82812,0.00479,0.01647
19.00000,3.01194,0.18190,0.77836,0.01117,0.02857
19.20000,3.01194,0.16086,0.81896,0.00473,0.01545
19.40000,3.01194,0.04609,0.95077,0.00066,0.00248
19.60000,3.01194,0.05370,0.93890,0.00163,0.00577
19.80000,3.01194,0.07068,0.91724,0.00366,0.00843
20.00000,3.01194,0.13998,0.85330,0.00135,0.00536
20.20000,3.01194,0.00857,0.99125,0.00006,0.00013
20.40000,3.01194,0.00750,0.99180,0.00022,0.00048
20.60000,3.01194,0.04886,0.94734,0.00113,0.00268
20.80000,3.01194,0.02386,0.97499,0.00035,0.00079
21.00000,3.01194,0.00322,0.99662,0.00006,0.00010
21.20000,3.01194,0.01218,0.98721,0.00018,0.00043
21.40000,3.01194,0.02038,0.97785,0.00085,0.00093
21.60000,3.01194,0.00912,0.99060,0.00014,0.00015
21.80000,3.01194,0.00506,0.99480,0.00005,0.00009
22.00000,3.01194,0.00424,0.99529,0.00021,0.00025
22.20000,3.01194,0.00861,0.99083,0.00023,0.00033
22.40000,3.01194,0.00101,0.99891,0.00002,0.00005
22.60000,3.01194,0.00039,0.99956,0.00003,0.00003
22.80000,3.01194,0.00287,0.99674,0.00018,0.00021
23.00000,3.01194,0.01025,0.98909,0.00015,0.00052
23.20000,3.01194,0.00078,0.99917,0.00002,0.00003
23.40000,3.01194,0.00051,0.99945,0.00002,0.00002
23.60000,3.01194,0.00036,0.99959,0.00003,0.00002
23.80000,3.01194,0.00032,0.99966,0.00001,0.00001
24.00000,3.01194,0.00020,0.99977,0.00001,0.00001
24.20000,3.01194,0.00023,0.99976,0.00001,0.00001
24.40000,3.01194,0.00476,0.99479,0.00022,0.00023
24.60000,3.01194,0.00039,0.99957,0.00003,0.00001
24.80000,3.01194,0.00064,0.99928,0.00004,0.00003
25.00000,3.01194,0.00042,0.99955,0.00001,0.00002
25.20000,3.01194,0.00452,0.99485,0.00025,0.00038
25.40000,3.01194,0.00087,0.99901,0.00007,0.00006
25.60000,3.01194,0.00281,0.99695,0.00011,0.00013
25.80000,3.01194,0.00042,0.99957,0.00001,0.00001
26.00000,3.01194,0.00256,0.99730,0.00006,0.00008
26.20000,3.01194,0.01608,0.98307,0.00028,0.00058
26.40000,3.01194,0.00097,0.99900,0.00001,0.00002
26.60000,3.01194,0.00179,0.99819,0.00000,0.00002
26.80000,3.01194,0.02918,0.96867,0.00061,0.00154
27.00000,3.01194,0.00294,0.99691,0.00005,0.00010
27.20000,3.01194,0.00705,0.99286,0.00002,0.00007
27.40000,3.01194,0.01210,0.98774,0.00002,0.00014
27.60000,3.01194,0.00223,0.99764,0.00003,0.00011
27.80000,3.01194,0.00194,0.99773,0.00010,0.00022
28.00000,3.01194,0.00288,0.99665,0.00018,0.00029
28.20000,3.01194,0.00129,0.99866,0.00002,0.00004
28.40000,3.01194,0.00093,0.99905,0.00000,0.00002
28.60000,3.01194,0.00052,0.99945,0.00001,0.00002
28.80000,3.01194,0.00014,0.99984,0.00001,0.00001
29.00000,3.01194,0.00058,0.99935,0.00004,0.00003
29.20000,3.01194,0.00033,0.99964,0.00002,0.00001
29.40000,3.01194,0.00017,0.99982,0.00000,0.00000
29.60000,3.01194,0.00009,0.99991,0.00000,0.00000
29.80000,3.01194,0.00001,0.99999,0.00000,0.00000
30.00000,3.01194,0.00002,0.99998,0.00000,0.00000
30.20000,3.01194,0.00003,0.99996,0.00000,0.00000
30.40000,3.01194,0.00003,0.99996,0.00000,0.00000
30.60000,3.01194,0.00002,0.99998,0.00000,0.00000
30.80000,3.01194,0.00000,1.00000,0.00000,0.00000
31.00000,3.01194,0.00000,1.00000,0.00000,0.00000
31.20000,3.01194,0.00001,0.99999,0.00000,0.00000
31.40000,3.01194,0.00001,0.99999,0.00000,0.00000
31.60000,3.01194,0.00002,0.99998,0.00000,0.00000
31.80000,3.01194,0.00002,0.99997,0.00001,0.00000
32.00000,3.01194,0.00002,0.99997,0.00001,0.00000
32.20000,3.01194,0.00012,0.99983,0.00004,0.00000
32.40000,3.01194,0.00031,0.99963,0.00004,0.00002
32.60000,3.01194,0.00009,0.99991,0.00000,0.00000
32.80000,3.01194,0.00013,0.99986,0.00000,0.00000
33.00000,3.01194,0.00026,0.99971,0.00003,0.00001
33.20000,3.01194,0.00012,0.99987,0.00001,0.00000
33.40000,3.01194,0.00027,0.99973,0.00000,0.00000
33.60000,3.01194,0.00013,0.99986,0.00000,0.00000
33.80000,3.01194,0.00019,0.99979,0.00001,0.00001
34.00000,3.01194,0.00057,0.99939,0.00002,0.00002
34.20000,3.01194,0.00025,0.99973,0.00001,0.00001
34.40000,3.01194,0.00115,0.99875,0.00004,0.00005
34.60000,3.01194,0.00029,0.99966,0.00002,0.00003
34.80000,3.01194,0.00007,0.99991,0.00001,0.00001
35.00000,3.01194,0.00073,0.99911,0.00010,0.00006
35.20000,3.01194,0.00015,0.99984,0.00001,0.00001
35.40000,3.01194,0.00026,0.99969,0.00004,0.00001
35.60000,3.01194,0.00024,0.99972,0.00003,0.00001
35.80000,3.01194,0.00007,0.99991,0.00001,0.00001
36.00000,3.01194,0.00010,0.99989,0.00001,0.00000
36.20000,3.01194,0.00018,0.99981,0.00001,0.00000
36.40000,3.01194,0.00021,0.99974,0.00003,0.00002
36.60000,3.01194,0.00008,0.99990,0.00002,0.00000
36.80000,3.01194,0.00002,0.99998,0.00000,0.00000
37.00000,3.01194,0.00000,1.00000,0.00000,0.00000
37.20000,3.01194,0.00001,0.99999,0.00000,0.00000
37.40000,3.01194,0.00003,0.99997,0.00000,0.00000
37.60000,3.01194,0.00001,0.99998,0.00000,0.00000
37.80000,3.01194,0.00000,0.99999,0.00000,0.00000
38.00000,3.01194,0.00000,1.00000,0.00000,0.00000
38.20000,3.01194,0.00000,1.00000,0.00000,0.00000
38.40000,3.01194,0.00000,1.00000,0.00000,0.00000
38.60000,3.01194,0.00000,0.99999,0.00000,0.00000
38.80000,3.01194,0.00000,1.00000,0.00000,0.00000
39.00000,3.01194,0.00000,1.00000,0.00000,0.00000
39.20000,3.01194,0.00000,0.99999,0.00000,0.00000
39.40000,3.01194,0.00001,0.99998,0.00001,0.00000
39.60000,3.01194,0.00002,0.99997,0.00002,0.00000
39.80000,3.01194,0.00008,0.99989,0.00002,0.00001
40.00000,3.01194,0.00001,0.99998,0.00000,0.00000
40.20000,3.01194,0.00004,0.99994,0.00001,0.00001
40.40000,3.01194,0.00036,0.99936,0.00024,0.00005
40.60000,3.01194,0.00021,0.99961,0.00016,0.00002
40.80000,3.01194,0.00027,0.99956,0.00012,0.00006
41.00000,3.01194,0.00100,0.99866,0.00016,0.00018
41.20000,3.01194,0.00011,0.99986,0.00001,0.00002
41.40000,3.01194,0.00033,0.99956,0.00006,0.00006
41.60000,3.01194,0.00033,0.99949,0.00013,0.00005
41.80000,3.01194,0.00047,0.99935,0.00012,0.00007
42.00000,3.01194,0.00025,0.99968,0.00003,0.00004
42.20000,3.01194,0.00033,0.99951,0.00008,0.00008
42.40000,3.01194,0.00012,0.99982,0.00002,0.00004
42.60000,3.01194,0.00052,0.99939,0.00002,0.00006
42.80000,3.01194,0.00037,0.99959,0.00002,0.00002
43.00000,3.01194,0.00100,0.99883,0.00007,0.00010
43.20000,3.01194,0.00007,0.99990,0.00002,0.00001
43.40000,3.01194,0.00015,0.99981,0.00002,0.00002
43.60000,3.01194,0.00006,0.99992,0.00001,0.00001
43.80000,3.01194,0.00013,0.99983,0.00002,0.00002
44.00000,3.01194,0.00005,0.99992,0.00002,0.00001
44.20000,3.01194,0.00041,0.99941,0.00010,0.00009
44.40000,3.01194,0.00003,0.99995,0.00001,0.00001
44.60000,3.01194,0.00006,0.99993,0.00001,0.00000
44.80000,3.01194,0.00006,0.99992,0.00001,0.00001
45.00000,3.01194,0.00008,0.99992,0.00000,0.00000
45.20000,3.01194,0.00001,0.99999,0.00000,0.00000
45.40000,3.01194,0.00002,0.99998,0.00000,0.00000
45.60000,3.01194,0.00001,0.99999,0.00000,0.00000
45.80000,3.01194,0.00001,0.99999,0.00000,0.00000
46.00000,3.01194,0.00000,0.99999,0.00000,0.00000
46.20000,3.01194,0.00000,0.99999,0.00001,0.00000
46.40000,3.01194,0.00000,1.00000,0.00000,0.00000
46.60000,3.01194,0.00000,1.00000,0.00000,0.00000
46.80000,3.01194,0.00000,1.00000,0.00000,0.00000
47.00000,3.01194,0.00001,0.99999,0.00000,0.00000
47.20000,3.01194,0.00000,1.00000,0.00000,0.00000
47.40000,3.01194,0.00005,0.99993,0.00001,0.00001
47.60000,3.01194,0.00010,0.99985,0.00003,0.00002
47.80000,3.01194,0.00010,0.99984,0.00005,0.00002
48.00000,3.01194,0.00030,0.99957,0.00005,0.00008
48.20000,3.01194,0.00090,0.99846,0.00032,0.00032
48.40000,3.01194,0.00162,0.99632,0.00146,0.00060
48.60000,3.01194,0.00040,0.99879,0.00072,0.00009
48.80000,3.01194,0.00115,0.99769,0.00077,0.00039
49.00000,3.01194,0.00125,0.99802,0.00031,0.00042
49.20000,3.01194,0.00108,0.99830,0.00026,0.00036
49.40000,3.01194,0.00584,0.99091,0.00106,0.00219
49.60000,3.01194,0.01862,0.97644,0.00165,0.00329
49.80000,3.01194,0.04483,0.94726,0.00310,0.00480
50.00000,3.01194,0.03695,0.94931,0.00543,0.00832
50.20000,3.01194,0.01101,0.98617,0.00134,0.00148
50.40000,3.01194,0.01810,0.97681,0.00152,0.00357
50.60000,3.01194,0.12219,0.84591,0.00785,0.02405
50.80000,3.01194,0.16704,0.79407,0.01129,0.02759
51.00000,3.01194,0.11059,0.87174,0.00467,0.01299
51.20000,3.01194,0.56129,0.38615,0.01463,0.03793
51.40000,3.01194,0.41217,0.50960,0.02301,0.05523
51.60000,3.01194,0.04307,0.95295,0.00154,0.00244
51.80000,3.01194,0.04180,0.95073,0.00271,0.00476
52.00000,3.01194,0.64110,0.16094,0.04874,0.14923
52.20000,3.01194,0.80980,0.09787,0.02202,0.07032
52.40000,3.01194,0.10846,0.88311,0.00324,0.00519
52.60000,3.01194,0.40156,0.57313,0.01046,0.01485
52.80000,3.01194,0.77439,0.08582,0.04100,0.09879
53.00000,3.01194,0.35809,0.62387,0.00359,0.01445
53.20000,3.01194,0.67046,0.28280,0.01686,0.02988
53.40000,3.01194,0.71193,0.17954,0.03404,0.07448
53.60000,3.01194,0.41329,0.45493,0.04283,0.08894
53.80000,3.01194,0.20328,0.76866,0.00658,0.02147
54.00000,3.01194,0.46178,0.38190,0.09073,0.06558
54.20000,3.01194,0.02096,0.97274,0.00397,0.00233
54.40000,3.01194,0.18331,0.76342,0.02837,0.02489
54.60000,3.01194,0.72041,0.15862,0.07778,0.04319
54.80000,3.01194,0.52195,0.25647,0.14106,0.08052
55.00000,3.01194,0.17169,0.78545,0.02462,0.01824
55.20000,3.01194,0.38660,0.57907,0.01685,0.01748
55.40000,3.01194,0.23645,0.68958,0.03327,0.04070
55.60000,3.01194,0.17475,0.75841,0.03127,0.03557
55.80000,3.01194,0.68100,0.21166,0.05951,0.04783
56.00000,3.01194,0.74865,0.07102,0.07857,0.10176
56.20000,3.01194,0.38119,0.56799,0.01727,0.03355
56.40000,3.01194,0.48307,0.49019,0.00927,0.01747
56.60000,3.01194,0.72070,0.14585,0.03885,0.09460
56.80000,3.01194,0.20122,0.67275,0.04643,0.07960
57.00000,3.01194,0.71919,0.15694,0.05015,0.07372
57.20000,3.01194,0.72748,0.15405,0.04727,0.07121
57.40000,3.01194,0.25034,0.70160,0.01529,0.03277
57.60000,3.01194,0.36166,0.61717,0.00841,0.01276
57.80000,3.01194,0.17121,0.81627,0.00541,0.00711
58.00000,3.01194,0.17740,0.79994,0.00693,0.01574
58.20000,3.01194,0.60694,0.27530,0.03402,0.08374
58.40000,3.01194,0.55798,0.32650,0.04483,0.07069
58.60000,3.01194,0.51684,0.36801,0.03679,0.07836
58.80000,3.01194,0.58500,0.33309,0.02306,0.05886
59.00000,3.01194,0.70803,0.23526,0.02351,0.03320
59.20000,3.01194,0.39376,0.53767,0.03876,0.02981
59.40000,3.01194,0.59418,0.27191,0.06570,0.06822
59.60000,3.01194,0.77347,0.03979,0.06012,0.12662
59.80000,3.01194,0.68730,0.10742,0.06272,0.14257
60.00000,3.01194,0.75165,0.14454,0.03911,0.06470
60.20000,3.01194,0.66069,0.17655,0.05761,0.10515
60.40000,3.01194,0.68690,0.03701,0.08534,0.19075
60.60000,3.01194,0.66994,0.05629,0.08538,0.18839
60.80000,3.01194,0.64424,0.29941,0.02069,0.03567
61.00000,3.01194,0.71934,0.14639,0.04679,0.08748
61.20000,3.01194,0.78298,0.09556,0.05363,0.06783
61.40000,3.01193,0.67882,0.25972,0.02553,0.03593
61.60000,3.01194,0.47509,0.48483,0.01824,0.02184
61.80000,3.01194,0.48146,0.45455,0.02582,0.03816
62.00000,3.01194,0.45511,0.47453,0.02519,0.04517
62.20000,3.01194,0.45126,0.46165,0.03734,0.04975
62.40000,3.01193,0.44861,0.47774,0.02259,0.05105
62.60000,3.01194,0.17319,0.79299,0.01780,0.01601
62.80000,3.01194,0.54547,0.28087,0.05381,0.11985
63.00000,3.01194,0.61425,0.14184,0.07601,0.16790
63.20000,3.01194,0.68237,0.14109,0.05547,0.12107
63.40000,3.01193,0.59356,0.29083,0.03861,0.07700
63.60000,3.01194,0.69780,0.12004,0.06278,0.11938
63.80000,3.01194,0.87681,0.05893,0.01917,0.04509
64.00000,3.01194,0.81852,0.04479,0.03992,0.09677
64.20000,3.01194,0.73424,0.02138,0.08797,0.15642
64.40000,3.01193,0.74698,0.09216,0.05005,0.11081
64.60000,3.01194,0.70582,0.09032,0.09045,0.11340
64.80000,3.01193,0.66234,0.01763,0.11198,0.20805
65.00000,3.01194,0.69222,0.14907,0.06246,0.09625
65.20000,3.01194,0.73540,0.05615,0.06051,0.14795
65.40000,3.01193,0.64394,0.07940,0.07888,0.19778
65.60000,3.01194,0.50656,0.13562,0.08923,0.26859
65.80000,3.01193,0.33711,0.42155,0.06546,0.17589
66.00000,3.01194,0.25846,0.57043,0.06429,0.10682
66.20000,3.01194,0.45828,0.32989,0.10842,0.10341
66.40000,3.01193,0.03340,0.92282,0.02462,0.01916
66.60000,3.01194,0.02309,0.96555,0.00510,0.00625
66.80000,3.01193,0.00164,0.99762,0.00046,0.00029
67.00000,3.01194,0.00162,0.99769,0.00047,0.00022
67.20000,3.01194,0.00422,0.99417,0.00064,0.00097
67.40000,3.01193,0.08052,0.90323,0.00540,0.01085
67.60000,3.01194,0.00541,0.99337,0.00018,0.00104
67.80000,3.01193,0.00377,0.99491,0.00036,0.00097
68.00000,3.01194,0.00069,0.99906,0.00007,0.00019
68.20000,3.01194,0.00089,0.99889,0.00012,0.00010
68.40000,3.01193,0.00260,0.99712,0.00013,0.00015
68.60000,3.01194,0.03140,0.96637,0.00082,0.00141
68.80000,3.01193,0.00382,0.99573,0.00017,0.00028
69.00000,3.01194,0.06521,0.92457,0.00247,0.00775
69.20000,3.01194,0.00066,0.99927,0.00003,0.00004
69.40000,3.01193,0.01220,0.98657,0.00045,0.00077
69.60000,3.01194,0.00107,0.99888,0.00002,0.00003
69.80000,3.01193,0.00199,0.99780,0.00010,0.00011
70.00000,3.01194,0.00129,0.99869,0.00001,0.00001
70.20000,3.01194,0.00288,0.99697,0.00004,0.00011
70.40000,3.01193,0.00392,0.99563,0.00010,0.00035
70.60000,3.01194,0.00003,0.99996,0.00000,0.00000
70.80000,3.01193,0.00006,0.99993,0.00000,0.00000
71.00000,3.01194,0.00000,1.00000,0.00000,0.00000
71.20000,3.01194,0.00005,0.99995,0.00001,0.00000
71.40000,3.01193,0.00005,0.99995,0.00000,0.00000
71.60000,3.01194,0.00004,0.99996,0.00000,0.00000
71.80000,3.01193,0.00000,1.00000,0.00000,0.00000
72.00000,3.01194,0.00000,1.00000,0.00000,0.00000
72.20000,3.01194,0.00000,1.00000,0.00000,0.00000
72.40000,3.01193,0.00000,1.00000,0.00000,0.00000
72.60000,3.01194,0.00001,0.99999,0.00000,0.00000
72.80000,3.01193,0.00002,0.99998,0.00000,0.00000
73.00000,3.01194,0.00001,0.99999,0.00000,0.00000
73.20000,3.01194,0.00000,1.00000,0.00000,0.00000
73.40000,3.01193,0.00000,1.00000,0.00000,0.00000
73.60000,3.01194,0.00000,1.00000,0.00000,0.00000
73.80000,3.01193,0.00000,1.00000,0.00000,0.00000
74.00000,3.01194,0.00004,0.99996,0.00000,0.00000
74.20000,3.01194,0.00008,0.99992,0.00000,0.00000
74.40000,3.01193,0.00002,0.99998,0.00000,0.00000
74.60000,3.01194,0.00002,0.99998,0.00000,0.00000
74.80000,3.01193,0.00002,0.99997,0.00000,0.00000
75.00000,3.01194,0.00003,0.99997,0.00000,0.00000
75.20000,3.01194,0.00007,0.99991,0.00000,0.00001
75.40000,3.01193,0.00003,0.99997,0.00000,0.00000
75.60000,3.01194,0.00003,0.99996,0.00001,0.00001
75.80000,3.01193,0.00001,0.99998,0.00000,0.00000
76.00000,3.01194,0.00000,0.99999,0.00000,0.00000
76.20000,3.01194,0.00008,0.99989,0.00002,0.00001
76.40000,3.01193,0.00000,1.00000,0.00000,0.00000
76.60000,3.01194,0.00000,1.00000,0.00000,0.00000
76.80000,3.01193,0.00001,0.99999,0.00000,0.00000
77.00000,3.01194,0.00000,0.99999,0.00000,0.00000
77.20000,3.01194,0.00000,1.00000,0.00000,0.00000
77.40000,3.01193,0.00001,0.99999,0.00000,0.00000
77.60000,3.01194,0.00000,1.00000,0.00000,0.00000
77.80000,3.01193,0.00000,1.00000,0.00000,0.00000
78.00000,3.01194,0.00001,0.99999,0.00000,0.00000
78.20000,3.01194,0.00000,1.00000,0.00000,0.00000
78.40000,3.01193,0.00000,1.00000,0.00000,0.00000
78.60000,3.01194,0.00000,1.00000,0.00000,0.00000
78.80000,3.01193,0.00000,1.00000,0.00000,0.00000
79.00000,3.01194,0.00000,1.00000,0.00000,0.00000
79.20000,3.01194,0.00000,1.00000,0.00000,0.00000
79.40000,3.01193,0.00000,1.00000,0.00000,0.00000
79.60000,3.01194,0.00000,1.00000,0.00000,0.00000
79.80000,3.01193,0.00000,1.00000,0.00000,0.00000
80.00000,3.01194,0.00001,0.99999,0.00000,0.00000
80.20000,3.01194,0.00001,0.99999,0.00000,0.00000
80.40000,3.01193,0.00000,1.00000,0.00000,0.00000
80.60000,3.01194,0.00000,1.00000,0.00000,0.00000
80.80000,3.01193,0.00004,0.99996,0.00000,0.00000
81.00000,3.01194,0.00001,0.99999,0.00000,0.00000
81.20000,3.01194,0.00008,0.99991,0.00000,0.00000
81.40000,3.01193,0.00015,0.99984,0.00000,0.00001
81.60000,3.01194,0.00018,0.99980,0.00000,0.00002
81.80000,3.01193,0.00004,0.99996,0.00000,0.00000
82.00000,3.01194,0.00037,0.99951,0.00005,0.00006
82.20000,3.01194,0.00034,0.99961,0.00002,0.00004
82.40000,3.01193,0.00087,0.99903,0.00002,0.00007
82.60000,3.01194,0.00071,0.99921,0.00001,0.00007
82.80000,3.01193,0.00013,0.99984,0.00001,0.00003
83.00000,3.01194,0.00008,0.99982,0.00005,0.00005
83.20000,3.01194,0.00023,0.99973,0.00001,0.00003
83.40000,3.01193,0.00001,0.99999,0.00000,0.00000
83.60000,3.01194,0.00006,0.99991,0.00001,0.00001
83.80000,3.01193,0.00008,0.99985,0.00005,0.00003
84.00000,3.01194,0.00000,0.99999,0.00000,0.00000
84.20000,3.01194,0.00000,1.00000,0.00000,0.00000
84.40000,3.01193,0.00000,1.00000,0.00000,0.00000
84.60000,3.01194,0.00000,1.00000,0.00000,0.00000
84.80000,3.01193,0.00000,1.00000,0.00000,0.00000
85.00000,3.01194,0.00000,1.00000,0.00000,0.00000
85.20000,3.01194,0.00000,1.00000,0.00000,0.00000
85.40000,3.01193,0.00000,1.00000,0.00000,0.00000
85.60000,3.01194,0.00000,1.00000,0.00000,0.00000
85.80000,3.01193,0.00000,1.00000,0.00000,0.00000
86.00000,3.01194,0.00000,1.00000,0.00000,0.00000
86.20000,3.01194,0.00001,0.99999,0.00000,0.00000
86.40000,3.01193,0.00001,0.99998,0.00000,0.00000
86.60000,3.01194,0.00000,1.00000,0.00000,0.00000
86.80000,3.01193,0.00001,0.99998,0.00000,0.00000
87.00000,3.01194,0.00005,0.99995,0.00000,0.00000
87.20000,3.01194,0.00001,0.99999,0.00000,0.00000
87.40000,3.01193,0.00001,0.99999,0.00000,0.00000
87.60000,3.01194,0.00004,0.99995,0.00000,0.00000
87.80000,3.01193,0.00000,0.99999,0.00001,0.00000
88.00000,3.01194,0.00000,1.00000,0.00000,0.00000
88.20000,3.01194,0.00001,0.99999,0.00000,0.00000
88.40000,3.01193,0.00001,0.99999,0.00000,0.00000
88.60000,3.01194,0.00000,1.00000,0.00000,0.00000
88.80000,3.01193,0.00000,1.00000,0.00000,0.00000
89.00000,3.01194,0.00000,1.00000,0.00000,0.00000
89.20000,3.01194,0.00000,1.00000,0.00000,0.00000
89.40000,3.01193,0.00000,1.00000,0.00000,0.00000
89.60000,3.01194,0.00000,1.00000,0.00000,0.00000
89.80000,3.01193,0.00000,1.00000,0.00000,0.00000
90.00000,3.01194,0.00000,1.00000,0.00000,0.00000
90.20000,3.01194,0.00000,1.00000,0.00000,0.00000
90.40000,3.01193,0.00000,1.00000,0.00000,0.00000
90.60000,3.01194,0.00000,1.00000,0.00000,0.00000
90.80000,3.01193,0.00000,1.00000,0.00000,0.00000
91.00000,3.01194,0.00000,1.00000,0.00000,0.00000
91.20000,3.01194,0.00000,1.00000,0.00000,0.00000
91.40000,3.01193,0.00000,1.00000,0.00000,0.00000
91.60000,3.01194,0.00000,1.00000,0.00000,0.00000
91.80000,3.01193,0.00000,1.00000,0.00000,0.00000
92.00000,3.01194,0.00000,1.00000,0.00000,0.00000
92.20000,3.01194,0.00000,1.00000,0.00000,0.00000
92.40000,3.01193,0.00000,1.00000,0.00000,0.00000
92.60000,3.01194,0.00000,1.00000,0.00000,0.00000
92.80000,3.01193,0.00000,1.00000,0.00000,0.00000
93.00000,3.01194,0.00000,1.00000,0.00000,0.00000
93.20000,3.01194,0.00000,1.00000,0.00000,0.00000
93.40000,3.01193,0.00000,1.00000,0.00000,0.00000
93.60000,3.01194,0.00000,1.00000,0.00000,0.00000
93.80000,3.01193,0.00000,1.00000,0.00000,0.00000
94.00000,3.01194,0.00000,1.00000,0.00000,0.00000
94.20000,3.01194,0.00000,1.00000,0.00000,0.00000
94.40000,3.01193,0.00000,1.00000,0.00000,0.00000
94.60000,3.01194,0.00000,1.00000,0.00000,0.00000
94.80000,3.01193,0.00000,1.00000,0.00000,0.00000
95.00000,3.01194,0.00000,1.00000,0.00000,0.00000
95.20000,3.01194,0.00000,1.00000,0.00000,0.00000
95.40000,3.01193,0.00000,1.00000,0.00000,0.00000
95.60000,3.01194,0.00000,1.00000,0.00000,0.00000
95.80000,3.01193,0.00000,1.00000,0.00000,0.00000
96.00000,3.01194,0.00000,1.00000,0.00000,0.00000
96.20000,3.01194,0.00000,1.00000,0.00000,0.00000
96.40000,3.01193,0.00000,1.00000,0.00000,0.00000
96.60000,3.01194,0.00000,1.00000,0.00000,0.00000
96.80000,3.01193,0.00000,1.00000,0.00000,0.00000
97.00000,3.01194,0.00000,1.00000,0.00000,0.00000
97.20000,3.01194,0.00000,1.00000,0.00000,0.00000
97.40000,3.01193,0.00000,1.00000,0.00000,0.00000
97.60000,3.01194,0.00000,1.00000,0.00000,0.00000
97.80000,3.01193,0.00000,1.00000,0.00000,0.00000
98.00000,3.01194,0.00000,1.00000,0.00000,0.00000
98.20000,3.01194,0.00000,1.00000,0.00000,0.00000
98.40000,3.01193,0.00000,1.00000,0.00000,0.00000
98.60000,3.01194,0.00000,1.00000,0.00000,0.00000
98.80000,3.01193,0.00001,0.99999,0.00000,0.00000
99.00000,3.01194,0.00001,0.99999,0.00000,0.00000
99.20000,3.01194,0.00000,1.00000,0.00000,0.00000
99.40000,3.01193,0.00001,0.99999,0.00000,0.00000
99.60000,3.01194,0.00000,1.00000,0.00000,0.00000
99.80000,3.01193,0.00000,1.00000,0.00000,0.00000
100.00000,3.01194,0.00005,0.99995,0.00000,0.00000
100.20000,3.01194,0.00002,0.99997,0.00000,0.00000
100.40000,3.01193,0.00000,1.00000,0.00000,0.00000
100.60000,3.01194,0.00001,0.99999,0.00000,0.00000
100.80000,3.01193,0.00001,0.99999,0.00000,0.00000
101.00000,3.01194,0.00000,1.00000,0.00000,0.00000
101.20000,3.01194,0.00001,0.99999,0.00000,0.00000
101.40000,3.01193,0.00001,0.99999,0.00000,0.00000
101.60000,3.01194,0.00000,1.00000,0.00000,0.00000
101.80000,3.01193,0.00004,0.99996,0.00000,0.00000
102.00000,3.01194,0.00004,0.99996,0.00000,0.00000
102.20000,3.01194,0.00000,1.00000,0.00000,0.00000
102.40000,3.01193,0.00000,1.00000,0.00000,0.00000
102.60000,3.01194,0.00000,1.00000,0.00000,0.00000
102.80000,3.01193,0.00000,1.00000,0.00000,0.00000
103.00000,3.01194,0.00001,0.99999,0.00000,0.00000
103.20000,3.01194,0.00001,0.99999,0.00000,0.00000
103.40000,3.01193,0.00000,1.00000,0.00000,0.00000
103.60000,3.01194,0.00001,0.99999,0.00000,0.00000
103.80000,3.01193,0.00001,0.99999,0.00000,0.00000
104.00000,3.01194,0.00000,1.00000,0.00000,0.00000
104.20000,3.01194,0.00005,0.99995,0.00000,0.00000
104.40000,3.01193,0.00001,0.99999,0.00000,0.00000
104.60000,3.01194,0.00003,0.99997,0.00000,0.00000
104.80000,3.01193,0.00002,0.99998,0.00000,0.00000
105.00000,3.01194,0.00001,0.99999,0.00000,0.00000
105.20000,3.01194,0.00002,0.99998,0.00000,0.00000
105.40000,3.01193,0.00003,0.99997,0.00000,0.00000
105.60000,3.01194,0.00001,0.99999,0.00000,0.00000
105.80000,3.01193,0.00028,0.99970,0.00000,0.00001
106.00000,3.01194,0.00000,1.00000,0.00000,0.00000
106.20000,3.01194,0.00000,1.00000,0.00000,0.00000
106.40000,3.01193,0.00001,0.99999,0.00000,0.00000
106.60000,3.01194,0.00000,1.00000,0.00000,0.00000
106.80000,3.01193,0.00000,0.99999,0.00000,0.00000
107.00000,3.01194,0.00002,0.99998,0.00000,0.00000
107.20000,3.01194,0.00000,1.00000,0.00000,0.00000
107.40000,3.01193,0.00000,1.00000,0.00000,0.00000
107.60000,3.01194,0.00000,1.00000,0.00000,0.00000
107.80000,3.01193,0.00000,1.00000,0.00000,0.00000
108.00000,3.01194,0.00000,1.00000,0.00000,0.00000
108.20000,3.01194,0.00000,1.00000,0.00000,0.00000
108.40000,3.01193,0.00000,1.00000,0.00000,0.00000
108.60000,3.01194,0.00000,1.00000,0.00000,0.00000
108.80000,3.01193,0.00000,1.00000,0.00000,0.00000
109.00000,3.01194,0.00000,1.00000,0.00000,0.00000
109.20000,3.01194,0.00000,1.00000,0.00000,0.00000
109.40000,3.01193,0.00000,1.00000,0.00000,0.00000
109.60000,3.01194,0.00000,1.00000,0.00000,0.00000
109.80000,3.01193,0.00000,1.00000,0.00000,0.00000
110.00000,3.01194,0.00000,1.00000,0.00000,0.00000
110.20000,3.01194,0.00001,0.99999,0.00000,0.00000
110.40000,3.01193,0.00000,1.00000,0.00000,0.00000
110.60000,3.01194,0.00000,1.00000,0.00000,0.00000
110.80000,3.01193,0.00004,0.99996,0.00000,0.00000
111.00000,3.01194,0.00001,0.99999,0.00000,0.00000
111.20000,3.01194,0.00001,0.99999,0.00000,0.00000
111.40000,3.01193,0.00001,0.99999,0.00000,0.00000
111.60000,3.01194,0.00000,1.00000,0.00000,0.00000
111.80000,3.01193,0.00001,0.99999,0.00000,0.00000
112.00000,3.01194,0.00007,0.99993,0.00000,0.00000
112.20000,3.01194,0.00033,0.99967,0.00000,0.00000
112.40000,3.01193,0.00007,0.99993,0.00000,0.00000
112.60000,3.01194,0.00005,0.99995,0.00000,0.00000
112.80000,3.01193,0.00001,0.99999,0.00000,0.00000
113.00000,3.01194,0.00001,0.99999,0.00000,0.00000
113.20000,3.01194,0.00003,0.99997,0.00000,0.00000
113.40000,3.01193,0.00022,0.99977,0.00000,0.00001
113.60000,3.01194,0.00001,0.99999,0.00000,0.00000
113.80000,3.01193,0.00006,0.99994,0.00000,0.00000
114.00000,3.01194,0.00009,0.99991,0.00000,0.00000
114.20000,3.01194,0.00016,0.99984,0.00000,0.00000
114.40000,3.01193,0.00031,0.99966,0.00000,0.00003
114.60000,3.01194,0.00015,0.99984,0.00000,0.00000
114.80000,3.01193,0.00046,0.99951,0.00000,0.00002
115.00000,3.01194,0.00070,0.99921,0.00001,0.00008
115.20000,3.01194,0.00011,0.99988,0.00000,0.00001
115.40000,3.01193,0.00486,0.99403,0.00011,0.00100
115.60000,3.01194,0.00141,0.99843,0.00004,0.00012
115.80000,3.01193,0.00007,0.99993,0.00000,0.00000
116.00000,3.01194,0.00262,0.99688,0.00007,0.00043
116.20000,3.01194,0.00019,0.99980,0.00000,0.00001
116.40000,3.01193,0.00070,0.99922,0.00001,0.00007
116.60000,3.01194,0.00031,0.99966,0.00000,0.00002
116.80000,3.01193,0.00012,0.99988,0.00000,0.00000
117.00000,3.01194,0.00002,0.99998,0.00000,0.00000
117.20000,3.01194,0.00006,0.99993,0.00000,0.00000
117.40000,3.01193,0.00002,0.99998,0.00000,0.00000
117.60000,3.01194,0.00006,0.99993,0.00000,0.00000
117.80000,3.01193,0.00004,0.99996,0.00000,0.00000
118.00000,3.01194,0.00059,0.99940,0.00000,0.00001
118.20000,3.01194,0.00007,0.99993,0.00000,0.00000
118.40000,3.01193,0.00029,0.99971,0.00000,0.00000
118.60000,3.01194,0.00004,0.99996,0.00000,0.00000
118.80000,3.01193,0.00003,0.99997,0.00000,0.00000
119.00000,3.01194,0.00007,0.99993,0.00000,0.00000
119.20000,3.01194,0.00015,0.99985,0.00000,0.00000
119.40000,3.01193,0.00002,0.99998,0.00000,0.00000
119.60000,3.01194,0.00027,0.99972,0.00000,0.00000
119.80000,3.01193,0.00002,0.99998,0.00000,0.00000
120.00000,3.01194,0.00001,0.99999,0.00000,0.00000
120.20000,3.01194,0.00004,0.99996,0.00000,0.00000
120.40000,3.01193,0.00003,0.99997,0.00000,0.00000
120.60000,3.01194,0.00000,1.00000,0.00000,0.00000
120.80000,3.01193,0.00000,1.00000,0.00000,0.00000
121.00000,3.01194,0.00000,1.00000,0.00000,0.00000
121.20000,3.01194,0.00000,1.00000,0.00000,0.00000
121.40000,3.01193,0.00003,0.99997,0.00000,0.00000
121.60000,3.01194,0.00001,0.99999,0.00000,0.00000
121.80000,3.01193,0.00000,1.00000,0.00000,0.00000
122.00000,3.01194,0.00000,1.00000,0.00000,0.00000
122.20000,3.01194,0.00001,0.99999,0.00000,0.00000
122.40000,3.01193,0.00000,1.00000,0.00000,0.00000
122.60000,3.01194,0.00000,1.00000,0.00000,0.00000
122.80000,3.01193,0.00000,1.00000,0.00000,0.00000
123.00000,3.01194,0.00000,1.00000,0.00000,0.00000
123.20000,3.01194,0.00000,1.00000,0.00000,0.00000
123.40000,3.01193,0.00000,1.00000,0.00000,0.00000
123.60000,3.01194,0.00000,1.00000,0.00000,0.00000
123.80000,3.01193,0.00000,1.00000,0.00000,0.00000
124.00000,3.01194,0.00000,1.00000,0.00000,0.00000
124.20000,3.01194,0.00000,1.00000,0.00000,0.00000
124.40000,3.01193,0.00000,1.00000,0.00000,0.00000
124.60000,3.01194,0.00000,1.00000,0.00000,0.00000
124.80000,3.01193,0.00000,1.00000,0.00000,0.00000
125.00000,3.01193,0.00000,1.00000,0.00000,0.00000
125.20000,3.01195,0.00000,1.00000,0.00000,0.00000
125.40000,3.01194,0.00000,1.00000,0.00000,0.00000
125.60000,3.01194,0.00000,1.00000,0.00000,0.00000
125.80000,3.01193,0.00000,1.00000,0.00000,0.00000
126.00000,3.01193,0.00000,1.00000,0.00000,0.00000
126.20000,3.01195,0.00001,0.99999,0.00000,0.00000
126.40000,3.01194,0.00001,0.99999,0.00000,0.00000
126.60000,3.01194,0.00016,0.99983,0.00000,0.00000
126.80000,3.01193,0.00001,0.99999,0.00000,0.00000
127.00000,3.01193,0.00000,1.00000,0.00000,0.00000
127.20000,3.01195,0.00000,1.00000,0.00000,0.00000
127.40000,3.01194,0.00000,1.00000,0.00000,0.00000
127.60000,3.01194,0.00001,0.99999,0.00000,0.00000
127.80000,3.01193,0.00001,0.99999,0.00000,0.00000
128.00000,3.01193,0.00000,1.00000,0.00000,0.00000
128.20000,3.01195,0.00000,1.00000,0.00000,0.00000
128.39999,3.01195,0.00000,1.00000,0.00000,0.00000
128.60001,3.01193,0.00000,1.00000,0.00000,0.00000
128.80000,3.01193,0.00000,1.00000,0.00000,0.00000
129.00000,3.01193,0.00000,1.00000,0.00000,0.00000
129.20000,3.01195,0.00009,0.99991,0.00000,0.00000
129.39999,3.01195,0.00000,1.00000,0.00000,0.00000
129.60001,3.01193,0.00004,0.99995,0.00000,0.00000
129.80000,3.01193,0.00001,0.99999,0.00000,0.00000
130.00000,3.01193,0.00003,0.99997,0.00000,0.00000
130.20000,3.01195,0.00006,0.99994,0.00000,0.00001
130.39999,3.01195,0.00006,0.99994,0.00000,0.00000
130.60001,3.01193,0.00005,0.99995,0.00000,0.00000
130.80000,3.01193,0.00004,0.99996,0.00000,0.00000
131.00000,3.01193,0.00001,0.99999,0.00000,0.00000
131.20000,3.01195,0.00003,0.99997,0.00000,0.00000
131.39999,3.01195,0.00001,0.99999,0.00000,0.00000
131.60001,3.01193,0.00001,0.99999,0.00000,0.00000
131.80000,3.01193,0.00003,0.99997,0.00000,0.00000
132.00000,3.01193,0.00001,0.99999,0.00000,0.00000
132.20000,3.01195,0.00000,1.00000,0.00000,0.00000
132.39999,3.01195,0.00002,0.99998,0.00000,0.00000
132.60001,3.01193,0.00002,0.99997,0.00000,0.00001
132.80000,3.01193,0.00001,0.99999,0.00000,0.00000
133.00000,3.01193,0.00005,0.99994,0.00001,0.00001
133.20000,3.01195,0.00002,0.99998,0.00000,0.00000
133.39999,3.01195,0.00001,0.99999,0.00000,0.00000
133.60001,3.01193,0.00002,0.99998,0.00000,0.00000
133.80000,3.01193,0.00000,1.00000,0.00000,0.00000
134.00000,3.01193,0.00000,1.00000,0.00000,0.00000
134.20000,3.01195,0.00000,1.00000,0.00000,0.00000
134.39999,3.01195,0.00000,1.00000,0.00000,0.00000
134.60001,3.01193,0.00000,1.00000,0.00000,0.00000
134.80000,3.01193,0.00000,1.00000,0.00000,0.00000
135.00000,3.01193,0.00000,1.00000,0.00000,0.00000
135.20000,3.01195,0.00000,1.00000,0.00000,0.00000
135.39999,3.01195,0.00001,0.99999,0.00000,0.00000
135.60001,3.01193,0.00001,0.99999,0.00000,0.00000
135.80000,3.01193,0.00002,0.99998,0.00000,0.00000
136.00000,3.01193,0.00000,1.00000,0.00000,0.00000
136.20000,3.01195,0.00000,1.00000,0.00000,0.00000
136.39999,3.01195,0.00001,0.99999,0.00000,0.00000
136.60001,3.01193,0.00004,0.99996,0.00000,0.00000
136.80000,3.01193,0.00002,0.99998,0.00000,0.00000
137.00000,3.01193,0.00016,0.99983,0.00000,0.00000
137.20000,3.01195,0.00001,0.99999,0.00000,0.00000
137.39999,3.01195,0.00001,0.99999,0.00000,0.00000
137.60001,3.01193,0.00001,0.99999,0.00000,0.00000
137.80000,3.01193,0.00002,0.99998,0.00000,0.00000
138.00000,3.01193,0.00028,0.99971,0.00000,0.00001
138.20000,3.01195,0.00006,0.99994,0.00000,0.00000
138.39999,3.01195,0.00000,1.00000,0.00000,0.00000
138.60001,3.01193,0.00000,1.00000,0.00000,0.00000
138.80000,3.01193,0.00000,1.00000,0.00000,0.00000
139.00000,3.01193,0.00000,1.00000,0.00000,0.00000
139.20000,3.01195,0.00002,0.99998,0.00000,0.00000
139.39999,3.01195,0.00000,1.00000,0.00000,0.00000
139.60001,3.01193,0.00000,1.00000,0.00000,0.00000
139.80000,3.01193,0.00000,1.00000,0.00000,0.00000
140.00000,3.01193,0.00000,1.00000,0.00000,0.00000
140.20000,3.01195,0.00000,1.00000,0.00000,0.00000
140.39999,3.01195,0.00000,1.00000,0.00000,0.00000
140.60001,3.01193,0.00000,1.00000,0.00000,0.00000
140.80000,3.01193,0.00000,1.00000,0.00000,0.00000
141.00000,3.01193,0.00000,1.00000,0.00000,0.00000
141.20000,3.01195,0.00000,1.00000,0.00000,0.00000
141.39999,3.01195,0.00000,1.00000,0.00000,0.00000
141.60001,3.01193,0.00000,1.00000,0.00000,0.00000
141.80000,3.01193,0.00000,1.00000,0.00000,0.00000
142.00000,3.01193,0.00000,1.00000,0.00000,0.00000
142.20000,3.01195,0.00000,1.00000,0.00000,0.00000
142.39999,3.01195,0.00000,1.00000,0.00000,0.00000
142.60001,3.01193,0.00000,1.00000,0.00000,0.00000
142.80000,3.01193,0.00000,1.00000,0.00000,0.00000
143.00000,3.01193,0.00000,1.00000,0.00000,0.00000
143.20000,3.01195,0.00000,1.00000,0.00000,0.00000
143.39999,3.01195,0.00000,1.00000,0.00000,0.00000
143.60001,3.01193,0.00000,1.00000,0.00000,0.00000
143.80000,3.01193,0.00000,1.00000,0.00000,0.00000
144.00000,3.01193,0.00000,1.00000,0.00000,0.00000
144.20000,3.01195,0.00000,1.00000,0.00000,0.00000
144.39999,3.01195,0.00000,1.00000,0.00000,0.00000
144.60001,3.01193,0.00000,1.00000,0.00000,0.00000
144.80000,3.01193,0.00000,1.00000,0.00000,0.00000
145.00000,3.01193,0.00000,1.00000,0.00000,0.00000
145.20000,3.01195,0.00000,1.00000,0.00000,0.00000
145.39999,3.01195,0.00001,0.99999,0.00000,0.00000
145.60001,3.01193,0.00000,1.00000,0.00000,0.00000
145.80000,3.01193,0.00000,1.00000,0.00000,0.00000
146.00000,3.01193,0.00000,1.00000,0.00000,0.00000
146.20000,3.01195,0.00000,1.00000,0.00000,0.00000
146.39999,3.01195,0.00000,1.00000,0.00000,0.00000
146.60001,3.01193,0.00000,1.00000,0.00000,0.00000
146.80000,3.01193,0.00000,1.00000,0.00000,0.00000
147.00000,3.01193,0.00000,1.00000,0.00000,0.00000
147.20000,3.01195,0.00000,1.00000,0.00000,0.00000
147.39999,3.01195,0.00000,1.00000,0.00000,0.00000
147.60001,3.01193,0.00000,1.00000,0.00000,0.00000
147.80000,3.01193,0.00000,1.00000,0.00000,0.00000
148.00000,3.01193,0.00000,1.00000,0.00000,0.00000
148.20000,3.01195,0.00000,1.00000,0.00000,0.00000
148.39999,3.01195,0.00000,1.00000,0.00000,0.00000
148.60001,3.01193,0.00000,1.00000,0.00000,0.00000
148.80000,3.01193,0.00000,1.00000,0.00000,0.00000
149.00000,3.01193,0.00000,1.00000,0.00000,0.00000
149.20000,3.01195,0.00000,1.00000,0.00000,0.00000
149.39999,3.01195,0.00000,1.00000,0.00000,0.00000
149.60001,3.01193,0.00000,1.00000,0.00000,0.00000
149.80000,3.01193,0.00000,1.00000,0.00000,0.00000
150.00000,3.01193,0.00000,1.00000,0.00000,0.00000
150.20000,3.01195,0.00000,1.00000,0.00000,0.00000
150.39999,3.01195,0.00000,1.00000,0.00000,0.00000
150.60001,3.01193,0.00000,1.00000,0.00000,0.00000
150.80000,3.01193,0.00000,1.00000,0.00000,0.00000
151.00000,3.01193,0.00000,1.00000,0.00000,0.00000
151.20000,3.01195,0.00000,1.00000,0.00000,0.00000
151.39999,3.01195,0.00000,1.00000,0.00000,0.00000
151.60001,3.01193,0.00000,1.00000,0.00000,0.00000
151.80000,3.01193,0.00000,1.00000,0.00000,0.00000
152.00000,3.01193,0.00000,1.00000,0.00000,0.00000
152.20000,3.01195,0.00000,1.00000,0.00000,0.00000
152.39999,3.01195,0.00000,1.00000,0.00000,0.00000
152.60001,3.01193,0.00000,1.00000,0.00000,0.00000
152.80000,3.01193,0.00000,1.00000,0.00000,0.00000
153.00000,3.01193,0.00000,1.00000,0.00000,0.00000
153.20000,3.01195,0.00000,1.00000,0.00000,0.00000
153.39999,3.01195,0.00001,0.99999,0.00000,0.00000
153.60001,3.01193,0.00000,1.00000,0.00000,0.00000
153.80000,3.01193,0.00000,1.00000,0.00000,0.00000
154.00000,3.01193,0.00000,1.00000,0.00000,0.00000
154.20000,3.01195,0.00000,1.00000,0.00000,0.00000
154.39999,3.01195,0.00000,1.00000,0.00000,0.00000
154.60001,3.01193,0.00000,1.00000,0.00000,0.00000
154.80000,3.01193,0.00000,1.00000,0.00000,0.00000
155.00000,3.01193,0.00000,1.00000,0.00000,0.00000
155.20000,3.01195,0.00000,1.00000,0.00000,0.00000
155.39999,3.01195,0.00000,1.00000,0.00000,0.00000
155.60001,3.01193,0.00000,1.00000,0.00000,0.00000
155.80000,3.01193,0.00000,1.00000,0.00000,0.00000
156.00000,3.01193,0.00000,1.00000,0.00000,0.00000
156.20000,3.01195,0.00000,1.00000,0.00000,0.00000
156.39999,3.01195,0.00000,1.00000,0.00000,0.00000
156.60001,3.01193,0.00000,1.00000,0.00000,0.00000
156.80000,3.01193,0.00000,1.00000,0.00000,0.00000
157.00000,3.01193,0.00000,1.00000,0.00000,0.00000
157.20000,3.01195,0.00000,1.00000,0.00000,0.00000
157.39999,3.01195,0.00000,1.00000,0.00000,0.00000
157.60001,3.01193,0.00000,1.00000,0.00000,0.00000
157.80000,3.01193,0.00000,1.00000,0.00000,0.00000
158.00000,3.01193,0.00000,1.00000,0.00000,0.00000
158.20000,3.01195,0.00000,1.00000,0.00000,0.00000
158.39999,3.01195,0.00000,1.00000,0.00000,0.00000
158.60001,3.01193,0.00000,1.00000,0.00000,0.00000
158.80000,3.01193,0.00000,1.00000,0.00000,0.00000
159.00000,3.01193,0.00000,1.00000,0.00000,0.00000
159.20000,3.01195,0.00000,1.00000,0.00000,0.00000
159.39999,3.01195,0.00000,1.00000,0.00000,0.00000
159.60001,3.01193,0.00000,1.00000,0.00000,0.00000
159.80000,3.01193,0.00000,1.00000,0.00000,0.00000
160.00000,3.01193,0.00000,1.00000,0.00000,0.00000
160.20000,3.01195,0.00000,1.00000,0.00000,0.00000
160.39999,3.01195,0.00000,1.00000,0.00000,0.00000
160.60001,3.01193,0.00000,1.00000,0.00000,0.00000
160.80000,3.01193,0.00000,1.00000,0.00000,0.00000
161.00000,3.01193,0.00000,1.00000,0.00000,0.00000
161.20000,3.01195,0.00000,1.00000,0.00000,0.00000
161.39999,3.01195,0.00000,1.00000,0.00000,0.00000
161.60001,3.01193,0.00000,1.00000,0.00000,0.00000
161.80000,3.01193,0.00000,1.00000,0.00000,0.00000
162.00000,3.01193,0.00001,0.99999,0.00000,0.00000
162.20000,3.01195,0.00002,0.99998,0.00000,0.00000
162.39999,3.01195,0.00000,1.00000,0.00000,0.00000
162.60001,3.01193,0.00000,1.00000,0.00000,0.00000
162.80000,3.01193,0.00000,1.00000,0.00000,0.00000
163.00000,3.01193,0.00003,0.99997,0.00000,0.00000
163.20000,3.01195,0.00001,0.99999,0.00000,0.00000
163.39999,3.01195,0.00003,0.99997,0.00000,0.00000
163.60001,3.01193,0.00000,1.00000,0.00000,0.00000
163.80000,3.01193,0.00000,1.00000,0.00000,0.00000
164.00000,3.01193,0.00000,1.00000,0.00000,0.00000
164.20000,3.01195,0.00000,1.00000,0.00000,0.00000
164.39999,3.01195,0.00001,0.99999,0.00000,0.00000
164.60001,3.01193,0.00000,1.00000,0.00000,0.00000
164.80000,3.01193,0.00000,1.00000,0.00000,0.00000
165.00000,3.01193,0.00000,1.00000,0.00000,0.00000
165.20000,3.01195,0.00000,1.00000,0.00000,0.00000
165.39999,3.01195,0.00000,1.00000,0.00000,0.00000
165.60001,3.01193,0.00000,1.00000,0.00000,0.00000
165.80000,3.01193,0.00000,1.00000,0.00000,0.00000
166.00000,3.01193,0.00000,1.00000,0.00000,0.00000
166.20000,3.01195,0.00000,1.00000,0.00000,0.00000
166.39999,3.01195,0.00000,1.00000,0.00000,0.00000
166.60001,3.01193,0.00000,1.00000,0.00000,0.00000
166.80000,3.01193,0.00000,1.00000,0.00000,0.00000
167.00000,3.01193,0.00000,1.00000,0.00000,0.00000
167.20000,3.01195,0.00000,1.00000,0.00000,0.00000
167.39999,3.01195,0.00000,1.00000,0.00000,0.00000
167.60001,3.01193,0.00000,1.00000,0.00000,0.00000
167.80000,3.01193,0.00000,1.00000,0.00000,0.00000
168.00000,3.01193,0.00000,1.00000,0.00000,0.00000
168.20000,3.01195,0.00000,1.00000,0.00000,0.00000
168.39999,3.01195,0.00001,0.99999,0.00000,0.00000
168.60001,3.01193,0.00000,1.00000,0.00000,0.00000
168.80000,3.01193,0.00000,1.00000,0.00000,0.00000
169.00000,3.01193,0.00001,0.99999,0.00000,0.00000
169.20000,3.01195,0.00001,0.99999,0.00000,0.00000
169.39999,3.01195,0.00001,0.99999,0.00000,0.00000
169.60001,3.01193,0.00002,0.99998,0.00000,0.00000
169.80000,3.01193,0.00001,0.99999,0.00000,0.00000
170.00000,3.01193,0.00001,0.99999,0.00000,0.00000
170.20000,3.01195,0.00001,0.99999,0.00000,0.00000
170.39999,3.01195,0.00001,0.99999,0.00000,0.00000
170.60001,3.01193,0.00000,1.00000,0.00000,0.00000
170.80000,3.01193,0.00000,1.00000,0.00000,0.00000
171.00000,3.01193,0.00000,1.00000,0.00000,0.00000
171.20000,3.01195,0.00000,1.00000,0.00000,0.00000
171.39999,3.01195,0.00000,1.00000,0.00000,0.00000
171.60001,3.01193,0.00001,0.99999,0.00000,0.00000
171.80000,3.01193,0.00000,1.00000,0.00000,0.00000
172.00000,3.01193,0.00000,1.00000,0.00000,0.00000
172.20000,3.01195,0.00000,1.00000,0.00000,0.00000
172.39999,3.01195,0.00004,0.99996,0.00000,0.00000
172.60001,3.01193,0.00003,0.99997,0.00000,0.00000
172.80000,3.01193,0.00008,0.99992,0.00000,0.00000
173.00000,3.01193,0.00004,0.99996,0.00000,0.00000
173.20000,3.01195,0.00019,0.99980,0.00000,0.00001
173.39999,3.01195,0.00003,0.99997,0.00000,0.00000
173.60001,3.01193,0.00037,0.99959,0.00000,0.00004
173.80000,3.01193,0.00047,0.99941,0.00001,0.00012
174.00000,3.01193,0.00223,0.99740,0.00001,0.00036
174.20000,3.01195,0.00008,0.99989,0.00000,0.00002
174.39999,3.01195,0.00045,0.99948,0.00001,0.00006
174.60001,3.01193,0.00016,0.99979,0.00001,0.00004
174.80000,3.01193,0.00011,0.99988,0.00000,0.00001
175.00000,3.01193,0.00016,0.99979,0.00000,0.00004
175.20000,3.01195,0.00005,0.99995,0.00000,0.00000
175.39999,3.01195,0.00002,0.99998,0.00000,0.00000
175.60001,3.01193,0.00003,0.99997,0.00000,0.00000
175.80000,3.01193,0.00002,0.99998,0.00000,0.00000
176.00000,3.01193,0.00002,0.99998,0.00000,0.00000
176.20000,3.01195,0.00005,0.99995,0.00000,0.00000
176.39999,3.01195,0.00002,0.99998,0.00000,0.00000
176.60001,3.01193,0.00001,0.99999,0.00000,0.00000
176.80000,3.01193,0.00001,0.99999,0.00000,0.00000
177.00000,3.01193,0.00002,0.99998,0.00000,0.00000
177.20000,3.01195,0.00007,0.99993,0.00000,0.00000
177.39999,3.01195,0.00002,0.99998,0.00000,0.00000
177.60001,3.01193,0.00001,0.99999,0.00000,0.00000
177.80000,3.01193,0.00002,0.99998,0.00000,0.00000
178.00000,3.01193,0.00000,1.00000,0.00000,0.00000
178.20000,3.01195,0.00001,0.99998,0.00000,0.00000
178.39999,3.01195,0.00002,0.99998,0.00000,0.00000
178.60001,3.01193,0.00003,0.99996,0.00000,0.00000
178.80000,3.01193,0.00001,0.99999,0.00000,0.00000
179.00000,3.01193,0.00001,0.99999,0.00000,0.00000
179.20000,3.01195,0.00001,0.99999,0.00000,0.00000
179.39999,3.01195,0.00001,0.99999,0.00000,0.00000
179.60001,3.01193,0.00002,0.99997,0.00000,0.00000
179.80000,3.01193,0.00001,0.99999,0.00000,0.00000
180.00000,3.01193,0.00000,1.00000,0.00000,0.00000
180.20000,3.01195,0.00000,1.00000,0.00000,0.00000
180.39999,3.01195,0.00000,1.00000,0.00000,0.00000
180.60001,3.01193,0.00000,1.00000,0.00000,0.00000
180.80000,3.01193,0.00001,0.99999,0.00000,0.00000
181.00000,3.01193,0.00000,1.00000,0.00000,0.00000
181.20000,3.01195,0.00000,1.00000,0.00000,0.00000
181.39999,3.01195,0.00000,1.00000,0.00000,0.00000
181.60001,3.01193,0.00001,0.99999,0.00000,0.00000
181.80000,3.01193,0.00000,1.00000,0.00000,0.00000
182.00000,3.01193,0.00003,0.99997,0.00000,0.00000
182.20000,3.01195,0.00000,1.00000,0.00000,0.00000
182.39999,3.01195,0.00002,0.99998,0.00000,0.00000
182.60001,3.01193,0.00003,0.99997,0.00000,0.00000
182.80000,3.01193,0.00004,0.99996,0.00000,0.00000
183.00000,3.01193,0.00005,0.99995,0.00000,0.00000
183.20000,3.01195,0.00001,0.99999,0.00000,0.00000
183.39999,3.01195,0.00001,0.99999,0.00000,0.00000
183.60001,3.01193,0.00005,0.99995,0.00000,0.00000
183.80000,3.01193,0.00002,0.99998,0.00000,0.00000
184.00000,3.01193,0.00004,0.99996,0.00000,0.00000
184.20000,3.01195,0.00002,0.99998,0.00000,0.00000
184.39999,3.01195,0.00001,0.99999,0.00000,0.00000
184.60001,3.01193,0.00001,0.99999,0.00000,0.00000
184.80000,3.01193,0.00001,0.99999,0.00000,0.00000
185.00000,3.01193,0.00000,1.00000,0.00000,0.00000
185.20000,3.01195,0.00000,1.00000,0.00000,0.00000
185.39999,3.01195,0.00000,1.00000,0.00000,0.00000
185.60001,3.01193,0.00000,1.00000,0.00000,0.00000
185.80000,3.01193,0.00000,1.00000,0.00000,0.00000
186.00000,3.01193,0.00000,1.00000,0.00000,0.00000
186.20000,3.01195,0.00000,1.00000,0.00000,0.00000
186.39999,3.01195,0.00000,1.00000,0.00000,0.00000
186.60001,3.01193,0.00000,1.00000,0.00000,0.00000
186.80000,3.01193,0.00000,1.00000,0.00000,0.00000
187.00000,3.01193,0.00000,1.00000,0.00000,0.00000
187.20000,3.01195,0.00000,1.00000,0.00000,0.00000
187.39999,3.01195,0.00000,1.00000,0.00000,0.00000
187.60001,3.01193,0.00000,1.00000,0.00000,0.00000
187.80000,3.01193,0.00000,1.00000,0.00000,0.00000
188.00000,3.01193,0.00000,1.00000,0.00000,0.00000
188.20000,3.01195,0.00000,1.00000,0.00000,0.00000
188.39999,3.01195,0.00001,0.99999,0.00000,0.00000
188.60001,3.01193,0.00001,0.99999,0.00000,0.00000
188.80000,3.01193,0.00001,0.99999,0.00000,0.00000
189.00000,3.01193,0.00000,1.00000,0.00000,0.00000
189.20000,3.01195,0.00000,1.00000,0.00000,0.00000
189.39999,3.01195,0.00000,1.00000,0.00000,0.00000
189.60001,3.01193,0.00001,0.99999,0.00000,0.00000
189.80000,3.01193,0.00002,0.99998,0.00000,0.00000
190.00000,3.01193,0.00003,0.99997,0.00000,0.00000
190.20000,3.01195,0.00001,0.99999,0.00000,0.00000
190.39999,3.01195,0.00001,0.99999,0.00000,0.00000
190.60001,3.01193,0.00001,0.99999,0.00000,0.00000
190.80000,3.01193,0.00000,1.00000,0.00000,0.00000
191.00000,3.01193,0.00001,0.99999,0.00000,0.00000
191.20000,3.01195,0.00001,0.99999,0.00000,0.00000
191.39999,3.01195,0.00001,0.99999,0.00000,0.00000
191.60001,3.01193,0.00000,1.00000,0.00000,0.00000
191.80000,3.01193,0.00000,1.00000,0.00000,0.00000
192.00000,3.01193,0.00000,1.00000,0.00000,0.00000
192.20000,3.01195,0.00000,1.00000,0.00000,0.00000
192.39999,3.01195,0.00001,0.99999,0.00000,0.00000
192.60001,3.01193,0.00000,1.00000,0.00000,0.00000
192.80000,3.01193,0.00000,1.00000,0.00000,0.00000
193.00000,3.01193,0.00000,1.00000,0.00000,0.00000
193.20000,3.01195,0.00000,1.00000,0.00000,0.00000
193.39999,3.01195,0.00000,1.00000,0.00000,0.00000
193.60001,3.01193,0.00000,1.00000,0.00000,0.00000
193.80000,3.01193,0.00001,0.99999,0.00000,0.00000
194.00000,3.01193,0.00000,1.00000,0.00000,0.00000
194.20000,3.01195,0.00001,0.99999,0.00000,0.00000
194.39999,3.01195,0.00000,1.00000,0.00000,0.00000
194.60001,3.01193,0.00000,1.00000,0.00000,0.00000
194.80000,3.01193,0.00001,0.99999,0.00000,0.00000
195.00000,3.01193,0.00001,0.99999,0.00000,0.00000
195.20000,3.01195,0.00003,0.99997,0.00000,0.00000
195.39999,3.01195,0.00003,0.99997,0.00000,0.00000
195.60001,3.01193,0.00015,0.99985,0.00000,0.00000
195.80000,3.01193,0.00004,0.99996,0.00000,0.00000
196.00000,3.01193,0.00005,0.99995,0.00000,0.00000
196.20000,3.01195,0.00066,0.99932,0.00000,0.00002
196.39999,3.01195,0.00015,0.99985,0.00000,0.00000
196.60001,3.01193,0.00030,0.99970,0.00000,0.00000
196.80000,3.01193,0.00037,0.99963,0.00000,0.00000
197.00000,3.01193,0.00055,0.99945,0.00000,0.00000
197.20000,3.01195,0.00011,0.99989,0.00000,0.00000
197.39999,3.01195,0.00083,0.99917,0.00000,0.00000
197.60001,3.01193,0.00024,0.99976,0.00000,0.00000
197.80000,3.01193,0.00012,0.99988,0.00000,0.00000
198.00000,3.01193,0.00038,0.99962,0.00000,0.00000
198.20000,3.01195,0.00011,0.99989,0.00000,0.00000
198.39999,3.01195,0.00008,0.99992,0.00000,0.00000
