Time (seconds), Duration (seconds),pred_(unlabeled),pred_imbalance,pred_working,pred_impact
0.00000,3.01194,0.36882,0.00000,0.13614,0.49504
0.20000,3.01194,0.93723,0.00014,0.04514,0.01750
0.40000,3.01194,0.44040,0.00000,0.18247,0.37713
0.60000,3.01194,0.51348,0.00000,0.19908,0.28745
0.80000,3.01194,0.41469,0.00000,0.12565,0.45966
1.00000,3.01194,0.41791,0.00001,0.16863,0.41346
1.20000,3.01194,0.45276,0.00000,0.16087,0.38637
1.40000,3.01194,0.94932,0.00000,0.03798,0.01270
1.60000,3.01194,0.45542,0.00000,0.06909,0.47549
1.80000,3.01194,0.45519,0.00002,0.17281,0.37197
2.00000,3.01194,0.45131,0.00001,0.17205,0.37662
2.20000,3.01194,0.37280,0.00000,0.07599,0.55120
2.40000,3.01194,0.27468,0.00000,0.03536,0.68996
2.60000,3.01194,0.03415,0.00000,0.00019,0.96567
2.80000,3.01194,0.29923,0.00000,0.03533,0.66544
3.00000,3.01194,0.43259,0.00000,0.16447,0.40294
3.20000,3.01194,0.56365,0.00000,0.19035,0.24600
3.40000,3.01194,0.59071,0.00000,0.32942,0.07987
3.60000,3.01194,0.41204,0.00001,0.20429,0.38366
3.80000,3.01194,0.34309,0.00000,0.06825,0.58866
4.00000,3.01194,0.20286,0.00000,0.01613,0.78101
4.20000,3.01194,0.30055,0.00000,0.05216,0.64729
4.40000,3.01194,0.43939,0.00000,0.16200,0.39861
4.60000,3.01194,0.38457,0.00003,0.20300,0.41241
4.80000,3.01194,0.46811,0.00000,0.15012,0.38177
5.00000,3.01194,0.45258,0.00003,0.22057,0.32682
5.20000,3.01194,0.38396,0.00000,0.14476,0.47128
5.40000,3.01194,0.39687,0.00000,0.12652,0.47661
5.60000,3.01194,0.40375,0.00009,0.11494,0.48122
5.80000,3.01194,0.52441,0.00003,0.24345,0.23211
6.00000,3.01194,0.61535,0.00010,0.08726,0.29729
6.20000,3.01194,0.20328,0.00003,0.01975,0.77694
6.40000,3.01194,0.51031,0.00007,0.22383,0.26579
6.60000,3.01194,0.54385,0.00008,0.15156,0.30451
6.80000,3.01194,0.50627,0.00003,0.26364,0.23007
7.00000,3.01194,0.42689,0.00008,0.10133,0.47170
7.20000,3.01194,0.25555,0.00000,0.01578,0.72867
7.40000,3.01194,0.57565,0.00000,0.07531,0.34903
7.60000,3.01194,0.77219,0.00019,0.11957,0.10805
7.80000,3.01194,0.40324,0.00025,0.13992,0.45659
8.00000,3.01194,0.48223,0.00005,0.10904,0.40868
8.20000,3.01194,0.41334,0.00000,0.13014,0.45652
8.40000,3.01194,0.41342,0.00000,0.14523,0.44135
8.60000,3.01194,0.45958,0.00002,0.20021,0.34020
8.80000,3.01194,0.53177,0.00002,0.24361,0.22460
9.00000,3.01194,0.48296,0.00001,0.22692,0.29010
9.20000,3.01194,0.46616,0.00001,0.08387,0.44996
9.40000,3.01194,0.26092,0.00000,0.01524,0.72384
9.60000,3.01194,0.66488,0.00000,0.18475,0.15037
9.80000,3.01194,0.76275,0.00000,0.05378,0.18347
10.00000,3.01194,0.57986,0.00000,0.24935,0.17078
10.20000,3.01194,0.47017,0.00000,0.20471,0.32512
10.40000,3.01194,0.40210,0.00000,0.12606,0.47184
10.60000,3.01194,0.33311,0.00000,0.08858,0.57831
10.80000,3.01194,0.42879,0.00000,0.10875,0.46246
11.00000,3.01194,0.52049,0.00000,0.20701,0.27250
11.20000,3.01194,0.38935,0.00000,0.17985,0.43079
11.40000,3.01194,0.42072,0.00000,0.18657,0.39271
11.60000,3.01194,0.47580,0.00001,0.20551,0.31869
11.80000,3.01194,0.38723,0.00000,0.14832,0.46444
12.00000,3.01194,0.09227,0.00000,0.00296,0.90477
12.20000,3.01194,0.26694,0.00001,0.02132,0.71173
12.40000,3.01194,0.48389,0.00002,0.27396,0.24213
12.60000,3.01194,0.37672,0.00001,0.15910,0.46417
12.80000,3.01194,0.39551,0.00000,0.17900,0.42548
13.00000,3.01194,0.40533,0.00002,0.21564,0.37900
13.20000,3.01194,0.39112,0.00000,0.11302,0.49586
13.40000,3.01194,0.37653,0.00000,0.10701,0.51646
13.60000,3.01194,0.36198,0.00051,0.23280,0.40471
13.80000,3.01194,0.52357,0.00003,0.32448,0.15192
14.00000,3.01194,0.64774,0.00002,0.20535,0.14689
14.20000,3.01194,0.08382,0.00000,0.00150,0.91468
14.40000,3.01194,0.40478,0.00000,0.13571,0.45951
14.60000,3.01194,0.41264,0.00016,0.21688,0.37032
14.80000,3.01194,0.45208,0.00014,0.20131,0.34647
15.00000,3.01194,0.65124,0.00001,0.20445,0.14430
15.20000,3.01194,0.48249,0.00000,0.13471,0.38280
15.40000,3.01194,0.36813,0.00000,0.08405,0.54782
15.60000,3.01194,0.42715,0.00000,0.17216,0.40069
15.80000,3.01194,0.43059,0.00194,0.36365,0.20382
16.00000,3.01194,0.42178,0.00050,0.19941,0.37830
16.20000,3.01194,0.39854,0.00000,0.12145,0.48000
16.40000,3.01194,0.40569,0.00000,0.13919,0.45512
16.60000,3.01194,0.26190,0.00001,0.02041,0.71768
16.80000,3.01194,0.38783,0.00001,0.16688,0.44527
17.00000,3.01194,0.42059,0.00027,0.24322,0.33593
17.20000,3.01194,0.38347,0.00040,0.23250,0.38363
17.40000,3.01194,0.48005,0.00002,0.04817,0.47176
17.60000,3.01194,0.69376,0.00081,0.13077,0.17466
17.80000,3.01194,0.49818,0.00008,0.15037,0.35137
18.00000,3.01194,0.42949,0.00000,0.13199,0.43852
18.20000,3.01194,0.42256,0.00025,0.24780,0.32938
18.40000,3.01194,0.54344,0.00067,0.14982,0.30608
18.60000,3.01194,0.95482,0.00580,0.00653,0.03285
18.80000,3.01194,0.68687,0.00011,0.09516,0.21786
19.00000,3.01194,0.93002,0.00724,0.02567,0.03707
19.20000,3.01194,0.39619,0.00000,0.09913,0.50468
19.40000,3.01194,0.40674,0.00002,0.10251,0.49073
19.60000,3.01194,0.43324,0.00004,0.13198,0.43475
19.80000,3.01194,0.38215,0.00001,0.21392,0.40392
20.00000,3.01194,0.43476,0.00460,0.27948,0.28116
20.20000,3.01194,0.70632,0.00105,0.10458,0.18805
20.40000,3.01194,0.65119,0.00117,0.19078,0.15686
20.60000,3.01194,0.48945,0.00001,0.05731,0.45322
20.80000,3.01194,0.71497,0.00087,0.05146,0.23270
21.00000,3.01194,0.84630,0.01243,0.05385,0.08742
21.20000,3.01194,0.69772,0.29864,0.00156,0.00208
21.40000,3.01194,0.87149,0.10393,0.00898,0.01560
21.60000,3.01194,0.76664,0.00859,0.06259,0.16218
21.80000,3.01194,0.82449,0.01258,0.08124,0.08168
22.00000,3.01194,0.51420,0.00016,0.20164,0.28400
22.20000,3.01194,0.46265,0.00000,0.15481,0.38254
22.40000,3.01194,0.70858,0.00019,0.11366,0.17757
