Time (seconds), Duration (seconds),pred_(unlabeled),pred_imbalance,pred_working,pred_impact
0.00000,3.01194,0.63443,0.00001,0.07373,0.29183
0.20000,3.01194,0.44431,0.00001,0.19529,0.36039
0.40000,3.01194,0.38844,0.00001,0.17723,0.43431
0.60000,3.01194,0.38641,0.00006,0.23840,0.37513
0.80000,3.01194,0.35446,0.00003,0.16864,0.47687
1.00000,3.01194,0.37607,0.00006,0.14969,0.47418
1.20000,3.01194,0.43914,0.00003,0.18555,0.37528
1.40000,3.01194,0.40600,0.00002,0.14222,0.45177
1.60000,3.01194,0.45223,0.00010,0.20598,0.34169
1.80000,3.01194,0.41353,0.00003,0.17959,0.40685
2.00000,3.01194,0.42946,0.00004,0.17061,0.39989
2.20000,3.01194,0.37608,0.00004,0.17549,0.44839
2.40000,3.01194,0.46223,0.00008,0.22923,0.30847
2.60000,3.01194,0.36762,0.00006,0.17546,0.45686
2.80000,3.01194,0.40348,0.00004,0.16243,0.43404
3.00000,3.01194,0.39363,0.00007,0.15659,0.44971
3.20000,3.01194,0.46335,0.00000,0.14410,0.39255
3.40000,3.01194,0.37848,0.00003,0.16181,0.45967
3.60000,3.01194,0.38735,0.00003,0.14044,0.47218
3.80000,3.01194,0.22839,0.00004,0.07989,0.69168
4.00000,3.01194,0.57682,0.00005,0.23337,0.18977
4.20000,3.01194,0.54479,0.00213,0.19703,0.25604
4.40000,3.01194,0.60270,0.00002,0.16756,0.22972
4.60000,3.01194,0.38301,0.00080,0.16639,0.44979
4.80000,3.01194,0.46238,0.01167,0.22742,0.29853
5.00000,3.01194,0.42024,0.00026,0.13716,0.44234
5.20000,3.01194,0.30969,0.00006,0.09980,0.59045
5.40000,3.01194,0.65469,0.00894,0.05100,0.28537
5.60000,3.01194,0.40097,0.00006,0.18205,0.41692
5.80000,3.01194,0.37506,0.00081,0.24596,0.37817
6.00000,3.01194,0.43405,0.00069,0.26596,0.29930
6.20000,3.01194,0.59546,0.00004,0.25602,0.14848
6.40000,3.01194,0.48378,0.00007,0.15689,0.35926
6.60000,3.01194,0.35723,0.00002,0.04919,0.59355
6.80000,3.01194,0.48006,0.00006,0.19610,0.32378
7.00000,3.01194,0.45239,0.00005,0.21545,0.33212
7.20000,3.01194,0.53730,0.00004,0.15759,0.30507
7.40000,3.01194,0.48702,0.00000,0.15415,0.35883
7.60000,3.01194,0.52238,0.00001,0.22713,0.25048
7.80000,3.01194,0.65363,0.00001,0.12065,0.22572
8.00000,3.01194,0.35554,0.00001,0.18569,0.45876
8.20000,3.01194,0.34746,0.00001,0.10766,0.54487
8.40000,3.01194,0.43694,0.00001,0.17419,0.38887
8.60000,3.01194,0.47737,0.00000,0.18235,0.34028
8.80000,3.01194,0.44062,0.00000,0.16169,0.39769
9.00000,3.01194,0.31948,0.00000,0.08703,0.59349
9.20000,3.01194,0.42551,0.00000,0.15607,0.41842
9.40000,3.01194,0.41830,0.00000,0.16543,0.41626
9.60000,3.01194,0.39677,0.00000,0.18341,0.41982
9.80000,3.01194,0.66925,0.00000,0.15722,0.17353
10.00000,3.01194,0.37209,0.00000,0.13189,0.49602
10.20000,3.01194,0.33450,0.00000,0.08464,0.58085
10.40000,3.01194,0.41735,0.00005,0.13046,0.45214
10.60000,3.01194,0.40925,0.00002,0.18468,0.40605
10.80000,3.01194,0.53230,0.00005,0.13481,0.33283
11.00000,3.01194,0.38142,0.00004,0.13993,0.47861
11.20000,3.01194,0.41003,0.00138,0.28417,0.30442
11.40000,3.01194,0.37071,0.00180,0.22571,0.40178
11.60000,3.01194,0.46484,0.00011,0.23557,0.29948
11.80000,3.01194,0.37393,0.00029,0.12408,0.50170
12.00000,3.01194,0.67542,0.00040,0.15691,0.16728
12.20000,3.01194,0.40059,0.00095,0.07346,0.52500
12.40000,3.01194,0.45366,0.00176,0.13708,0.40751
12.60000,3.01194,0.52004,0.00006,0.19166,0.28823
12.80000,3.01194,0.33923,0.00001,0.06623,0.59453
13.00000,3.01194,0.50255,0.00014,0.15774,0.33956
13.20000,3.01194,0.38502,0.00103,0.29898,0.31498
13.40000,3.01194,0.40653,0.00006,0.19743,0.39598
13.60000,3.01194,0.36900,0.00032,0.21786,0.41283
13.80000,3.01194,0.44594,0.00005,0.16215,0.39186
14.00000,3.01194,0.38598,0.00002,0.16166,0.45234
14.20000,3.01194,0.41037,0.00009,0.14372,0.44583
14.40000,3.01194,0.39124,0.00009,0.17756,0.43111
14.60000,3.01194,0.40449,0.00002,0.21005,0.38544
14.80000,3.01194,0.47204,0.00005,0.19478,0.33313
15.00000,3.01194,0.39511,0.00001,0.16557,0.43931
15.20000,3.01194,0.45104,0.00003,0.22813,0.32080
15.40000,3.01194,0.40287,0.00006,0.17367,0.42340
15.60000,3.01194,0.38939,0.00009,0.14392,0.46660
15.80000,3.01194,0.39787,0.00002,0.15172,0.45039
16.00000,3.01194,0.43235,0.00001,0.16006,0.40758
16.20000,3.01194,0.48666,0.00000,0.17317,0.34016
16.40000,3.01194,0.43550,0.00002,0.19077,0.37371
16.60000,3.01194,0.41483,0.00002,0.17948,0.40567
16.80000,3.01194,0.41660,0.00001,0.19231,0.39108
17.00000,3.01194,0.39254,0.00001,0.19347,0.41398
17.20000,3.01194,0.38516,0.00000,0.15119,0.46365
17.40000,3.01194,0.39978,0.00000,0.15526,0.44496
17.60000,3.01194,0.47918,0.00000,0.17378,0.34704
17.80000,3.01194,0.41204,0.00001,0.16802,0.41993
18.00000,3.01194,0.40976,0.00001,0.18292,0.40731
18.20000,3.01194,0.41885,0.00000,0.18512,0.39602
18.40000,3.01194,0.42781,0.00000,0.17931,0.39288
