Time (seconds), Duration (seconds),pred_(unlabeled),pred_imbalance,pred_working,pred_impact
0.00000,3.01194,0.75206,0.00005,0.11574,0.13215
0.20000,3.01194,0.72930,0.00009,0.12853,0.14207
0.40000,3.01194,0.83835,0.00053,0.03964,0.12148
0.60000,3.01194,0.84308,0.00104,0.01216,0.14371
0.80000,3.01194,0.53540,0.00529,0.02119,0.43812
1.00000,3.01194,0.58620,0.22318,0.10965,0.08098
1.20000,3.01194,0.98561,0.00379,0.00477,0.00584
1.40000,3.01194,0.99503,0.00012,0.00370,0.00114
1.60000,3.01194,0.99245,0.00002,0.00680,0.00074
1.80000,3.01194,0.95397,0.00016,0.04183,0.00405
2.00000,3.01194,0.55607,0.03750,0.33043,0.07600
2.20000,3.01194,0.55508,0.24072,0.16409,0.04011
2.40000,3.01194,0.33556,0.48537,0.14769,0.03138
2.60000,3.01194,0.44783,0.39085,0.13569,0.02563
2.80000,3.01194,0.73830,0.19377,0.03808,0.02985
3.00000,3.01194,0.87648,0.02283,0.04709,0.05361
3.20000,3.01194,0.81634,0.01270,0.05732,0.11363
3.40000,3.01194,0.81043,0.04361,0.05258,0.09338
3.60000,3.01194,0.87789,0.00064,0.02078,0.10069
3.80000,3.01194,0.96586,0.00011,0.00338,0.03065
4.00000,3.01194,0.90702,0.00464,0.01892,0.06942
4.20000,3.01194,0.66413,0.00807,0.02892,0.29888
4.40000,3.01194,0.50041,0.15353,0.08578,0.26028
4.60000,3.01194,0.98392,0.00128,0.00591,0.00889
4.80000,3.01194,0.99947,0.00002,0.00030,0.00022
5.00000,3.01194,0.99814,0.00001,0.00160,0.00025
5.20000,3.01194,0.86173,0.00010,0.13789,0.00028
5.40000,3.01194,0.49609,0.00125,0.50127,0.00139
5.60000,3.01194,0.91205,0.01186,0.05721,0.01888
5.80000,3.01194,0.77075,0.00053,0.11757,0.11115
6.00000,3.01194,0.76540,0.00050,0.09603,0.13807
6.20000,3.01194,0.97154,0.00014,0.01769,0.01063
6.40000,3.01194,0.85057,0.00223,0.11285,0.03436
6.60000,3.01194,0.87923,0.00016,0.02976,0.09086
6.80000,3.01194,0.88725,0.00018,0.00926,0.10332
7.00000,3.01194,0.96751,0.00001,0.00088,0.03160
7.20000,3.01194,0.93410,0.00074,0.00174,0.06342
7.40000,3.01194,0.37860,0.11026,0.07013,0.44101
7.60000,3.01194,0.94771,0.00181,0.00245,0.04804
7.80000,3.01194,0.99933,0.00003,0.00010,0.00054
8.00000,3.01194,0.99886,0.00008,0.00060,0.00047
8.20000,3.01194,0.99215,0.00003,0.00722,0.00059
8.40000,3.01194,0.88376,0.00096,0.11366,0.00161
8.60000,3.01194,0.29853,0.00093,0.69920,0.00134
8.80000,3.01194,0.79540,0.01186,0.10043,0.09231
9.00000,3.01194,0.79270,0.00044,0.06622,0.14064
9.20000,3.01194,0.79510,0.00419,0.12183,0.07889
9.40000,3.01194,0.86678,0.00278,0.06658,0.06386
9.60000,3.01194,0.94754,0.00512,0.01761,0.02973
9.80000,3.01194,0.83058,0.00012,0.05712,0.11219
10.00000,3.01194,0.92932,0.00220,0.01075,0.05772
10.20000,3.01194,0.97326,0.00007,0.00010,0.02658
10.40000,3.01194,0.59623,0.00418,0.00545,0.39414
10.60000,3.01194,0.47163,0.00374,0.03298,0.49165
10.80000,3.01194,0.99860,0.00061,0.00052,0.00028
11.00000,3.01194,0.99971,0.00001,0.00020,0.00008
11.20000,3.01194,0.99809,0.00011,0.00154,0.00026
11.40000,3.01194,0.97919,0.00004,0.02070,0.00007
11.60000,3.01194,0.19060,0.00020,0.80894,0.00026
11.80000,3.01194,0.95731,0.00006,0.04184,0.00079
12.00000,3.01194,0.97949,0.00561,0.01157,0.00333
12.20000,3.01194,0.89913,0.00908,0.02462,0.06717
12.40000,3.01194,0.59642,0.03451,0.15416,0.21491
12.60000,3.01194,0.92573,0.00071,0.04416,0.02939
12.80000,3.01194,0.82356,0.00866,0.05631,0.11147
13.00000,3.01194,0.80256,0.06205,0.02842,0.10696
13.20000,3.01194,0.78475,0.00208,0.07605,0.13712
13.40000,3.01194,0.70618,0.00511,0.10107,0.18764
13.60000,3.01194,0.91398,0.01036,0.00335,0.07231
13.80000,3.01194,0.93320,0.00762,0.00301,0.05617
14.00000,3.01194,0.62454,0.11580,0.02899,0.23067
14.20000,3.01194,0.93396,0.02279,0.01576,0.02749
14.40000,3.01194,0.99904,0.00008,0.00053,0.00034
14.60000,3.01194,0.99426,0.00024,0.00374,0.00175
14.80000,3.01194,0.98084,0.00405,0.01472,0.00039
15.00000,3.01194,0.27685,0.01151,0.70517,0.00647
15.20000,3.01194,0.24795,0.73196,0.01886,0.00123
15.40000,3.01194,0.58814,0.29669,0.09344,0.02173
15.60000,3.01194,0.98362,0.00124,0.00778,0.00735
15.80000,3.01194,0.93238,0.00005,0.02987,0.03770
16.00000,3.01194,0.88241,0.00040,0.07533,0.04186
16.20000,3.01194,0.97481,0.00020,0.02252,0.00247
16.40000,3.01194,0.98196,0.00001,0.01707,0.00097
16.60000,3.01194,0.97378,0.00002,0.01931,0.00689
16.80000,3.01194,0.93932,0.00001,0.00765,0.05302
17.00000,3.01194,0.94943,0.00014,0.00079,0.04965
17.20000,3.01194,0.97120,0.01048,0.00050,0.01781
17.40000,3.01194,0.77837,0.02045,0.00731,0.19387
17.60000,3.01194,0.83514,0.01618,0.00399,0.14469
17.80000,3.01194,0.99179,0.00002,0.00035,0.00784
18.00000,3.01194,0.99957,0.00000,0.00023,0.00019
18.20000,3.01194,0.99783,0.00002,0.00178,0.00038
18.40000,3.01194,0.98192,0.00027,0.01574,0.00208
18.60000,3.01194,0.80316,0.00051,0.19487,0.00146
18.80000,3.01194,0.79878,0.00070,0.16934,0.03117
19.00000,3.01194,0.92188,0.00022,0.05555,0.02235
19.20000,3.01194,0.93066,0.00000,0.06647,0.00287
19.40000,3.01194,0.96928,0.00000,0.01568,0.01504
19.60000,3.01194,0.98125,0.00016,0.00127,0.01732
19.80000,3.01194,0.98464,0.00000,0.00006,0.01530
20.00000,3.01194,0.93587,0.00022,0.00014,0.06378
20.20000,3.01194,0.67292,0.00174,0.01246,0.31288
20.40000,3.01194,0.92272,0.00144,0.00304,0.07280
20.60000,3.01194,0.99620,0.00002,0.00026,0.00351
20.80000,3.01194,0.99932,0.00001,0.00034,0.00032
21.00000,3.01194,0.99874,0.00000,0.00123,0.00004
21.20000,3.01194,0.97622,0.00000,0.02373,0.00005
21.40000,3.01194,0.93040,0.00000,0.06950,0.00010
21.60000,3.01194,0.85960,0.00001,0.14022,0.00017
21.80000,3.01194,0.98427,0.00001,0.01369,0.00203
22.00000,3.01194,0.88154,0.00002,0.10513,0.01330
22.20000,3.01194,0.98003,0.00000,0.01290,0.00707
22.40000,3.01194,0.99571,0.00000,0.00238,0.00191
22.60000,3.01194,0.99513,0.00007,0.00019,0.00461
22.80000,3.01194,0.83898,0.00013,0.00036,0.16053
23.00000,3.01194,0.56839,0.00015,0.00367,0.42779
23.20000,3.01194,0.71813,0.02601,0.05102,0.20484
23.40000,3.01194,0.94086,0.00152,0.00570,0.05192
23.60000,3.01194,0.98377,0.00051,0.00127,0.01444
23.80000,3.01194,0.99568,0.00002,0.00179,0.00251
24.00000,3.01194,0.99891,0.00001,0.00094,0.00014
24.20000,3.01194,0.99844,0.00001,0.00150,0.00005
24.40000,3.01194,0.97400,0.00038,0.02500,0.00062
24.60000,3.01194,0.74370,0.00024,0.25527,0.00079
24.80000,3.01194,0.90044,0.00001,0.09529,0.00426
25.00000,3.01194,0.96530,0.00000,0.03297,0.00173
25.20000,3.01194,0.98479,0.00000,0.00421,0.01100
25.40000,3.01194,0.98913,0.00006,0.00029,0.01053
25.60000,3.01194,0.97285,0.00006,0.00010,0.02698
25.80000,3.01194,0.80750,0.00006,0.00051,0.19192
26.00000,3.01194,0.74290,0.00127,0.01663,0.23920
26.20000,3.01194,0.96049,0.00014,0.00416,0.03520
26.40000,3.01194,0.99400,0.00001,0.00026,0.00574
26.60000,3.01194,0.99968,0.00001,0.00025,0.00007
26.80000,3.01194,0.99973,0.00000,0.00026,0.00000
27.00000,3.01194,0.99828,0.00000,0.00170,0.00001
27.20000,3.01194,0.78220,0.00225,0.21492,0.00063
27.40000,3.01194,0.75156,0.00008,0.24804,0.00031
27.60000,3.01194,0.90705,0.00001,0.08910,0.00384
27.80000,3.01194,0.97802,0.00002,0.01676,0.00520
28.00000,3.01194,0.97904,0.00001,0.01426,0.00669
28.20000,3.01194,0.95949,0.00000,0.01357,0.02694
28.40000,3.01194,0.99195,0.00000,0.00067,0.00738
28.60000,3.01194,0.97913,0.00000,0.00006,0.02081
28.80000,3.01194,0.97712,0.00003,0.00004,0.02280
29.00000,3.01194,0.41040,0.00180,0.00273,0.58507
29.20000,3.01194,0.92676,0.00402,0.00024,0.06897
29.40000,3.01194,0.97693,0.00053,0.00205,0.02049
29.60000,3.01194,0.99876,0.00003,0.00016,0.00105
29.80000,3.01194,0.99963,0.00000,0.00034,0.00003
30.00000,3.01194,0.99655,0.00000,0.00340,0.00005
30.20000,3.01194,0.93878,0.00006,0.06102,0.00014
30.40000,3.01194,0.75746,0.01275,0.22976,0.00003
30.60000,3.01194,0.53606,0.03290,0.43072,0.00032
30.80000,3.01194,0.79697,0.18676,0.01466,0.00162
31.00000,3.01194,0.99927,0.00018,0.00018,0.00037
31.20000,3.01194,0.92213,0.00001,0.02314,0.05472
31.40000,3.01194,0.96582,0.00012,0.02111,0.01295
31.60000,3.01194,0.92406,0.00001,0.07301,0.00292
31.80000,3.01194,0.98767,0.00000,0.01204,0.00030
32.00000,3.01194,0.99623,0.00001,0.00114,0.00262
32.20000,3.01194,0.99349,0.00019,0.00006,0.00626
32.40000,3.01194,0.96945,0.00004,0.00027,0.03025
32.60000,3.01194,0.88564,0.00003,0.00144,0.11289
32.80000,3.01194,0.85271,0.00013,0.00420,0.14296
33.00000,3.01194,0.94597,0.00002,0.00018,0.05383
33.20000,3.01194,0.99486,0.00007,0.00015,0.00492
33.40000,3.01194,0.99906,0.00000,0.00054,0.00040
33.60000,3.01194,0.99940,0.00000,0.00056,0.00004
33.80000,3.01194,0.99746,0.00031,0.00211,0.00011
34.00000,3.01194,0.95487,0.00012,0.04492,0.00009
34.20000,3.01194,0.93369,0.00001,0.06623,0.00007
34.40000,3.01194,0.97164,0.00001,0.02807,0.00027
34.60000,3.01194,0.93710,0.00000,0.05891,0.00398
34.80000,3.01194,0.97289,0.00000,0.02383,0.00328
35.00000,3.01194,0.99162,0.00001,0.00162,0.00675
35.20000,3.01194,0.98845,0.00013,0.00044,0.01098
35.40000,3.01194,0.97329,0.00016,0.00033,0.02622
35.60000,3.01194,0.58838,0.17988,0.00584,0.22590
35.80000,3.01194,0.67842,0.10694,0.05570,0.15894
36.00000,3.01194,0.96856,0.00041,0.00184,0.02919
36.20000,3.01194,0.98856,0.00218,0.00140,0.00786
36.40000,3.01194,0.98151,0.01113,0.00598,0.00137
36.60000,3.01194,0.98932,0.00157,0.00873,0.00038
36.80000,3.01194,0.89888,0.00013,0.10083,0.00016
37.00000,3.01194,0.74525,0.00427,0.24668,0.00380
37.20000,3.01194,0.89799,0.00048,0.08866,0.01288
37.40000,3.01194,0.89363,0.00234,0.09655,0.00748
37.60000,3.01194,0.95138,0.00063,0.03122,0.01677
37.80000,3.01194,0.99812,0.00008,0.00021,0.00159
38.00000,3.01194,0.99593,0.00032,0.00005,0.00370
38.20000,3.01194,0.87170,0.00483,0.00196,0.12151
38.40000,3.01194,0.37454,0.08099,0.00558,0.53888
38.60000,3.01194,0.97122,0.00122,0.00077,0.02679
38.80000,3.01194,0.98981,0.00162,0.00180,0.00677
39.00000,3.01194,0.99785,0.00135,0.00056,0.00025
39.20000,3.01194,0.99928,0.00000,0.00070,0.00001
39.40000,3.01194,0.91474,0.00029,0.08418,0.00079
39.60000,3.01194,0.94869,0.00537,0.04583,0.00012
39.80000,3.01194,0.59958,0.21706,0.18236,0.00100
40.00000,3.01194,0.66983,0.15299,0.17557,0.00161
40.20000,3.01194,0.17352,0.82547,0.00043,0.00059
40.40000,3.01194,0.94567,0.01511,0.03106,0.00816
40.60000,3.01194,0.98190,0.00004,0.01224,0.00583
40.80000,3.01194,0.92639,0.00016,0.06499,0.00847
41.00000,3.01194,0.98607,0.00676,0.00501,0.00216
41.20000,3.01194,0.97423,0.00001,0.00826,0.01750
41.40000,3.01194,0.99460,0.00000,0.00258,0.00282
41.60000,3.01194,0.99462,0.00087,0.00078,0.00373
41.80000,3.01194,0.98752,0.00122,0.00004,0.01122
42.00000,3.01194,0.18163,0.01244,0.00060,0.80533
42.20000,3.01194,0.86568,0.00035,0.00052,0.13345
42.40000,3.01194,0.99973,0.00000,0.00015,0.00012
42.60000,3.01194,0.99856,0.00000,0.00121,0.00022
42.80000,3.01194,0.99282,0.00007,0.00708,0.00003
43.00000,3.01194,0.98950,0.00017,0.01013,0.00020
43.20000,3.01194,0.88738,0.03271,0.07838,0.00153
43.40000,3.01194,0.92516,0.01722,0.05748,0.00013
43.60000,3.01194,0.99915,0.00012,0.00072,0.00001
43.80000,3.01194,0.99966,0.00000,0.00017,0.00016
44.00000,3.01194,0.99351,0.00000,0.00604,0.00045
44.20000,3.01194,0.97558,0.00000,0.01499,0.00943
44.40000,3.01194,0.97110,0.00002,0.01020,0.01868
44.60000,3.01194,0.98285,0.00008,0.00736,0.00972
44.80000,3.01194,0.96511,0.00311,0.01485,0.01693
45.00000,3.01194,0.51496,0.00797,0.00885,0.46822
45.20000,3.01194,0.86392,0.03206,0.00266,0.10136
45.40000,3.01194,0.26228,0.00111,0.00771,0.72890
45.60000,3.01194,0.99173,0.00013,0.00228,0.00586
45.80000,3.01194,0.99961,0.00006,0.00022,0.00011
46.00000,3.01194,0.96247,0.03435,0.00311,0.00007
46.20000,3.01194,0.97034,0.00662,0.02204,0.00099
46.40000,3.01194,0.79762,0.00507,0.19673,0.00058
46.60000,3.01194,0.90227,0.00003,0.09706,0.00064
46.80000,3.01194,0.99168,0.00001,0.00794,0.00037
47.00000,3.01194,0.99271,0.00000,0.00691,0.00038
47.20000,3.01194,0.99534,0.00000,0.00403,0.00063
47.40000,3.01194,0.99646,0.00000,0.00259,0.00095
47.60000,3.01194,0.99516,0.00001,0.00088,0.00396
47.80000,3.01194,0.97094,0.00058,0.00013,0.02835
48.00000,3.01194,0.85819,0.00014,0.00107,0.14060
48.20000,3.01194,0.32831,0.00277,0.00216,0.66676
48.40000,3.01194,0.99630,0.00001,0.00058,0.00310
48.60000,3.01194,0.99991,0.00001,0.00005,0.00003
48.80000,3.01194,0.99940,0.00011,0.00035,0.00013
49.00000,3.01194,0.99265,0.00001,0.00729,0.00005
49.20000,3.01194,0.89296,0.00004,0.10678,0.00022
49.40000,3.01194,0.77399,0.00000,0.22587,0.00013
49.60000,3.01194,0.99892,0.00000,0.00083,0.00025
49.80000,3.01194,0.99216,0.00000,0.00763,0.00021
50.00000,3.01194,0.99293,0.00000,0.00530,0.00177
50.20000,3.01194,0.99328,0.00000,0.00147,0.00525
50.40000,3.01194,0.98912,0.00005,0.00005,0.01078
50.60000,3.01194,0.75138,0.00003,0.00076,0.24783
50.80000,3.01194,0.79409,0.00048,0.00172,0.20371
51.00000,3.01194,0.96468,0.00006,0.00251,0.03274
51.20000,3.01194,0.99886,0.00000,0.00009,0.00105
51.40000,3.01194,0.99871,0.00017,0.00060,0.00052
51.60000,3.01194,0.97335,0.00008,0.02620,0.00037
51.80000,3.01194,0.82656,0.00006,0.17149,0.00190
52.00000,3.01194,0.74946,0.00367,0.23852,0.00835
52.20000,3.01194,0.65697,0.07351,0.21272,0.05680
52.40000,3.01194,0.81244,0.00173,0.13311,0.05272
52.60000,3.01194,0.86999,0.00182,0.08699,0.04120
52.80000,3.01194,0.87866,0.00046,0.10516,0.01572
53.00000,3.01194,0.89590,0.00002,0.08674,0.01735
53.20000,3.01194,0.96681,0.00000,0.02173,0.01146
53.40000,3.01194,0.93778,0.00003,0.02070,0.04149
53.60000,3.01194,0.85465,0.00394,0.00218,0.13923
53.80000,3.01194,0.86560,0.00073,0.00116,0.13250
54.00000,3.01194,0.43052,0.00359,0.00421,0.56168
54.20000,3.01194,0.99542,0.00004,0.00094,0.00360
54.40000,3.01194,0.99981,0.00000,0.00012,0.00007
54.60000,3.01194,0.99897,0.00003,0.00060,0.00040
54.80000,3.01194,0.98605,0.00016,0.01333,0.00046
55.00000,3.01194,0.92632,0.00078,0.07241,0.00048
55.20000,3.01194,0.84900,0.00111,0.14956,0.00034
55.40000,3.01194,0.99961,0.00000,0.00034,0.00005
55.60000,3.01194,0.98426,0.00000,0.00589,0.00984
55.80000,3.01194,0.94846,0.00001,0.00973,0.04179
56.00000,3.01194,0.96828,0.00004,0.00922,0.02246
56.20000,3.01194,0.99101,0.00001,0.00674,0.00224
56.40000,3.01194,0.94312,0.00007,0.03674,0.02007
56.60000,3.01194,0.98608,0.00321,0.00007,0.01063
56.80000,3.01194,0.24920,0.00763,0.00433,0.73884
57.00000,3.01194,0.80185,0.00183,0.19174,0.00458
57.20000,3.01194,0.99997,0.00000,0.00002,0.00001
57.40000,3.01194,0.99885,0.00001,0.00111,0.00003
57.60000,3.01194,0.99972,0.00004,0.00018,0.00006
57.80000,3.01194,0.98052,0.00074,0.01860,0.00014
58.00000,3.01194,0.86947,0.00000,0.13035,0.00018
58.20000,3.01194,0.99968,0.00000,0.00028,0.00004
58.40000,3.01194,0.98534,0.00000,0.01240,0.00226
58.60000,3.01194,0.99248,0.00000,0.00312,0.00440
58.80000,3.01194,0.98841,0.00000,0.00906,0.00253
59.00000,3.01194,0.98751,0.00000,0.00992,0.00257
59.20000,3.01194,0.97806,0.00133,0.00199,0.01862
59.40000,3.01194,0.97234,0.00380,0.00016,0.02370
59.60000,3.01194,0.15875,0.00091,0.00078,0.83956
59.80000,3.01194,0.96406,0.00012,0.00212,0.03371
60.00000,3.01194,0.99985,0.00004,0.00009,0.00002
60.20000,3.01194,0.99968,0.00011,0.00016,0.00006
60.40000,3.01194,0.99071,0.00862,0.00055,0.00012
60.60000,3.01194,0.91874,0.01110,0.06955,0.00061
60.80000,3.01194,0.46235,0.00056,0.53687,0.00021
61.00000,3.01194,0.99539,0.00315,0.00051,0.00095
61.20000,3.01194,0.98698,0.00000,0.00376,0.00926
61.40000,3.01193,0.88717,0.00206,0.01209,0.09868
61.60000,3.01194,0.94679,0.00000,0.02587,0.02734
61.80000,3.01194,0.99133,0.00017,0.00363,0.00487
62.00000,3.01194,0.95202,0.00714,0.02703,0.01381
62.20000,3.01194,0.92691,0.00119,0.00073,0.07117
62.40000,3.01193,0.84591,0.01797,0.00015,0.13597
62.60000,3.01194,0.65845,0.00609,0.00373,0.33173
62.80000,3.01194,0.86408,0.00464,0.13004,0.00125
63.00000,3.01194,0.99318,0.00090,0.00480,0.00111
63.20000,3.01194,0.95353,0.00205,0.04441,0.00001
63.40000,3.01193,0.99910,0.00024,0.00063,0.00002
63.60000,3.01194,0.83662,0.00204,0.15972,0.00161
63.80000,3.01194,0.97470,0.00338,0.01943,0.00249
64.00000,3.01194,0.99811,0.00069,0.00095,0.00026
64.20000,3.01194,0.98654,0.00048,0.01013,0.00285
64.40000,3.01193,0.83815,0.01731,0.08415,0.06039
64.60000,3.01194,0.60110,0.20411,0.06359,0.13120
64.80000,3.01193,0.70737,0.05753,0.12468,0.11042
65.00000,3.01194,0.92312,0.00943,0.02644,0.04101
65.20000,3.01194,0.83934,0.01061,0.04470,0.10534
65.40000,3.01193,0.89391,0.00171,0.04360,0.06078
65.60000,3.01194,0.94525,0.00001,0.02824,0.02650
65.80000,3.01193,0.98193,0.00000,0.00264,0.01543
66.00000,3.01194,0.98881,0.00000,0.00049,0.01071
66.20000,3.01194,0.95328,0.00340,0.00185,0.04148
66.40000,3.01193,0.46921,0.01421,0.00214,0.51444
66.60000,3.01194,0.37751,0.00608,0.00401,0.61239
66.80000,3.01193,0.99583,0.00004,0.00047,0.00366
67.00000,3.01194,0.99982,0.00000,0.00007,0.00011
67.20000,3.01194,0.99888,0.00000,0.00105,0.00007
67.40000,3.01193,0.97442,0.00001,0.02556,0.00001
67.60000,3.01194,0.98848,0.00298,0.00843,0.00011
67.80000,3.01193,0.93317,0.04286,0.02321,0.00076
68.00000,3.01194,0.98082,0.00601,0.01287,0.00031
68.20000,3.01194,0.99914,0.00012,0.00072,0.00002
68.40000,3.01193,0.99930,0.00014,0.00041,0.00015
68.60000,3.01194,0.91619,0.01782,0.03023,0.03576
68.80000,3.01193,0.62986,0.09739,0.11151,0.16123
69.00000,3.01194,0.85171,0.00052,0.10893,0.03884
69.20000,3.01194,0.83635,0.00263,0.06200,0.09902
69.40000,3.01193,0.77518,0.05169,0.04008,0.13305
69.60000,3.01194,0.88438,0.00036,0.08962,0.02563
69.80000,3.01193,0.93655,0.00007,0.05566,0.00772
70.00000,3.01194,0.83366,0.00998,0.01369,0.14267
70.20000,3.01194,0.93274,0.00237,0.00076,0.06412
70.40000,3.01193,0.26158,0.00526,0.00294,0.73022
70.60000,3.01194,0.92904,0.01432,0.01396,0.04269
70.80000,3.01193,0.99903,0.00004,0.00087,0.00007
71.00000,3.01194,0.99978,0.00001,0.00017,0.00004
71.20000,3.01194,0.98970,0.00631,0.00325,0.00074
71.40000,3.01193,0.88610,0.00696,0.10563,0.00131
71.60000,3.01194,0.87736,0.03147,0.08873,0.00244
71.80000,3.01193,0.99789,0.00092,0.00081,0.00038
72.00000,3.01194,0.98817,0.00000,0.00810,0.00373
72.20000,3.01194,0.86599,0.00016,0.01975,0.11410
72.40000,3.01193,0.96484,0.00000,0.03154,0.00363
72.60000,3.01194,0.99167,0.00000,0.00708,0.00125
72.80000,3.01193,0.98076,0.00004,0.01055,0.00865
73.00000,3.01194,0.96336,0.00242,0.00066,0.03357
73.20000,3.01194,0.89929,0.00049,0.00011,0.10010
73.40000,3.01193,0.13406,0.00129,0.00084,0.86381
73.60000,3.01194,0.99276,0.00073,0.00426,0.00226
73.80000,3.01193,0.99997,0.00000,0.00002,0.00000
74.00000,3.01194,0.99939,0.00014,0.00042,0.00005
74.20000,3.01194,0.99667,0.00162,0.00155,0.00015
74.40000,3.01193,0.88246,0.00180,0.11508,0.00066
74.60000,3.01194,0.73231,0.00165,0.26392,0.00212
74.80000,3.01193,0.98334,0.01331,0.00251,0.00084
75.00000,3.01194,0.96000,0.01497,0.01666,0.00837
75.20000,3.01194,0.91703,0.00117,0.05156,0.03024
75.40000,3.01193,0.83580,0.00185,0.09438,0.06798
75.60000,3.01194,0.90930,0.00058,0.04747,0.04265
75.80000,3.01193,0.95323,0.00002,0.01088,0.03588
76.00000,3.01194,0.97458,0.00000,0.00667,0.01875
76.20000,3.01194,0.98784,0.00014,0.00324,0.00878
76.40000,3.01193,0.92946,0.00295,0.00215,0.06544
76.60000,3.01194,0.73391,0.00053,0.00051,0.26505
76.80000,3.01193,0.19518,0.00202,0.00358,0.79922
77.00000,3.01194,0.93405,0.00086,0.06355,0.00154
77.20000,3.01194,0.99996,0.00000,0.00003,0.00001
77.40000,3.01193,0.99924,0.00003,0.00068,0.00005
77.60000,3.01194,0.99832,0.00004,0.00159,0.00004
77.80000,3.01193,0.95800,0.00005,0.04190,0.00006
78.00000,3.01194,0.52514,0.00007,0.47432,0.00048
78.20000,3.01194,0.99873,0.00001,0.00119,0.00006
78.40000,3.01193,0.98531,0.00000,0.01281,0.00188
78.60000,3.01194,0.91735,0.00002,0.03029,0.05235
78.80000,3.01193,0.94697,0.00001,0.03386,0.01915
79.00000,3.01194,0.94693,0.00000,0.05213,0.00094
79.20000,3.01194,0.98882,0.00000,0.00723,0.00396
79.40000,3.01193,0.99302,0.00000,0.00083,0.00614
79.60000,3.01194,0.92643,0.00020,0.00016,0.07321
79.80000,3.01193,0.77040,0.00064,0.00104,0.22792
80.00000,3.01194,0.72937,0.01080,0.01003,0.24981
80.20000,3.01194,0.99562,0.00000,0.00087,0.00350
80.40000,3.01193,0.99996,0.00000,0.00003,0.00001
80.60000,3.01194,0.99988,0.00000,0.00011,0.00001
80.80000,3.01193,0.99440,0.00004,0.00542,0.00014
81.00000,3.01194,0.94652,0.00034,0.05288,0.00027
81.20000,3.01194,0.82418,0.00014,0.17541,0.00027
81.40000,3.01193,0.98894,0.00055,0.00927,0.00125
81.60000,3.01194,0.93364,0.00001,0.05664,0.00971
81.80000,3.01193,0.91595,0.00009,0.02558,0.05838
82.00000,3.01194,0.93125,0.00006,0.05981,0.00888
82.20000,3.01194,0.91208,0.00001,0.06330,0.02461
82.40000,3.01193,0.98255,0.00000,0.01559,0.00186
82.60000,3.01194,0.99096,0.00000,0.00313,0.00592
82.80000,3.01193,0.98447,0.00001,0.00094,0.01459
83.00000,3.01194,0.78012,0.00036,0.00059,0.21894
83.20000,3.01194,0.37835,0.00099,0.00401,0.61665
83.40000,3.01193,0.70533,0.03688,0.05145,0.20634
83.60000,3.01194,0.99917,0.00000,0.00021,0.00062
83.80000,3.01193,0.99998,0.00000,0.00001,0.00000
84.00000,3.01194,0.99928,0.00000,0.00071,0.00001
84.20000,3.01194,0.99245,0.00006,0.00736,0.00013
84.40000,3.01193,0.81278,0.00083,0.18607,0.00032
84.60000,3.01194,0.61305,0.00251,0.38408,0.00036
84.80000,3.01193,0.99017,0.00788,0.00180,0.00015
85.00000,3.01194,0.92774,0.00102,0.05709,0.01414
85.20000,3.01194,0.86340,0.00032,0.04460,0.09168
85.40000,3.01193,0.73975,0.00009,0.11232,0.14784
85.60000,3.01194,0.82985,0.00008,0.09130,0.07877
85.80000,3.01193,0.74938,0.00002,0.14122,0.10938
86.00000,3.01194,0.97039,0.00000,0.01645,0.01315
86.20000,3.01194,0.97385,0.00022,0.00790,0.01803
86.40000,3.01193,0.83866,0.00081,0.00587,0.15467
86.60000,3.01194,0.48095,0.00039,0.00324,0.51541
86.80000,3.01193,0.51083,0.00140,0.01754,0.47023
87.00000,3.01194,0.97576,0.00030,0.02209,0.00184
87.20000,3.01194,0.99996,0.00000,0.00002,0.00002
87.40000,3.01193,0.99794,0.00066,0.00120,0.00020
87.60000,3.01194,0.96781,0.00051,0.03015,0.00154
87.80000,3.01193,0.93716,0.00124,0.06074,0.00086
88.00000,3.01194,0.91643,0.00163,0.08149,0.00045
88.20000,3.01194,0.95855,0.00215,0.03659,0.00271
88.40000,3.01193,0.94832,0.00173,0.04253,0.00742
88.60000,3.01194,0.89392,0.00004,0.07554,0.03050
88.80000,3.01193,0.85619,0.00004,0.08592,0.05785
89.00000,3.01194,0.89020,0.00032,0.05475,0.05473
89.20000,3.01194,0.97281,0.00000,0.01064,0.01655
89.40000,3.01193,0.97480,0.00000,0.01456,0.01063
89.60000,3.01194,0.95867,0.00037,0.00713,0.03382
89.80000,3.01193,0.86492,0.00037,0.00179,0.13292
90.00000,3.01194,0.37771,0.00082,0.00135,0.62013
90.20000,3.01194,0.90258,0.00304,0.00191,0.09248
90.40000,3.01193,0.99893,0.00000,0.00070,0.00036
90.60000,3.01194,0.99996,0.00000,0.00003,0.00001
90.80000,3.01193,0.99749,0.00012,0.00233,0.00006
91.00000,3.01194,0.97777,0.00010,0.02179,0.00034
91.20000,3.01194,0.75428,0.00245,0.24153,0.00174
91.40000,3.01193,0.83413,0.00274,0.16204,0.00109
91.60000,3.01194,0.96738,0.00341,0.02652,0.00269
91.80000,3.01193,0.92312,0.00109,0.06039,0.01540
92.00000,3.01194,0.62426,0.10117,0.06584,0.20873
92.20000,3.01194,0.51736,0.05375,0.21384,0.21505
92.40000,3.01193,0.60624,0.06312,0.13466,0.19598
92.60000,3.01194,0.63952,0.00443,0.10891,0.24715
92.80000,3.01193,0.64791,0.00179,0.03780,0.31249
93.00000,3.01194,0.80680,0.04916,0.03060,0.11345
93.20000,3.01194,0.72152,0.09072,0.03332,0.15443
93.40000,3.01193,0.71413,0.00012,0.15753,0.12822
93.60000,3.01194,0.83719,0.00008,0.09435,0.06838
93.80000,3.01193,0.91220,0.00378,0.01798,0.06604
94.00000,3.01194,0.87666,0.00171,0.00142,0.12021
94.20000,3.01194,0.32155,0.00389,0.00117,0.67339
94.40000,3.01193,0.98042,0.00070,0.00100,0.01788
94.60000,3.01194,0.99837,0.00000,0.00112,0.00051
94.80000,3.01193,0.99764,0.00000,0.00218,0.00018
95.00000,3.01194,0.95008,0.00002,0.04979,0.00011
95.20000,3.01194,0.99611,0.00012,0.00371,0.00006
95.40000,3.01193,0.91591,0.00317,0.08004,0.00088
95.60000,3.01194,0.81515,0.03179,0.15147,0.00160
95.80000,3.01193,0.99894,0.00013,0.00084,0.00010
96.00000,3.01194,0.97635,0.00021,0.02089,0.00255
96.20000,3.01194,0.93696,0.00001,0.05421,0.00883
96.40000,3.01193,0.89507,0.00381,0.04224,0.05888
96.60000,3.01194,0.92375,0.00001,0.06578,0.01046
96.80000,3.01193,0.94247,0.00001,0.03452,0.02300
97.00000,3.01194,0.96984,0.00000,0.02179,0.00837
97.20000,3.01194,0.95728,0.00018,0.01370,0.02884
97.40000,3.01193,0.96580,0.00293,0.00088,0.03039
97.60000,3.01194,0.77927,0.00316,0.00060,0.21697
97.80000,3.01193,0.32926,0.00394,0.00425,0.66255
98.00000,3.01194,0.99455,0.00003,0.00189,0.00353
98.20000,3.01194,0.99920,0.00000,0.00062,0.00018
98.40000,3.01193,0.99893,0.00003,0.00091,0.00013
98.60000,3.01194,0.99936,0.00000,0.00063,0.00000
98.80000,3.01193,0.97690,0.00475,0.01777,0.00058
99.00000,3.01194,0.31274,0.00023,0.68639,0.00063
99.20000,3.01194,0.99780,0.00081,0.00126,0.00013
99.40000,3.01193,0.99009,0.00035,0.00894,0.00062
99.60000,3.01194,0.85657,0.01428,0.05753,0.07161
99.80000,3.01193,0.68098,0.06572,0.07728,0.17602
100.00000,3.01194,0.75671,0.00021,0.15931,0.08377
100.20000,3.01194,0.73339,0.00051,0.11726,0.14884
100.40000,3.01193,0.91843,0.00025,0.05326,0.02806
100.60000,3.01194,0.69854,0.00000,0.17618,0.12528
100.80000,3.01193,0.93439,0.00017,0.02826,0.03719
101.00000,3.01194,0.93148,0.00187,0.03450,0.03214
101.20000,3.01194,0.88985,0.00317,0.00203,0.10495
101.40000,3.01193,0.26961,0.00179,0.00139,0.72722
101.60000,3.01194,0.66657,0.00014,0.00177,0.33152
101.80000,3.01193,0.99630,0.00001,0.00307,0.00062
102.00000,3.01194,0.99878,0.00000,0.00109,0.00013
102.20000,3.01194,0.99704,0.00014,0.00263,0.00019
102.40000,3.01193,0.98500,0.00002,0.01495,0.00002
102.60000,3.01194,0.95112,0.00208,0.04494,0.00186
102.80000,3.01193,0.94028,0.01257,0.04516,0.00199
103.00000,3.01194,0.99951,0.00003,0.00041,0.00005
103.20000,3.01194,0.96783,0.00088,0.02824,0.00305
103.40000,3.01193,0.80129,0.05137,0.06305,0.08429
103.60000,3.01194,0.57273,0.17590,0.11757,0.13380
103.80000,3.01193,0.66266,0.00589,0.19362,0.13783
104.00000,3.01194,0.75351,0.00005,0.12048,0.12596
104.20000,3.01194,0.63826,0.00049,0.01792,0.34333
104.40000,3.01193,0.45472,0.00037,0.03814,0.50677
104.60000,3.01194,0.58369,0.06777,0.00872,0.33983
104.80000,3.01193,0.58592,0.20021,0.05879,0.15508
105.00000,3.01194,0.65884,0.00731,0.01422,0.31964
105.20000,3.01194,0.35186,0.00133,0.00085,0.64596
105.40000,3.01193,0.64338,0.00032,0.00518,0.35113
105.60000,3.01194,0.99871,0.00003,0.00105,0.00021
105.80000,3.01193,0.99513,0.00011,0.00463,0.00013
106.00000,3.01194,0.98715,0.00365,0.00907,0.00014
106.20000,3.01194,0.99879,0.00001,0.00117,0.00003
106.40000,3.01193,0.94821,0.00025,0.05122,0.00031
106.60000,3.01194,0.82136,0.00028,0.17140,0.00696
106.80000,3.01193,0.96612,0.03282,0.00071,0.00035
107.00000,3.01194,0.97119,0.02078,0.00543,0.00261
107.20000,3.01194,0.74808,0.06270,0.06947,0.11975
107.40000,3.01193,0.62876,0.03959,0.08092,0.25072
107.60000,3.01194,0.72027,0.00708,0.13827,0.13438
107.80000,3.01193,0.78842,0.00006,0.06685,0.14467
108.00000,3.01194,0.92092,0.00149,0.00436,0.07323
108.20000,3.01194,0.54782,0.00043,0.16143,0.29033
108.40000,3.01193,0.65098,0.23514,0.01016,0.10372
108.60000,3.01194,0.70078,0.14042,0.04557,0.11323
108.80000,3.01193,0.82440,0.00424,0.00760,0.16376
109.00000,3.01194,0.41876,0.00033,0.00109,0.57982
109.20000,3.01194,0.61182,0.00002,0.00470,0.38346
109.40000,3.01193,0.79271,0.00019,0.20696,0.00014
109.60000,3.01194,0.99792,0.00002,0.00202,0.00004
109.80000,3.01193,0.97127,0.00007,0.02862,0.00004
110.00000,3.01194,0.98964,0.00016,0.00951,0.00070
110.20000,3.01194,0.92257,0.00001,0.07708,0.00035
110.40000,3.01193,0.96168,0.00001,0.03695,0.00135
110.60000,3.01194,0.99793,0.00004,0.00197,0.00006
110.80000,3.01193,0.93063,0.02805,0.03028,0.01104
111.00000,3.01194,0.74470,0.02109,0.07860,0.15561
111.20000,3.01194,0.67177,0.02227,0.15303,0.15294
111.40000,3.01193,0.90389,0.00230,0.03096,0.06286
111.60000,3.01194,0.94044,0.00259,0.04306,0.01391
111.80000,3.01193,0.81329,0.00496,0.15117,0.03059
112.00000,3.01194,0.64095,0.00009,0.05520,0.30376
112.20000,3.01194,0.82130,0.00022,0.08419,0.09429
112.40000,3.01193,0.87339,0.00212,0.03562,0.08886
112.60000,3.01194,0.97173,0.00711,0.00047,0.02069
112.80000,3.01193,0.19767,0.00052,0.00040,0.80141
113.00000,3.01194,0.53566,0.00293,0.00244,0.45897
113.20000,3.01194,0.96803,0.00011,0.03158,0.00029
113.40000,3.01193,0.99927,0.00000,0.00065,0.00009
113.60000,3.01194,0.99834,0.00010,0.00146,0.00010
113.80000,3.01193,0.99473,0.00043,0.00468,0.00017
114.00000,3.01194,0.97007,0.00005,0.02957,0.00031
114.20000,3.01194,0.92803,0.00177,0.06969,0.00051
114.40000,3.01193,0.99912,0.00025,0.00056,0.00006
114.60000,3.01194,0.93143,0.00909,0.03778,0.02171
114.80000,3.01193,0.63052,0.03317,0.06069,0.27563
115.00000,3.01194,0.70652,0.04198,0.11326,0.13824
115.20000,3.01194,0.99235,0.00366,0.00097,0.00302
115.40000,3.01193,0.76012,0.00754,0.20248,0.02986
115.60000,3.01194,0.52314,0.00051,0.01102,0.46533
115.80000,3.01193,0.46077,0.00168,0.04600,0.49155
116.00000,3.01194,0.96533,0.00181,0.00948,0.02338
116.20000,3.01194,0.89200,0.00607,0.01231,0.08963
116.40000,3.01193,0.78514,0.00457,0.00019,0.21010
116.60000,3.01194,0.35309,0.03168,0.00316,0.61207
116.80000,3.01193,0.99361,0.00013,0.00503,0.00124
117.00000,3.01194,0.99869,0.00000,0.00101,0.00029
117.20000,3.01194,0.97292,0.00002,0.02676,0.00030
117.40000,3.01193,0.99629,0.00009,0.00348,0.00015
117.60000,3.01194,0.98884,0.00185,0.00904,0.00027
117.80000,3.01193,0.81883,0.00010,0.17943,0.00164
118.00000,3.01194,0.99398,0.00187,0.00386,0.00030
118.20000,3.01194,0.99805,0.00022,0.00165,0.00009
118.40000,3.01193,0.83231,0.00870,0.03732,0.12167
118.60000,3.01194,0.73924,0.01760,0.07652,0.16665
118.80000,3.01193,0.77643,0.03794,0.06686,0.11877
119.00000,3.01194,0.75933,0.13214,0.04499,0.06354
119.20000,3.01194,0.81872,0.09290,0.04233,0.04606
119.40000,3.01193,0.78077,0.03521,0.08118,0.10283
119.60000,3.01194,0.70791,0.04544,0.04870,0.19795
119.80000,3.01193,0.86157,0.00041,0.01319,0.12483
120.00000,3.01194,0.90416,0.00541,0.05067,0.03977
120.20000,3.01194,0.95051,0.00356,0.01165,0.03428
120.40000,3.01193,0.95382,0.01370,0.00045,0.03203
120.60000,3.01194,0.51797,0.02286,0.00109,0.45808
120.80000,3.01193,0.89584,0.00480,0.00406,0.09530
121.00000,3.01194,0.99192,0.00000,0.00720,0.00087
121.20000,3.01194,0.99609,0.00007,0.00336,0.00049
121.40000,3.01193,0.99825,0.00016,0.00141,0.00018
121.60000,3.01194,0.99543,0.00091,0.00336,0.00029
121.80000,3.01193,0.81153,0.00329,0.18271,0.00247
122.00000,3.01194,0.79952,0.07565,0.12434,0.00048
122.20000,3.01194,0.99576,0.00014,0.00386,0.00025
122.40000,3.01193,0.94112,0.00639,0.01597,0.03653
122.60000,3.01194,0.77738,0.01058,0.08157,0.13046
122.80000,3.01193,0.84681,0.00920,0.06486,0.07913
123.00000,3.01194,0.87395,0.00595,0.03546,0.08464
123.20000,3.01194,0.90901,0.00015,0.01076,0.08008
123.40000,3.01193,0.82931,0.00017,0.01264,0.15788
123.60000,3.01194,0.68129,0.00038,0.06244,0.25589
123.80000,3.01193,0.72668,0.00021,0.02078,0.25233
124.00000,3.01194,0.74514,0.00941,0.03420,0.21125
124.20000,3.01194,0.60885,0.02668,0.02233,0.34215
124.40000,3.01193,0.26679,0.00114,0.00135,0.73073
124.60000,3.01194,0.93768,0.00001,0.00183,0.06048
124.80000,3.01193,0.91123,0.00427,0.08360,0.00090
125.00000,3.01193,0.99325,0.00004,0.00524,0.00147
125.20000,3.01195,0.99675,0.00180,0.00139,0.00006
125.40000,3.01194,0.94684,0.00040,0.04873,0.00402
125.60000,3.01194,0.71045,0.00548,0.26497,0.01910
125.80000,3.01193,0.98351,0.00003,0.01547,0.00099
126.00000,3.01193,0.99389,0.00070,0.00526,0.00015
126.20000,3.01195,0.89150,0.00907,0.04624,0.05319
126.40000,3.01194,0.89463,0.00007,0.05478,0.05052
126.60000,3.01194,0.89569,0.00006,0.06113,0.04312
126.80000,3.01193,0.97309,0.00006,0.02470,0.00214
127.00000,3.01193,0.87777,0.00000,0.09267,0.02956
127.20000,3.01195,0.97310,0.00000,0.02044,0.00646
127.40000,3.01194,0.97277,0.00000,0.00528,0.02196
127.60000,3.01194,0.98021,0.00000,0.00020,0.01959
127.80000,3.01193,0.93821,0.00000,0.00016,0.06164
128.00000,3.01193,0.67682,0.00002,0.00640,0.31677
128.20000,3.01195,0.77802,0.00000,0.00388,0.21809
128.39999,3.01195,0.96631,0.00000,0.00052,0.03317
128.60001,3.01193,0.86630,0.00000,0.00273,0.13096
128.80000,3.01193,0.98535,0.00000,0.00043,0.01423
129.00000,3.01193,0.99872,0.00000,0.00062,0.00065
129.20000,3.01195,0.99177,0.00000,0.00373,0.00451
129.39999,3.01195,0.93987,0.00001,0.00788,0.05223
129.60001,3.01193,0.96380,0.00000,0.00049,0.03570
129.80000,3.01193,0.98176,0.00001,0.00096,0.01727
130.00000,3.01193,0.99905,0.00000,0.00069,0.00026
130.20000,3.01195,0.99960,0.00000,0.00035,0.00004
130.39999,3.01195,0.98875,0.00000,0.01121,0.00004
130.60001,3.01193,0.99016,0.00000,0.00976,0.00008
130.80000,3.01193,0.97121,0.00003,0.02869,0.00007
131.00000,3.01193,0.91418,0.01223,0.07016,0.00344
131.20000,3.01195,0.99639,0.00270,0.00083,0.00008
131.39999,3.01195,0.99836,0.00008,0.00148,0.00008
131.60001,3.01193,0.92036,0.00699,0.03162,0.04104
131.80000,3.01193,0.84414,0.00025,0.06880,0.08682
132.00000,3.01193,0.90839,0.00012,0.05115,0.04034
132.20000,3.01195,0.94161,0.00033,0.05385,0.00422
132.39999,3.01195,0.92047,0.00001,0.04033,0.03920
132.60001,3.01193,0.93993,0.00001,0.03278,0.02728
132.80000,3.01193,0.96931,0.00000,0.00653,0.02415
133.00000,3.01193,0.98946,0.00000,0.00032,0.01022
133.20000,3.01195,0.93140,0.00002,0.00035,0.06823
133.39999,3.01195,0.33845,0.04817,0.06884,0.54455
133.60001,3.01193,0.93996,0.00033,0.00413,0.05558
133.80000,3.01193,0.99868,0.00001,0.00013,0.00117
134.00000,3.01193,0.99942,0.00001,0.00023,0.00034
134.20000,3.01195,0.99934,0.00000,0.00062,0.00004
134.39999,3.01195,0.98643,0.00008,0.01298,0.00050
134.60001,3.01193,0.88678,0.00001,0.11309,0.00011
134.80000,3.01193,0.79855,0.00046,0.18703,0.01396
135.00000,3.01193,0.88286,0.00177,0.09335,0.02202
135.20000,3.01195,0.83240,0.00017,0.09588,0.07155
135.39999,3.01195,0.94503,0.00002,0.03902,0.01593
135.60001,3.01193,0.98167,0.00058,0.00399,0.01375
135.80000,3.01193,0.98853,0.00023,0.00017,0.01108
136.00000,3.01193,0.40218,0.00106,0.00281,0.59395
136.20000,3.01195,0.38248,0.00201,0.23283,0.38268
136.39999,3.01195,0.99899,0.00008,0.00059,0.00034
136.60001,3.01193,0.99969,0.00004,0.00019,0.00008
136.80000,3.01193,0.99772,0.00123,0.00048,0.00056
137.00000,3.01193,0.99289,0.00145,0.00531,0.00035
137.20000,3.01195,0.85413,0.03927,0.10474,0.00186
137.39999,3.01195,0.95088,0.02826,0.01936,0.00149
137.60001,3.01193,0.84537,0.10525,0.02237,0.02701
137.80000,3.01193,0.82339,0.04745,0.05122,0.07795
138.00000,3.01193,0.89616,0.00026,0.05532,0.04827
138.20000,3.01195,0.94539,0.02105,0.01576,0.01780
138.39999,3.01195,0.92284,0.00192,0.03652,0.03872
138.60001,3.01193,0.85604,0.00016,0.08658,0.05722
138.80000,3.01193,0.90902,0.00000,0.06485,0.02614
139.00000,3.01193,0.98593,0.00002,0.00413,0.00993
139.20000,3.01195,0.97829,0.00051,0.00033,0.02087
139.39999,3.01195,0.90850,0.00009,0.00053,0.09087
139.60001,3.01193,0.38051,0.00615,0.02279,0.59056
139.80000,3.01193,0.91245,0.00013,0.00511,0.08231
140.00000,3.01193,0.94421,0.00003,0.00379,0.05197
140.20000,3.01195,0.99708,0.00004,0.00033,0.00255
140.39999,3.01195,0.99939,0.00003,0.00040,0.00018
140.60001,3.01193,0.99674,0.00008,0.00302,0.00017
140.80000,3.01193,0.95700,0.00771,0.03501,0.00028
141.00000,3.01193,0.95914,0.00086,0.03966,0.00034
141.20000,3.01195,0.94876,0.00715,0.04324,0.00084
141.39999,3.01195,0.61324,0.15995,0.15153,0.07527
141.60001,3.01193,0.16741,0.77315,0.03656,0.02288
141.80000,3.01193,0.88312,0.00202,0.05277,0.06209
142.00000,3.01193,0.88598,0.08235,0.01291,0.01876
142.20000,3.01195,0.92859,0.00205,0.02417,0.04519
142.39999,3.01195,0.91644,0.00070,0.02684,0.05601
142.60001,3.01193,0.90556,0.00086,0.07246,0.02111
142.80000,3.01193,0.94162,0.00854,0.00896,0.04088
143.00000,3.01193,0.98801,0.00081,0.00012,0.01106
143.20000,3.01195,0.47598,0.02826,0.00071,0.49505
143.39999,3.01195,0.73353,0.17687,0.02277,0.06682
143.60001,3.01193,0.99941,0.00012,0.00037,0.00011
143.80000,3.01193,0.99853,0.00081,0.00049,0.00018
144.00000,3.01193,0.98167,0.01542,0.00141,0.00150
144.20000,3.01195,0.99306,0.00031,0.00640,0.00022
144.39999,3.01195,0.77599,0.00336,0.21822,0.00243
144.60001,3.01193,0.84503,0.05776,0.09587,0.00134
144.80000,3.01193,0.87790,0.11732,0.00327,0.00151
145.00000,3.01193,0.80059,0.01393,0.06893,0.11656
145.20000,3.01195,0.90667,0.02052,0.02180,0.05101
145.39999,3.01195,0.90796,0.00218,0.05802,0.03184
145.60001,3.01193,0.86079,0.01242,0.07712,0.04967
145.80000,3.01193,0.91161,0.00025,0.02441,0.06373
146.00000,3.01193,0.75474,0.06531,0.08353,0.09641
146.20000,3.01195,0.87570,0.02206,0.04033,0.06192
146.39999,3.01195,0.98495,0.00166,0.00017,0.01322
146.60001,3.01193,0.39638,0.00161,0.00177,0.60025
146.80000,3.01193,0.86172,0.02703,0.00719,0.10407
147.00000,3.01193,0.99773,0.00007,0.00198,0.00021
147.20000,3.01195,0.98648,0.00528,0.00661,0.00163
147.39999,3.01195,0.99418,0.00427,0.00126,0.00028
147.60001,3.01193,0.99490,0.00235,0.00251,0.00024
147.80000,3.01193,0.87164,0.00259,0.11902,0.00675
148.00000,3.01193,0.95622,0.02470,0.01759,0.00148
148.20000,3.01195,0.99527,0.00053,0.00193,0.00227
148.39999,3.01195,0.95188,0.00344,0.01141,0.03327
148.60001,3.01193,0.71310,0.00258,0.07294,0.21138
148.80000,3.01193,0.98837,0.00000,0.00906,0.00256
149.00000,3.01193,0.96242,0.00000,0.03570,0.00188
149.20000,3.01195,0.96143,0.00012,0.01510,0.02336
149.39999,3.01195,0.94850,0.00568,0.00580,0.04001
149.60001,3.01193,0.97737,0.00326,0.00010,0.01927
149.80000,3.01193,0.31592,0.00252,0.00167,0.67989
150.00000,3.01193,0.95240,0.00255,0.02920,0.01585
150.20000,3.01195,0.99954,0.00003,0.00040,0.00003
150.39999,3.01195,0.99812,0.00097,0.00078,0.00013
150.60001,3.01193,0.99473,0.00480,0.00032,0.00015
150.80000,3.01193,0.98929,0.00159,0.00884,0.00027
151.00000,3.01193,0.92706,0.00069,0.06738,0.00487
151.20000,3.01195,0.96973,0.00624,0.02170,0.00233
151.39999,3.01195,0.96982,0.00610,0.00904,0.01504
151.60001,3.01193,0.64307,0.07627,0.07014,0.21053
151.80000,3.01193,0.84811,0.02177,0.03848,0.09164
152.00000,3.01193,0.94442,0.01295,0.01558,0.02705
152.20000,3.01195,0.74044,0.01613,0.20475,0.03868
152.39999,3.01195,0.79415,0.00010,0.11398,0.09176
152.60001,3.01193,0.94110,0.00000,0.02895,0.02995
152.80000,3.01193,0.97588,0.00098,0.00488,0.01826
153.00000,3.01193,0.98525,0.00116,0.00008,0.01351
153.20000,3.01195,0.76372,0.00339,0.00140,0.23149
153.39999,3.01195,0.60059,0.05472,0.08642,0.25828
153.60001,3.01193,0.99941,0.00006,0.00033,0.00020
153.80000,3.01193,0.99994,0.00000,0.00003,0.00003
154.00000,3.01193,0.99923,0.00024,0.00024,0.00030
154.20000,3.01195,0.99629,0.00038,0.00319,0.00013
154.39999,3.01195,0.54858,0.00081,0.45036,0.00024
154.60001,3.01193,0.53103,0.00361,0.46407,0.00129
154.80000,3.01193,0.61184,0.24311,0.07785,0.06720
155.00000,3.01193,0.73650,0.00016,0.12360,0.13975
155.20000,3.01195,0.92576,0.01060,0.01855,0.04509
155.39999,3.01195,0.76158,0.08333,0.12445,0.03064
155.60001,3.01193,0.80757,0.00022,0.08032,0.11189
155.80000,3.01193,0.85113,0.00024,0.10243,0.04620
156.00000,3.01193,0.94894,0.00520,0.01702,0.02885
156.20000,3.01195,0.97477,0.00279,0.00032,0.02212
156.39999,3.01195,0.55178,0.00326,0.00191,0.44306
156.60001,3.01193,0.70172,0.01827,0.02172,0.25828
156.80000,3.01193,0.93902,0.00068,0.05821,0.00210
157.00000,3.01193,0.99869,0.00026,0.00084,0.00020
157.20000,3.01195,0.99698,0.00138,0.00092,0.00072
157.39999,3.01195,0.99385,0.00468,0.00130,0.00017
157.60001,3.01193,0.75732,0.00164,0.23467,0.00637
157.80000,3.01193,0.73153,0.05913,0.20707,0.00226
158.00000,3.01193,0.99265,0.00001,0.00235,0.00500
158.20000,3.01195,0.97616,0.00001,0.00569,0.01813
158.39999,3.01195,0.75539,0.00198,0.04610,0.19653
158.60001,3.01193,0.90897,0.00008,0.01660,0.07434
158.80000,3.01193,0.93075,0.00004,0.01647,0.05274
159.00000,3.01193,0.90653,0.00414,0.01563,0.07370
159.20000,3.01195,0.67484,0.00001,0.00321,0.32194
159.39999,3.01195,0.88852,0.00183,0.00008,0.10957
159.60001,3.01193,0.63912,0.00144,0.01250,0.34693
159.80000,3.01193,0.99845,0.00025,0.00053,0.00077
160.00000,3.01193,0.99848,0.00007,0.00128,0.00017
160.20000,3.01195,0.99927,0.00009,0.00062,0.00002
160.39999,3.01195,0.99872,0.00007,0.00109,0.00012
160.60001,3.01193,0.81784,0.00093,0.18062,0.00061
160.80000,3.01193,0.94469,0.00045,0.04806,0.00680
161.00000,3.01193,0.85282,0.12350,0.01265,0.01102
161.20000,3.01195,0.87478,0.00849,0.05774,0.05899
161.39999,3.01195,0.93766,0.03316,0.00376,0.02542
161.60001,3.01193,0.74705,0.00019,0.00729,0.24548
161.80000,3.01193,0.84165,0.01106,0.03570,0.11158
162.00000,3.01193,0.67918,0.00365,0.21359,0.10358
162.20000,3.01195,0.97785,0.00014,0.00989,0.01212
162.39999,3.01195,0.79790,0.00057,0.02631,0.17522
162.60001,3.01193,0.89544,0.00070,0.00022,0.10364
162.80000,3.01193,0.24270,0.01820,0.00187,0.73723
163.00000,3.01193,0.82976,0.00065,0.01639,0.15320
163.20000,3.01195,0.99979,0.00002,0.00005,0.00014
163.39999,3.01195,0.99945,0.00005,0.00030,0.00019
163.60001,3.01193,0.99942,0.00017,0.00029,0.00012
163.80000,3.01193,0.83275,0.14869,0.01294,0.00562
164.00000,3.01193,0.62741,0.00002,0.37037,0.00220
164.20000,3.01195,0.97418,0.00104,0.01523,0.00955
164.39999,3.01195,0.98131,0.00004,0.00738,0.01127
164.60001,3.01193,0.78811,0.01209,0.04316,0.15664
164.80000,3.01193,0.96680,0.00002,0.01673,0.01646
165.00000,3.01193,0.91237,0.00002,0.08401,0.00360
165.20000,3.01195,0.98511,0.00000,0.01225,0.00264
165.39999,3.01195,0.96653,0.00141,0.00386,0.02820
165.60001,3.01193,0.92319,0.00330,0.00013,0.07338
165.80000,3.01193,0.25723,0.01150,0.00269,0.72859
166.00000,3.01193,0.97858,0.00431,0.01484,0.00226
166.20000,3.01195,0.99872,0.00102,0.00023,0.00003
166.39999,3.01195,0.99917,0.00047,0.00021,0.00015
166.60001,3.01193,0.99087,0.00849,0.00048,0.00016
166.80000,3.01193,0.90349,0.00416,0.09149,0.00085
167.00000,3.01193,0.72480,0.00766,0.26702,0.00052
167.20000,3.01195,0.99037,0.00468,0.00398,0.00097
167.39999,3.01195,0.96536,0.01191,0.01511,0.00762
167.60001,3.01193,0.68663,0.10222,0.08376,0.12740
167.80000,3.01193,0.54685,0.18996,0.11358,0.14960
168.00000,3.01193,0.56071,0.11223,0.14754,0.17952
168.20000,3.01195,0.63216,0.06502,0.10723,0.19558
168.39999,3.01195,0.67630,0.10121,0.04730,0.17518
168.60001,3.01193,0.33317,0.66304,0.00030,0.00349
168.80000,3.01193,0.78215,0.15316,0.00599,0.05870
169.00000,3.01193,0.72275,0.01150,0.02096,0.24479
169.20000,3.01195,0.54345,0.02330,0.12545,0.30780
169.39999,3.01195,0.93186,0.00488,0.03382,0.02945
169.60001,3.01193,0.82404,0.00621,0.00300,0.16675
169.80000,3.01193,0.79414,0.16120,0.00029,0.04437
170.00000,3.01193,0.54556,0.37720,0.00120,0.07603
170.20000,3.01195,0.99093,0.00005,0.00847,0.00055
170.39999,3.01195,0.99991,0.00000,0.00004,0.00005
170.60001,3.01193,0.97378,0.00007,0.02165,0.00451
170.80000,3.01193,0.99692,0.00034,0.00135,0.00139
171.00000,3.01193,0.99257,0.00113,0.00626,0.00005
171.20000,3.01195,0.99553,0.00003,0.00407,0.00036
171.39999,3.01195,0.99952,0.00000,0.00044,0.00004
171.60001,3.01193,0.99335,0.00150,0.00506,0.00010
171.80000,3.01193,0.97256,0.00063,0.02563,0.00118
172.00000,3.01193,0.99343,0.00205,0.00355,0.00097
172.20000,3.01195,0.97227,0.00000,0.01056,0.01717
172.39999,3.01195,0.86013,0.00085,0.02321,0.11581
172.60001,3.01193,0.96098,0.00000,0.03532,0.00370
172.80000,3.01193,0.92211,0.00000,0.06759,0.01030
173.00000,3.01193,0.98555,0.00000,0.00540,0.00906
173.20000,3.01195,0.99780,0.00000,0.00006,0.00214
173.39999,3.01195,0.97302,0.00022,0.00003,0.02673
173.60001,3.01193,0.52927,0.00908,0.00077,0.46088
173.80000,3.01193,0.69118,0.01137,0.00225,0.29519
174.00000,3.01193,0.96916,0.00044,0.00250,0.02791
174.20000,3.01195,0.99921,0.00001,0.00013,0.00065
174.39999,3.01195,0.99977,0.00011,0.00008,0.00004
174.60001,3.01193,0.98156,0.00000,0.01839,0.00004
174.80000,3.01193,0.99854,0.00010,0.00136,0.00001
175.00000,3.01193,0.94022,0.01072,0.04884,0.00022
175.20000,3.01195,0.86294,0.00472,0.12906,0.00328
175.39999,3.01195,0.98717,0.01161,0.00097,0.00024
175.60001,3.01193,0.90800,0.08894,0.00188,0.00118
175.80000,3.01193,0.79900,0.04161,0.07501,0.08439
176.00000,3.01193,0.51745,0.13795,0.13310,0.21150
176.20000,3.01195,0.46473,0.19088,0.15211,0.19228
176.39999,3.01195,0.68767,0.00064,0.12267,0.18903
176.60001,3.01193,0.74431,0.00166,0.01930,0.23473
176.80000,3.01193,0.88574,0.00279,0.03945,0.07203
177.00000,3.01193,0.88971,0.00007,0.06889,0.04133
177.20000,3.01195,0.96306,0.00000,0.03335,0.00359
177.39999,3.01195,0.98274,0.00000,0.00959,0.00767
177.60001,3.01193,0.96031,0.00000,0.00094,0.03875
177.80000,3.01193,0.96332,0.00002,0.00021,0.03645
178.00000,3.01193,0.76154,0.01896,0.00735,0.21216
178.20000,3.01195,0.33959,0.00849,0.06482,0.58710
178.39999,3.01195,0.43336,0.00001,0.00501,0.56163
178.60001,3.01193,0.60216,0.00000,0.01428,0.38356
178.80000,3.01193,0.51776,0.00197,0.05258,0.42769
179.00000,3.01193,0.63002,0.00000,0.00583,0.36415
179.20000,3.01195,0.95957,0.00003,0.00114,0.03926
179.39999,3.01195,0.99315,0.00001,0.00467,0.00217
179.60001,3.01193,0.99978,0.00000,0.00018,0.00004
179.80000,3.01193,0.99214,0.00000,0.00778,0.00008
180.00000,3.01193,0.99832,0.00004,0.00162,0.00002
180.20000,3.01195,0.98562,0.00138,0.01260,0.00041
180.39999,3.01195,0.71056,0.00761,0.27924,0.00260
180.60001,3.01193,0.99636,0.00280,0.00064,0.00019
180.80000,3.01193,0.99106,0.00604,0.00234,0.00056
181.00000,3.01193,0.79524,0.04166,0.10220,0.06089
181.20000,3.01195,0.89554,0.00089,0.06385,0.03972
181.39999,3.01195,0.91661,0.01339,0.03445,0.03556
181.60001,3.01193,0.89718,0.00043,0.09119,0.01120
181.80000,3.01193,0.81436,0.00007,0.12007,0.06550
182.00000,3.01193,0.92381,0.00016,0.03426,0.04177
182.20000,3.01195,0.98425,0.00000,0.00286,0.01289
182.39999,3.01195,0.97765,0.00042,0.00052,0.02141
182.60001,3.01193,0.65763,0.00041,0.00062,0.34135
182.80000,3.01193,0.57224,0.00089,0.00364,0.42323
183.00000,3.01193,0.81825,0.00151,0.12000,0.06023
183.20000,3.01195,0.99848,0.00005,0.00032,0.00115
183.39999,3.01195,0.99945,0.00014,0.00010,0.00030
183.60001,3.01193,0.98084,0.00001,0.01522,0.00393
183.80000,3.01193,0.99509,0.00097,0.00303,0.00092
184.00000,3.01193,0.91930,0.00905,0.07034,0.00131
184.20000,3.01195,0.98311,0.00115,0.01501,0.00073
184.39999,3.01195,0.79746,0.19409,0.00577,0.00268
184.60001,3.01193,0.89894,0.00317,0.08945,0.00844
184.80000,3.01193,0.67509,0.05804,0.14672,0.12015
185.00000,3.01193,0.42091,0.42573,0.07902,0.07434
185.20000,3.01195,0.56168,0.30346,0.05480,0.08006
185.39999,3.01195,0.66325,0.14746,0.05573,0.13356
185.60001,3.01193,0.64723,0.18687,0.04059,0.12531
185.80000,3.01193,0.51567,0.43181,0.01336,0.03916
186.00000,3.01193,0.62164,0.25222,0.03004,0.09610
186.20000,3.01195,0.54167,0.39521,0.01694,0.04617
186.39999,3.01195,0.66574,0.15862,0.04278,0.13286
