Time (seconds), Duration (seconds),pred_(unlabeled),pred_imbalance,pred_working,pred_impact
0.00000,3.01194,0.74414,0.00000,0.10343,0.15242
0.20000,3.01194,0.50804,0.00003,0.23389,0.25804
0.40000,3.01194,0.54122,0.00001,0.25906,0.19971
0.60000,3.01194,0.58822,0.00025,0.06480,0.34672
0.80000,3.01194,0.56381,0.00008,0.16283,0.27328
1.00000,3.01194,0.69894,0.00851,0.05073,0.24183
1.20000,3.01194,0.67575,0.00002,0.13333,0.19090
1.40000,3.01194,0.73210,0.00109,0.15657,0.11024
1.60000,3.01194,0.58998,0.00024,0.15371,0.25606
1.80000,3.01194,0.42934,0.00018,0.18661,0.38386
2.00000,3.01194,0.62142,0.00047,0.05243,0.32569
2.20000,3.01194,0.67137,0.00112,0.12516,0.20235
2.40000,3.01194,0.46321,0.00007,0.17127,0.36546
2.60000,3.01194,0.57071,0.00007,0.12765,0.30157
2.80000,3.01194,0.54173,0.00039,0.20102,0.25686
3.00000,3.01194,0.53206,0.00001,0.13417,0.33376
3.20000,3.01194,0.60093,0.00003,0.06111,0.33794
3.40000,3.01194,0.59609,0.00002,0.01384,0.39005
3.60000,3.01194,0.55531,0.00006,0.05170,0.39293
3.80000,3.01194,0.53823,0.00003,0.10227,0.35947
4.00000,3.01194,0.57674,0.00001,0.05929,0.36396
4.20000,3.01194,0.47223,0.00000,0.14137,0.38640
4.40000,3.01194,0.50008,0.00005,0.21648,0.28339
4.60000,3.01194,0.43952,0.00005,0.19005,0.37038
4.80000,3.01194,0.55376,0.00000,0.17119,0.27505
5.00000,3.01194,0.50074,0.00000,0.17033,0.32893
5.20000,3.01194,0.50596,0.00005,0.08630,0.40769
5.40000,3.01194,0.48452,0.00001,0.07918,0.43629
5.60000,3.01194,0.50032,0.00001,0.13396,0.36570
5.80000,3.01194,0.53494,0.00000,0.13875,0.32631
6.00000,3.01194,0.49142,0.00000,0.17056,0.33802
6.20000,3.01194,0.48213,0.00002,0.16524,0.35261
6.40000,3.01194,0.42988,0.00000,0.13857,0.43155
6.60000,3.01194,0.54440,0.00000,0.15913,0.29646
6.80000,3.01194,0.56410,0.00000,0.12504,0.31086
7.00000,3.01194,0.68352,0.00022,0.16459,0.15166
7.20000,3.01194,0.43736,0.00000,0.16465,0.39799
7.40000,3.01194,0.43116,0.00000,0.10112,0.46772
7.60000,3.01194,0.54907,0.00000,0.11236,0.33857
7.80000,3.01194,0.50903,0.00001,0.16372,0.32725
8.00000,3.01194,0.50123,0.00002,0.15795,0.34080
8.20000,3.01194,0.48206,0.00035,0.10023,0.41736
8.40000,3.01194,0.52158,0.00000,0.09900,0.37943
8.60000,3.01194,0.42678,0.00001,0.11154,0.46167
8.80000,3.01194,0.58140,0.00007,0.15657,0.26196
9.00000,3.01194,0.65562,0.00008,0.05816,0.28614
9.20000,3.01194,0.56068,0.00003,0.10421,0.33508
9.40000,3.01194,0.50047,0.00001,0.06140,0.43812
9.60000,3.01194,0.41046,0.00000,0.04692,0.54262
9.80000,3.01194,0.54240,0.00000,0.14972,0.30788
10.00000,3.01194,0.45557,0.00002,0.19824,0.34617
10.20000,3.01194,0.53214,0.00004,0.16502,0.30281
10.40000,3.01194,0.53713,0.00000,0.11105,0.35182
10.60000,3.01194,0.56752,0.00000,0.17552,0.25696
10.80000,3.01194,0.47889,0.00005,0.17067,0.35039
11.00000,3.01194,0.43413,0.00000,0.14781,0.41807
11.20000,3.01194,0.49711,0.00000,0.19257,0.31032
11.40000,3.01194,0.47939,0.00000,0.19199,0.32861
11.60000,3.01194,0.46532,0.00000,0.17728,0.35740
11.80000,3.01194,0.49083,0.00000,0.15657,0.35259
12.00000,3.01194,0.49608,0.00001,0.19670,0.30721
12.20000,3.01194,0.51831,0.00000,0.20326,0.27843
12.40000,3.01194,0.46265,0.00000,0.12843,0.40892
12.60000,3.01194,0.62137,0.00000,0.19041,0.18821
12.80000,3.01194,0.56253,0.00000,0.14093,0.29654
13.00000,3.01194,0.54925,0.00000,0.19353,0.25722
13.20000,3.01194,0.57640,0.00000,0.12747,0.29613
13.40000,3.01194,0.39417,0.00000,0.02322,0.58260
13.60000,3.01194,0.44130,0.00004,0.09846,0.46020
13.80000,3.01194,0.48934,0.00001,0.17943,0.33122
14.00000,3.01194,0.47347,0.00006,0.22199,0.30448
14.20000,3.01194,0.54486,0.00237,0.11536,0.33740
14.40000,3.01194,0.51295,0.00016,0.13687,0.35002
14.60000,3.01194,0.54994,0.00004,0.16926,0.28076
14.80000,3.01194,0.45502,0.00006,0.12431,0.42061
15.00000,3.01194,0.44035,0.00007,0.21469,0.34489
15.20000,3.01194,0.58073,0.00075,0.16746,0.25106
15.40000,3.01194,0.59126,0.00025,0.13194,0.27655
15.60000,3.01194,0.54855,0.00030,0.11527,0.33588
15.80000,3.01194,0.54692,0.00002,0.16850,0.28456
16.00000,3.01194,0.56178,0.00009,0.10168,0.33645
16.20000,3.01194,0.48476,0.00007,0.21154,0.30363
16.40000,3.01194,0.49275,0.00025,0.13937,0.36764
16.60000,3.01194,0.51399,0.00012,0.17046,0.31543
16.80000,3.01194,0.50220,0.00143,0.20128,0.29509
17.00000,3.01194,0.51151,0.00125,0.15781,0.32943
17.20000,3.01194,0.45121,0.00010,0.19787,0.35082
17.40000,3.01194,0.45703,0.00002,0.17536,0.36759
17.60000,3.01194,0.48073,0.00005,0.20831,0.31091
17.80000,3.01194,0.47149,0.00005,0.21722,0.31124
18.00000,3.01194,0.44642,0.00142,0.09586,0.45630
18.20000,3.01194,0.49179,0.00007,0.10259,0.40555
18.40000,3.01194,0.48841,0.00000,0.12535,0.38623
18.60000,3.01194,0.50399,0.00001,0.20386,0.29214
18.80000,3.01194,0.49562,0.00006,0.16345,0.34087
19.00000,3.01194,0.46758,0.00001,0.19064,0.34177
19.20000,3.01194,0.57793,0.00013,0.13972,0.28222
19.40000,3.01194,0.50406,0.00000,0.05247,0.44347
19.60000,3.01194,0.44915,0.00000,0.22790,0.32294
19.80000,3.01194,0.44742,0.00002,0.20325,0.34930
20.00000,3.01194,0.46658,0.00011,0.11787,0.41544
20.20000,3.01194,0.54784,0.00000,0.07964,0.37252
20.40000,3.01194,0.50267,0.00001,0.18975,0.30757
