Time (seconds), Duration (seconds),pred_(unlabeled),pred_imbalance,pred_working,pred_impact
0.02500,0.24750,0.00410,0.02711,0.55651,0.41228
0.22500,0.24750,0.01592,0.00015,0.79237,0.19156
0.42500,0.24750,0.01041,0.00095,0.76618,0.22247
0.62500,0.24750,0.00141,0.01466,0.48853,0.49539
0.82500,0.24750,0.03595,0.01930,0.86235,0.08239
1.02500,0.24750,0.00190,0.00792,0.74073,0.24945
1.22500,0.24750,0.00023,0.00126,0.07540,0.92311
1.42500,0.24750,0.03559,0.00358,0.90106,0.05977
1.62500,0.24750,0.00689,0.00379,0.65772,0.33160
1.82500,0.24750,0.00051,0.00191,0.31246,0.68512
2.02500,0.24750,0.04118,0.00018,0.84132,0.11732
2.22500,0.24750,0.00320,0.00524,0.70945,0.28212
2.42500,0.24750,0.00787,0.00002,0.57592,0.41620
2.62500,0.24750,0.00077,0.00079,0.10494,0.89350
2.82500,0.24750,0.00042,0.00051,0.06107,0.93800
3.02500,0.24750,0.05872,0.00544,0.88601,0.04983
3.22500,0.24750,0.00012,0.00073,0.05934,0.93981
3.42500,0.24750,0.05258,0.00198,0.88416,0.06128
3.62500,0.24750,0.00058,0.00712,0.05501,0.93729
3.82500,0.24750,0.01177,0.00069,0.90629,0.08125
4.02500,0.24750,0.00233,0.02481,0.33270,0.64015
4.22500,0.24750,0.05560,0.00034,0.84958,0.09447
4.42500,0.24750,0.03694,0.00982,0.84589,0.10734
4.62500,0.24750,0.01179,0.00017,0.29728,0.69076
4.82500,0.24750,0.00014,0.00097,0.03303,0.96586
5.02500,0.24750,0.02167,0.00089,0.90081,0.07664
5.22500,0.24750,0.00650,0.00018,0.52533,0.46798
5.42500,0.24750,0.01480,0.00520,0.89719,0.08281
5.62500,0.24750,0.05331,0.01116,0.82949,0.10604
5.82500,0.24750,0.00018,0.00846,0.01410,0.97726
6.02500,0.24750,0.00018,0.00076,0.08192,0.91715
6.22500,0.24750,0.04042,0.00098,0.88495,0.07364
6.42500,0.24750,0.02865,0.00853,0.86148,0.10135
6.62500,0.24750,0.00462,0.00003,0.29343,0.70192
6.82500,0.24750,0.00795,0.00058,0.92736,0.06411
7.02500,0.24750,0.03659,0.01303,0.81675,0.13363
7.22500,0.24750,0.00786,0.00006,0.50755,0.48452
7.42500,0.24750,0.00007,0.00057,0.06790,0.93146
7.62500,0.24750,0.02763,0.00280,0.91625,0.05332
7.82500,0.24750,0.00381,0.01354,0.73170,0.25095
8.02500,0.24750,0.00031,0.00196,0.05593,0.94180
8.22500,0.24750,0.00422,0.00141,0.43795,0.55642
8.42500,0.24750,0.01385,0.00010,0.66294,0.32311
8.62500,0.24750,0.00997,0.00006,0.66463,0.32534
8.82500,0.24750,0.03052,0.00802,0.86579,0.09567
9.02500,0.24750,0.00885,0.00005,0.58656,0.40454
9.22500,0.24750,0.01688,0.00780,0.86479,0.11053
9.42500,0.24750,0.00032,0.00460,0.01916,0.97591
9.62500,0.24750,0.00012,0.00006,0.05154,0.94827
9.82500,0.24750,0.07758,0.00034,0.88215,0.03993
10.02500,0.24750,0.00096,0.00729,0.10691,0.88483
10.22500,0.24750,0.04707,0.00031,0.86864,0.08398
10.42500,0.24750,0.00399,0.06428,0.23157,0.70016
10.62500,0.24750,0.01449,0.00735,0.90692,0.07124
10.82500,0.24750,0.00074,0.00560,0.04988,0.94378
11.02500,0.24750,0.00295,0.00142,0.83836,0.15726
11.22500,0.24750,0.02045,0.00015,0.60368,0.37572
11.42500,0.24750,0.00015,0.00009,0.06288,0.93687
11.62500,0.24750,0.01461,0.00121,0.92608,0.05810
11.82500,0.24750,0.00577,0.01038,0.75444,0.22941
12.02500,0.24750,0.02315,0.00004,0.71763,0.25917
12.22500,0.24750,0.00090,0.04728,0.49998,0.45183
12.42500,0.24750,0.02951,0.01214,0.88657,0.07179
12.62500,0.24750,0.00179,0.01502,0.29017,0.69302
12.82500,0.24750,0.01246,0.00489,0.91606,0.06658
13.02500,0.24750,0.00636,0.05219,0.51891,0.42254
13.22500,0.24750,0.00126,0.01226,0.53905,0.44744
13.42500,0.24750,0.01170,0.00684,0.88845,0.09302
13.62500,0.24750,0.00912,0.00013,0.53929,0.45145
13.82500,0.24750,0.01799,0.00563,0.88425,0.09213
14.02500,0.24750,0.00274,0.02978,0.52985,0.43762
14.22500,0.24750,0.02564,0.00659,0.88908,0.07869
14.42500,0.24750,0.04103,0.01109,0.83407,0.11381
14.62500,0.24750,0.01463,0.01990,0.61804,0.34743
14.82500,0.24750,0.00016,0.00367,0.02858,0.96758
15.02500,0.24750,0.00203,0.00352,0.73744,0.25701
15.22500,0.24750,0.00446,0.05068,0.31372,0.63113
15.42500,0.24750,0.00014,0.00207,0.05213,0.94566
15.62500,0.24750,0.06325,0.00235,0.88767,0.04673
15.82500,0.24750,0.00019,0.01243,0.01587,0.97151
16.02500,0.24750,0.02042,0.00162,0.90913,0.06883
16.22500,0.24750,0.00081,0.00146,0.13919,0.85855
16.42500,0.24750,0.11977,0.00118,0.79749,0.08156
16.62500,0.24750,0.00806,0.00005,0.50598,0.48591
16.82500,0.24750,0.03868,0.00959,0.85398,0.09775
17.02500,0.24750,0.00937,0.00129,0.68615,0.30320
17.22500,0.24750,0.02373,0.00771,0.86431,0.10425
17.42500,0.24750,0.00176,0.01963,0.41769,0.56093
17.62500,0.24750,0.04914,0.03805,0.84306,0.06975
17.82500,0.24750,0.04389,0.01058,0.83733,0.10821
18.02500,0.24750,0.00029,0.00887,0.03752,0.95331
18.22500,0.24750,0.02075,0.00280,0.91802,0.05843
18.42500,0.24750,0.00672,0.00019,0.56848,0.42460
18.62500,0.24750,0.01598,0.00781,0.88019,0.09602
18.82500,0.24750,0.00874,0.00011,0.44706,0.54410
19.02500,0.24750,0.00587,0.00109,0.91287,0.08016
19.22500,0.24750,0.00021,0.00278,0.03193,0.96508
19.42500,0.24750,0.02510,0.00570,0.89867,0.07053
19.62500,0.24750,0.01623,0.00003,0.60296,0.38078
19.82500,0.24750,0.00007,0.00083,0.02384,0.97526
20.02500,0.24750,0.00036,0.00053,0.10569,0.89342
20.22500,0.24750,0.04776,0.00398,0.88418,0.06408
20.42500,0.24750,0.00637,0.00008,0.47385,0.51970
20.62500,0.24750,0.00018,0.00031,0.06692,0.93258
20.82500,0.24750,0.00017,0.00036,0.05366,0.94581
21.02500,0.24750,0.02351,0.00409,0.89528,0.07713
21.22500,0.24750,0.00748,0.01197,0.82057,0.15997
21.42500,0.24750,0.01315,0.00602,0.87682,0.10401
21.62500,0.24750,0.00477,0.00104,0.25854,0.73565
21.82500,0.24750,0.00236,0.00000,0.50100,0.49664
22.02500,0.24750,0.01204,0.00018,0.93032,0.05746
22.22500,0.24750,0.00083,0.00008,0.08287,0.91622
22.42500,0.24750,0.00014,0.00038,0.05363,0.94585
22.62500,0.24750,0.00033,0.00054,0.14800,0.85112
22.82500,0.24750,0.04931,0.00137,0.89759,0.05172
23.02500,0.24750,0.00009,0.00051,0.01599,0.98341
23.22500,0.24750,0.00032,0.00008,0.17093,0.82867
23.42500,0.24750,0.07232,0.00087,0.86724,0.05957
23.62500,0.24750,0.00705,0.00025,0.47599,0.51670
23.82500,0.24750,0.00065,0.00070,0.14729,0.85136
24.02500,0.24750,0.02491,0.00193,0.89861,0.07455
24.22500,0.24750,0.00012,0.00235,0.02580,0.97173
24.42500,0.24750,0.02781,0.00564,0.86981,0.09674
24.62500,0.24750,0.00030,0.00036,0.06057,0.93877
24.82500,0.24750,0.00025,0.00032,0.07744,0.92200
25.02500,0.24750,0.00028,0.00115,0.06763,0.93094
25.22500,0.24750,0.03693,0.00217,0.91019,0.05071
25.42500,0.24750,0.00752,0.01160,0.75719,0.22370
25.62500,0.24750,0.00503,0.00011,0.61911,0.37576
25.82500,0.24750,0.00087,0.03073,0.27443,0.69396
26.02500,0.24750,0.03103,0.01097,0.89800,0.06000
26.22500,0.24750,0.00212,0.01961,0.54251,0.43575
26.42500,0.24750,0.01145,0.00003,0.72375,0.26477
26.62500,0.24750,0.00666,0.00001,0.46294,0.53038
26.82500,0.24750,0.01534,0.00478,0.89335,0.08652
27.02500,0.24750,0.00019,0.00204,0.03110,0.96667
27.22500,0.24750,0.02119,0.00304,0.88969,0.08608
27.42500,0.24750,0.00203,0.00254,0.74602,0.24940
27.62500,0.24750,0.00214,0.03047,0.31908,0.64831
27.82500,0.24750,0.00028,0.00519,0.06760,0.92693
28.02500,0.24750,0.00601,0.00597,0.86771,0.12030
28.22500,0.24750,0.02797,0.00009,0.67620,0.29574
28.42500,0.24750,0.00021,0.00043,0.04188,0.95748
28.62500,0.24750,0.00011,0.00017,0.09009,0.90963
28.82500,0.24750,0.06660,0.00355,0.88107,0.04877
29.02500,0.24750,0.00454,0.00008,0.64793,0.34745
29.22500,0.24750,0.00009,0.00077,0.03997,0.95917
29.42500,0.24750,0.03812,0.00211,0.89874,0.06103
29.62500,0.24750,0.00062,0.00119,0.03951,0.95868
29.82500,0.24750,0.00015,0.00026,0.10762,0.89197
30.02500,0.24750,0.05382,0.00077,0.89805,0.04736
30.22500,0.24750,0.00949,0.01381,0.76736,0.20934
30.42500,0.24750,0.01622,0.00312,0.84364,0.13702
30.62500,0.24750,0.00203,0.08409,0.18635,0.72753
30.82500,0.24750,0.08386,0.01105,0.85316,0.05192
31.02500,0.24750,0.00170,0.04440,0.37558,0.57831
31.22500,0.24750,0.01052,0.02023,0.85752,0.11172
31.42500,0.24750,0.00635,0.00005,0.63481,0.35879
31.62500,0.24750,0.00108,0.00014,0.12450,0.87428
31.82500,0.24750,0.00031,0.00115,0.21044,0.78811
32.02500,0.24750,0.04018,0.00068,0.87019,0.08895
32.22500,0.24750,0.02146,0.01109,0.81938,0.14806
32.42500,0.24750,0.01142,0.00036,0.62657,0.36164
32.62500,0.24750,0.00677,0.00469,0.89696,0.09157
32.82500,0.24750,0.01290,0.00004,0.56060,0.42646
33.02500,0.24750,0.00031,0.00122,0.04869,0.94979
33.22500,0.24750,0.05597,0.00449,0.88051,0.05902
33.42500,0.24750,0.00132,0.00098,0.21339,0.78431
33.62500,0.24750,0.00006,0.00046,0.02668,0.97280
33.82500,0.24750,0.01984,0.00107,0.91247,0.06661
34.02500,0.24750,0.00129,0.00746,0.16342,0.82784
34.22500,0.24750,0.10621,0.00123,0.80753,0.08504
34.42500,0.24750,0.03171,0.00965,0.84353,0.11512
34.62500,0.24750,0.00096,0.05711,0.18815,0.75378
34.82500,0.24750,0.00050,0.00092,0.10727,0.89132
35.02500,0.24750,0.05569,0.00176,0.90247,0.04008
35.22500,0.24750,0.00011,0.00230,0.02500,0.97259
35.42500,0.24750,0.00044,0.00183,0.06211,0.93562
35.62500,0.24750,0.02740,0.00547,0.87219,0.09494
35.82500,0.24750,0.00012,0.00199,0.05421,0.94368
36.02500,0.24750,0.00709,0.00078,0.76520,0.22693
36.22500,0.24750,0.01243,0.00006,0.67801,0.30951
36.42500,0.24750,0.00033,0.00361,0.07635,0.91971
36.62500,0.24750,0.00011,0.00032,0.03867,0.96089
36.82500,0.24750,0.02255,0.00140,0.92299,0.05305
37.02500,0.24750,0.01125,0.00930,0.73172,0.24774
37.22500,0.24750,0.00015,0.00671,0.03892,0.95422
37.42500,0.24750,0.02243,0.00226,0.91673,0.05858
37.62500,0.24750,0.00082,0.00007,0.10127,0.89784
37.82500,0.24750,0.00101,0.00087,0.72196,0.27615
38.02500,0.24750,0.00904,0.00007,0.61936,0.37154
38.22500,0.24750,0.00027,0.01038,0.04110,0.94824
38.42500,0.24750,0.00024,0.00045,0.06272,0.93658
38.62500,0.24750,0.04034,0.00368,0.89196,0.06402
38.82500,0.24750,0.00870,0.00021,0.52134,0.46975
39.02500,0.24750,0.00019,0.01200,0.03554,0.95228
39.22500,0.24750,0.02950,0.00358,0.90559,0.06133
39.42500,0.24750,0.00036,0.00448,0.03220,0.96296
39.62500,0.24750,0.00926,0.00459,0.87596,0.11018
39.82500,0.24750,0.01880,0.00012,0.74389,0.23720
40.02500,0.24750,0.00300,0.01975,0.65849,0.31877
40.22500,0.24750,0.01652,0.01447,0.86114,0.10787
40.42500,0.24750,0.00047,0.00141,0.08619,0.91193
40.62500,0.24750,0.01606,0.00089,0.91539,0.06767
40.82500,0.24750,0.00034,0.00260,0.07101,0.92604
41.02500,0.24750,0.02964,0.00442,0.74718,0.21876
41.22500,0.24750,0.07251,0.00021,0.78225,0.14503
41.42500,0.24750,0.00221,0.00886,0.77216,0.21677
41.62500,0.24750,0.02090,0.00444,0.86953,0.10514
41.82500,0.24750,0.00136,0.02558,0.50181,0.47125
42.02500,0.24750,0.00082,0.02685,0.45135,0.52099
42.22500,0.24750,0.00651,0.00130,0.64086,0.35133
42.42500,0.24750,0.00806,0.00007,0.64265,0.34923
42.62500,0.24750,0.00484,0.00019,0.55050,0.44447
42.82500,0.24750,0.01498,0.00634,0.90565,0.07304
43.02500,0.24750,0.00277,0.04773,0.15952,0.78998
43.22500,0.24750,0.03669,0.00988,0.90338,0.05005
43.42500,0.24750,0.02798,0.01034,0.83742,0.12426
43.62500,0.24750,0.00185,0.00722,0.78695,0.20397
43.82500,0.24750,0.00015,0.00543,0.03407,0.96035
44.02500,0.24750,0.02134,0.00192,0.90462,0.07212
44.22500,0.24750,0.01437,0.00004,0.55963,0.42596
44.42500,0.24750,0.00394,0.00032,0.30524,0.69050
44.62500,0.24750,0.01064,0.00193,0.92616,0.06126
44.82500,0.24750,0.00145,0.08897,0.25944,0.65014
45.02500,0.24750,0.03093,0.02063,0.85322,0.09521
45.22500,0.24750,0.03855,0.00011,0.67036,0.29099
45.42500,0.24750,0.01360,0.00681,0.86596,0.11363
45.62500,0.24750,0.00280,0.00002,0.32714,0.67004
45.82500,0.24750,0.00248,0.00060,0.64144,0.35548
46.02500,0.24750,0.00231,0.00471,0.83409,0.15889
46.22500,0.24750,0.00643,0.00003,0.60365,0.38988
46.42500,0.24750,0.00942,0.00003,0.61721,0.37334
46.62500,0.24750,0.00006,0.00293,0.05881,0.93819
46.82500,0.24750,0.00247,0.00005,0.30488,0.69259
47.02500,0.24750,0.08750,0.00181,0.81772,0.09297
47.22500,0.24750,0.00943,0.00002,0.56169,0.42886
47.42500,0.24750,0.00009,0.00125,0.03619,0.96247
47.62500,0.24750,0.01270,0.00226,0.89604,0.08899
47.82500,0.24750,0.00014,0.00106,0.01982,0.97898
48.02500,0.24750,0.03086,0.00365,0.87811,0.08738
48.22500,0.24750,0.05855,0.00059,0.79638,0.14448
48.42500,0.24750,0.03276,0.01024,0.84187,0.11512
48.62500,0.24750,0.00275,0.03238,0.34131,0.62357
48.82500,0.24750,0.00032,0.00095,0.08897,0.90976
49.02500,0.24750,0.08119,0.00253,0.87381,0.04248
49.22500,0.24750,0.00062,0.05038,0.26315,0.68585
49.42500,0.24750,0.04742,0.00235,0.85611,0.09412
49.62500,0.24750,0.03547,0.00971,0.84620,0.10863
49.82500,0.24750,0.00710,0.00805,0.62795,0.35691
50.02500,0.24750,0.01974,0.00458,0.89514,0.08054
50.22500,0.24750,0.00404,0.02766,0.53683,0.43147
50.42500,0.24750,0.02763,0.00065,0.80374,0.16798
50.62500,0.24750,0.00787,0.00040,0.40891,0.58282
50.82500,0.24750,0.00802,0.00267,0.91394,0.07537
51.02500,0.24750,0.00403,0.01926,0.43195,0.54477
51.22500,0.24750,0.01720,0.00014,0.81495,0.16770
51.42500,0.24750,0.01294,0.00020,0.53508,0.45178
51.62500,0.24750,0.00004,0.00012,0.02787,0.97197
51.82500,0.24750,0.00051,0.00049,0.08738,0.91162
52.02500,0.24750,0.05008,0.00165,0.89180,0.05647
52.22500,0.24750,0.00021,0.00250,0.04954,0.94776
52.42500,0.24750,0.02230,0.00147,0.90550,0.07073
52.62500,0.24750,0.00146,0.00006,0.09527,0.90322
52.82500,0.24750,0.01215,0.00305,0.92663,0.05817
53.02500,0.24750,0.00022,0.00335,0.02681,0.96963
53.22500,0.24750,0.00051,0.00061,0.15382,0.84507
53.42500,0.24750,0.01807,0.00186,0.92914,0.05093
53.62500,0.24750,0.04766,0.01053,0.83822,0.10358
53.82500,0.24750,0.00319,0.03076,0.25466,0.71139
54.02500,0.24750,0.02104,0.00862,0.90455,0.06579
54.22500,0.24750,0.01542,0.01237,0.80173,0.17047
54.42500,0.24750,0.01080,0.00004,0.60969,0.37948
54.62500,0.24750,0.00223,0.00487,0.08316,0.90974
54.82500,0.24750,0.00170,0.00044,0.66031,0.33756
55.02500,0.24750,0.00042,0.00001,0.16193,0.83764
55.22500,0.24750,0.00049,0.00016,0.03485,0.96450
55.42500,0.24750,0.01517,0.00035,0.92315,0.06133
55.62500,0.24750,0.02256,0.00888,0.84808,0.12048
55.82500,0.24750,0.00976,0.00719,0.75271,0.23033
56.02500,0.24750,0.01520,0.00649,0.87837,0.09994
56.22500,0.24750,0.00024,0.00484,0.06484,0.93008
56.42500,0.24750,0.08213,0.00548,0.86163,0.05075
56.62500,0.24750,0.03491,0.00917,0.85587,0.10004
56.82500,0.24750,0.03435,0.01208,0.81846,0.13511
57.02500,0.24750,0.00592,0.00018,0.55666,0.43724
57.22500,0.24750,0.02212,0.00723,0.88382,0.08684
57.42500,0.24750,0.00692,0.00889,0.72502,0.25917
57.62500,0.24750,0.00004,0.00124,0.03173,0.96699
57.82500,0.24750,0.03064,0.00154,0.91622,0.05160
58.02500,0.24750,0.00909,0.00037,0.58537,0.40517
58.22500,0.24750,0.00011,0.00166,0.02695,0.97129
58.42500,0.24750,0.02731,0.00201,0.89154,0.07915
58.62500,0.24750,0.00014,0.00551,0.01916,0.97519
58.82500,0.24750,0.02476,0.00490,0.86169,0.10865
59.02500,0.24750,0.00699,0.00006,0.41611,0.57684
59.22500,0.24750,0.00027,0.00599,0.25812,0.73562
59.42500,0.24750,0.11908,0.00381,0.79021,0.08690
59.62500,0.24750,0.00741,0.00007,0.44421,0.54832
59.82500,0.24750,0.00057,0.00925,0.45222,0.53795
60.02500,0.24750,0.09238,0.00161,0.78555,0.12046
60.22500,0.24750,0.00243,0.01977,0.57236,0.40544
60.42500,0.24750,0.01081,0.00273,0.88246,0.10401
60.62500,0.24750,0.00031,0.00326,0.02354,0.97288
60.82500,0.24750,0.10497,0.00418,0.80983,0.08102
61.02500,0.24750,0.00709,0.00476,0.76323,0.22492
61.22500,0.24750,0.00313,0.00015,0.15041,0.84631
61.42500,0.24750,0.00009,0.00008,0.02500,0.97483
61.62500,0.24750,0.03556,0.00210,0.89902,0.06331
61.82500,0.24750,0.00146,0.09114,0.19828,0.70911
62.02500,0.24750,0.00087,0.00408,0.24719,0.74786
62.22500,0.24750,0.25993,0.00219,0.66035,0.07753
62.42500,0.24750,0.00069,0.02017,0.13057,0.84857
62.62500,0.24750,0.00422,0.00389,0.70792,0.28397
62.82500,0.24750,0.05652,0.00100,0.73769,0.20478
63.02500,0.24750,0.00016,0.00127,0.06434,0.93422
63.22500,0.24750,0.01975,0.00230,0.91527,0.06269
63.42500,0.24750,0.00050,0.00959,0.03104,0.95887
63.62500,0.24750,0.01490,0.00132,0.88890,0.09488
63.82500,0.24750,0.00054,0.00204,0.06063,0.93679
64.02500,0.24750,0.06049,0.00581,0.87783,0.05587
64.22500,0.24751,0.03830,0.01052,0.83765,0.11353
64.42500,0.24750,0.00028,0.05090,0.16115,0.78767
64.62500,0.24750,0.10967,0.03913,0.79646,0.05474
64.82500,0.24751,0.00159,0.00811,0.12455,0.86575
65.02500,0.24750,0.00037,0.00125,0.07339,0.92499
65.22500,0.24751,0.02029,0.00117,0.90841,0.07014
65.42500,0.24750,0.02617,0.01467,0.80642,0.15274
65.62500,0.24750,0.01867,0.00018,0.64525,0.33591
65.82500,0.24751,0.00062,0.00550,0.04149,0.95239
66.02500,0.24750,0.00021,0.00179,0.04319,0.95481
66.22500,0.24751,0.03005,0.00514,0.87039,0.09443
66.42500,0.24750,0.00492,0.00021,0.31543,0.67944
66.62500,0.24750,0.00865,0.00082,0.93560,0.05492
66.82500,0.24751,0.00605,0.01588,0.57799,0.40008
67.02500,0.24750,0.01774,0.00156,0.56158,0.41912
67.22500,0.24751,0.01315,0.00465,0.91494,0.06727
67.42500,0.24750,0.00036,0.00371,0.01893,0.97700
67.62500,0.24750,0.00035,0.00032,0.06292,0.93641
67.82500,0.24751,0.06158,0.00318,0.87774,0.05750
68.02500,0.24750,0.00087,0.00817,0.11175,0.87921
68.22500,0.24751,0.08470,0.00073,0.84454,0.07003
68.42500,0.24750,0.00032,0.00077,0.05035,0.94857
68.62500,0.24750,0.00424,0.00063,0.91722,0.07791
68.82500,0.24751,0.00643,0.01937,0.41861,0.55558
69.02500,0.24750,0.00025,0.01015,0.06933,0.92027
69.22500,0.24751,0.03269,0.00204,0.90106,0.06420
69.42500,0.24750,0.00016,0.00110,0.02505,0.97370
69.62500,0.24750,0.04782,0.00528,0.88053,0.06637
69.82500,0.24751,0.02894,0.00003,0.57648,0.39456
70.02500,0.24750,0.05186,0.01049,0.83579,0.10186
70.22500,0.24751,0.00734,0.00001,0.50313,0.48951
70.42500,0.24750,0.00042,0.00134,0.05848,0.93976
70.62500,0.24750,0.00021,0.00062,0.10673,0.89245
70.82500,0.24751,0.00492,0.00462,0.33781,0.65265
71.02500,0.24750,0.08945,0.00093,0.81498,0.09464
71.22500,0.24751,0.00146,0.01327,0.52997,0.45530
71.42500,0.24750,0.01094,0.00006,0.74450,0.24450
71.62500,0.24750,0.00701,0.00040,0.54401,0.44859
71.82500,0.24751,0.00554,0.00347,0.90058,0.09042
72.02500,0.24750,0.00055,0.01365,0.03456,0.95124
72.22500,0.24751,0.00085,0.00275,0.17213,0.82427
72.42500,0.24750,0.05168,0.00474,0.87576,0.06782
72.62500,0.24750,0.02692,0.00637,0.88012,0.08660
72.82500,0.24751,0.00042,0.05149,0.03352,0.91457
73.02500,0.24750,0.05737,0.00239,0.89654,0.04371
73.22500,0.24751,0.00049,0.00805,0.05137,0.94008
73.42500,0.24750,0.00059,0.00091,0.16976,0.82875
73.62500,0.24750,0.04828,0.00176,0.88537,0.06459
73.82500,0.24751,0.00458,0.00004,0.45234,0.54303
74.02500,0.24750,0.00075,0.00304,0.69010,0.30611
74.22500,0.24751,0.01371,0.00640,0.88639,0.09351
74.42500,0.24750,0.00041,0.00254,0.02738,0.96967
74.62500,0.24750,0.00061,0.00078,0.15314,0.84547
74.82500,0.24751,0.01095,0.00145,0.84842,0.13918
75.02500,0.24750,0.03055,0.00002,0.75152,0.21791
75.22500,0.24751,0.04809,0.01033,0.84214,0.09943
75.42500,0.24750,0.00031,0.00072,0.02359,0.97538
75.62500,0.24750,0.02764,0.00227,0.90072,0.06936
75.82500,0.24751,0.00099,0.00010,0.14444,0.85447
76.02500,0.24750,0.00078,0.00070,0.11919,0.87932
76.22500,0.24751,0.01829,0.00279,0.89981,0.07911
76.42500,0.24750,0.00833,0.00028,0.56844,0.42295
76.62500,0.24750,0.00019,0.00251,0.04337,0.95393
76.82500,0.24751,0.01312,0.00142,0.93066,0.05480
77.02500,0.24750,0.00074,0.01545,0.58557,0.39824
77.22500,0.24751,0.05310,0.02231,0.85170,0.07289
77.42500,0.24750,0.00911,0.01029,0.78984,0.19076
77.62500,0.24750,0.00762,0.00035,0.39399,0.59804
77.82500,0.24751,0.00779,0.00108,0.92096,0.07017
78.02500,0.24750,0.00136,0.00060,0.04817,0.94987
78.22500,0.24751,0.00152,0.00069,0.66756,0.33023
78.42500,0.24750,0.01461,0.01484,0.89392,0.07662
78.62500,0.24750,0.00528,0.01337,0.73142,0.24992
78.82500,0.24751,0.01643,0.00006,0.75901,0.22450
79.02500,0.24750,0.00191,0.00001,0.50688,0.49120
79.22500,0.24751,0.00015,0.00422,0.03616,0.95947
79.42500,0.24750,0.00213,0.00324,0.62374,0.37089
79.62500,0.24750,0.01774,0.00006,0.78291,0.19929
79.82500,0.24751,0.00479,0.00006,0.62564,0.36951
80.02500,0.24750,0.00033,0.00008,0.09923,0.90036
80.22500,0.24751,0.00025,0.00009,0.06220,0.93746
80.42500,0.24750,0.01372,0.00092,0.91962,0.06574
80.62500,0.24750,0.00034,0.00287,0.02905,0.96774
80.82500,0.24751,0.00047,0.00026,0.21185,0.78741
81.02500,0.24750,0.08720,0.00011,0.78210,0.13059
81.22500,0.24751,0.00040,0.00051,0.06325,0.93584
81.42500,0.24750,0.10567,0.00128,0.83602,0.05703
81.62500,0.24750,0.01198,0.00011,0.41348,0.57443
81.82500,0.24751,0.00718,0.00164,0.91192,0.07926
82.02500,0.24750,0.01295,0.00959,0.80072,0.17674
82.22500,0.24751,0.01241,0.00941,0.82553,0.15264
82.42500,0.24750,0.01456,0.00008,0.63146,0.35390
82.62500,0.24750,0.00018,0.00084,0.04748,0.95149
82.82500,0.24751,0.01053,0.00043,0.91964,0.06941
83.02500,0.24750,0.00680,0.00482,0.75395,0.23443
83.22500,0.24751,0.01854,0.00705,0.87062,0.10379
83.42500,0.24750,0.00017,0.00440,0.02626,0.96917
83.62500,0.24750,0.01266,0.00128,0.90148,0.08459
83.82500,0.24751,0.00552,0.00207,0.34472,0.64770
84.02500,0.24750,0.01765,0.00138,0.92246,0.05851
84.22500,0.24751,0.00506,0.00000,0.42246,0.57248
84.42500,0.24750,0.02114,0.00694,0.87321,0.09871
84.62500,0.24750,0.01002,0.00007,0.28712,0.70279
84.82500,0.24751,0.00013,0.00030,0.04134,0.95824
85.02500,0.24750,0.01556,0.00079,0.91483,0.06882
85.22500,0.24751,0.01935,0.00975,0.83533,0.13557
85.42500,0.24750,0.01134,0.00004,0.63260,0.35602
85.62500,0.24750,0.01363,0.00618,0.88914,0.09104
85.82500,0.24751,0.00187,0.00088,0.15550,0.84175
86.02500,0.24750,0.00073,0.00281,0.37403,0.62243
86.22500,0.24751,0.15583,0.02509,0.76877,0.05032
86.42500,0.24750,0.00041,0.00334,0.04560,0.95065
86.62500,0.24750,0.00443,0.00249,0.63323,0.35986
86.82500,0.24751,0.02659,0.00007,0.75512,0.21822
87.02500,0.24750,0.01688,0.00698,0.88621,0.08993
87.22500,0.24751,0.00232,0.00312,0.67717,0.31739
87.42500,0.24750,0.00389,0.00006,0.55754,0.43852
87.62500,0.24750,0.00256,0.00747,0.72068,0.26930
87.82500,0.24751,0.02375,0.00021,0.74044,0.23560
88.02500,0.24750,0.02926,0.00842,0.86646,0.09585
88.22500,0.24751,0.01018,0.01374,0.76694,0.20914
88.42500,0.24750,0.00574,0.00270,0.85056,0.14099
88.62500,0.24750,0.00378,0.01380,0.70294,0.27948
88.82500,0.24751,0.00639,0.00559,0.86161,0.12641
89.02500,0.24750,0.02467,0.00757,0.87726,0.09050
89.22500,0.24751,0.00084,0.01789,0.12036,0.86091
89.42500,0.24750,0.15100,0.00324,0.78327,0.06249
89.62500,0.24750,0.00514,0.01558,0.69057,0.28871
89.82500,0.24751,0.00130,0.00886,0.78033,0.20950
90.02500,0.24750,0.01442,0.00008,0.69951,0.28598
90.22500,0.24751,0.00025,0.01786,0.04808,0.93381
90.42500,0.24750,0.01692,0.00343,0.90630,0.07335
90.62500,0.24750,0.01558,0.00003,0.60261,0.38178
90.82500,0.24751,0.00082,0.01334,0.48310,0.50274
91.02500,0.24750,0.00902,0.00647,0.90951,0.07499
91.22500,0.24751,0.03357,0.00936,0.85129,0.10579
91.42500,0.24750,0.00120,0.00302,0.12065,0.87513
91.62500,0.24750,0.04708,0.00455,0.75213,0.19624
91.82500,0.24751,0.00007,0.00162,0.04924,0.94907
92.02500,0.24750,0.00381,0.00928,0.67760,0.30931
92.22500,0.24751,0.07786,0.00062,0.79449,0.12703
92.42500,0.24750,0.01056,0.00544,0.89425,0.08975
92.62500,0.24750,0.00951,0.00986,0.81247,0.16816
92.82500,0.24751,0.01696,0.00005,0.63349,0.34950
93.02500,0.24750,0.00142,0.01054,0.71983,0.26820
93.22500,0.24751,0.02215,0.00020,0.73592,0.24173
93.42500,0.24750,0.00040,0.00071,0.04580,0.95308
93.62500,0.24750,0.00071,0.00059,0.60876,0.38994
93.82500,0.24751,0.00411,0.00003,0.74395,0.25191
94.02500,0.24750,0.00290,0.00164,0.20569,0.78978
94.22500,0.24751,0.00666,0.00148,0.87558,0.11627
94.42500,0.24750,0.00592,0.00012,0.44536,0.54860
94.62500,0.24750,0.00546,0.00084,0.91527,0.07844
94.82500,0.24751,0.04515,0.01085,0.83418,0.10982
95.02500,0.24750,0.00813,0.00238,0.62531,0.36417
95.22500,0.24751,0.00011,0.00072,0.07595,0.92322
95.42500,0.24750,0.03716,0.00082,0.86787,0.09415
95.62500,0.24750,0.00952,0.00005,0.60625,0.38418
95.82500,0.24751,0.00003,0.00035,0.01789,0.98173
96.02500,0.24750,0.02225,0.00176,0.89587,0.08013
96.22500,0.24751,0.03187,0.00933,0.85195,0.10685
96.42500,0.24750,0.00930,0.00013,0.50210,0.48846
96.62500,0.24750,0.01449,0.00535,0.89651,0.08365
96.82500,0.24751,0.00285,0.01477,0.47225,0.51013
97.02500,0.24750,0.00015,0.00318,0.04656,0.95011
97.22500,0.24751,0.11029,0.00454,0.81844,0.06673
97.42500,0.24750,0.00779,0.00002,0.51955,0.47264
97.62500,0.24750,0.00067,0.00281,0.15978,0.83673
97.82500,0.24751,0.01886,0.00320,0.92435,0.05359
98.02500,0.24750,0.00024,0.00359,0.02573,0.97044
98.22500,0.24751,0.00019,0.00194,0.04988,0.94798
98.42500,0.24750,0.06581,0.00313,0.88061,0.05045
98.62500,0.24750,0.00341,0.00224,0.24914,0.74520
98.82500,0.24751,0.00216,0.00645,0.80986,0.18153
99.02500,0.24750,0.03559,0.00012,0.75558,0.20871
99.22500,0.24751,0.00078,0.00437,0.15861,0.83624
99.42500,0.24750,0.00048,0.00164,0.25040,0.74748
99.62500,0.24750,0.05661,0.00113,0.86619,0.07607
99.82500,0.24751,0.00370,0.01631,0.68660,0.29339
100.02500,0.24750,0.01408,0.00462,0.88461,0.09669
100.22500,0.24751,0.02802,0.00904,0.85300,0.10994
100.42500,0.24750,0.01075,0.00004,0.46629,0.52292
100.62500,0.24750,0.03316,0.00721,0.86544,0.09419
100.82500,0.24751,0.00025,0.00315,0.01753,0.97907
101.02500,0.24750,0.01985,0.00072,0.89468,0.08476
101.22500,0.24751,0.00012,0.00092,0.03105,0.96791
101.42500,0.24750,0.03024,0.00495,0.88329,0.08152
101.62500,0.24750,0.01718,0.00021,0.65914,0.32347
101.82500,0.24751,0.00014,0.00107,0.04042,0.95837
102.02500,0.24750,0.00351,0.00108,0.67064,0.32477
102.22500,0.24751,0.01273,0.00002,0.81558,0.17168
102.42500,0.24750,0.01986,0.00671,0.87576,0.09767
102.62500,0.24750,0.00052,0.00346,0.06848,0.92754
102.82500,0.24751,0.01752,0.00269,0.91136,0.06842
103.02500,0.24750,0.00864,0.00013,0.70046,0.29077
103.22500,0.24751,0.01745,0.00636,0.88709,0.08910
103.42500,0.24750,0.00021,0.00147,0.03548,0.96283
103.62500,0.24750,0.00613,0.00222,0.89184,0.09981
103.82500,0.24751,0.01033,0.00925,0.84941,0.13101
104.02500,0.24750,0.00012,0.00056,0.01626,0.98306
104.22500,0.24751,0.03499,0.00172,0.89431,0.06898
104.42500,0.24750,0.00218,0.00010,0.17310,0.82461
104.62500,0.24750,0.00344,0.00050,0.92305,0.07301
104.82500,0.24751,0.01099,0.00014,0.45511,0.53375
105.02500,0.24750,0.00008,0.00004,0.14573,0.85415
105.22500,0.24751,0.07922,0.00211,0.86516,0.05351
105.42500,0.24750,0.00522,0.01053,0.78384,0.20040
105.62500,0.24750,0.02013,0.00010,0.63981,0.33997
105.82500,0.24751,0.00005,0.00199,0.02571,0.97225
106.02500,0.24750,0.01138,0.00103,0.91446,0.07314
106.22500,0.24751,0.00956,0.00005,0.56729,0.42310
106.42500,0.24750,0.00019,0.00038,0.11808,0.88135
106.62500,0.24750,0.05496,0.00160,0.87044,0.07299
106.82500,0.24751,0.02830,0.00027,0.60834,0.36309
107.02500,0.24750,0.01178,0.00452,0.88583,0.09787
107.22500,0.24751,0.00488,0.00257,0.69324,0.29930
107.42500,0.24750,0.00134,0.00530,0.73899,0.25437
107.62500,0.24750,0.00384,0.00001,0.66169,0.33446
107.82500,0.24751,0.05713,0.00005,0.70216,0.24066
108.02500,0.24750,0.00870,0.00286,0.87030,0.11814
108.22500,0.24751,0.00567,0.00024,0.42219,0.57190
108.42500,0.24750,0.00935,0.00148,0.91874,0.07043
108.62500,0.24750,0.00547,0.00650,0.59359,0.39445
108.82500,0.24751,0.01767,0.00001,0.76115,0.22117
109.02500,0.24750,0.00605,0.00024,0.73279,0.26092
109.22500,0.24751,0.03832,0.00805,0.85869,0.09494
109.42500,0.24750,0.00230,0.00026,0.15935,0.83810
109.62500,0.24750,0.01192,0.00115,0.92590,0.06103
109.82500,0.24751,0.02829,0.01348,0.82079,0.13744
110.02500,0.24750,0.00847,0.00008,0.42421,0.56724
110.22500,0.24751,0.00747,0.00079,0.91787,0.07387
110.42500,0.24750,0.03042,0.01345,0.80631,0.14981
110.62500,0.24750,0.00378,0.00028,0.28727,0.70867
110.82500,0.24751,0.00047,0.00284,0.44187,0.55483
111.02500,0.24750,0.07800,0.01363,0.84737,0.06100
111.22500,0.24751,0.02940,0.01466,0.80012,0.15581
111.42500,0.24750,0.00353,0.00001,0.60545,0.39100
111.62500,0.24750,0.01506,0.00635,0.89926,0.07933
111.82500,0.24751,0.00063,0.00737,0.16967,0.82232
112.02500,0.24750,0.07474,0.00159,0.78716,0.13652
112.22500,0.24751,0.00130,0.01149,0.62395,0.36326
112.42500,0.24750,0.04233,0.00019,0.80222,0.15526
112.62500,0.24750,0.00008,0.00060,0.01689,0.98244
112.82500,0.24751,0.00131,0.00152,0.77181,0.22537
113.02500,0.24750,0.00747,0.00007,0.58526,0.40721
113.22500,0.24751,0.03032,0.00023,0.64186,0.32759
113.42500,0.24750,0.00547,0.00124,0.91567,0.07761
113.62500,0.24750,0.00542,0.00405,0.48483,0.50570
113.82500,0.24751,0.03997,0.00003,0.78106,0.17894
114.02500,0.24750,0.02494,0.00831,0.85728,0.10946
114.22500,0.24751,0.00188,0.01414,0.64652,0.33746
114.42500,0.24750,0.01750,0.00764,0.90123,0.07364
114.62500,0.24750,0.01969,0.00014,0.47504,0.50513
114.82500,0.24751,0.00336,0.00321,0.85863,0.13480
115.02500,0.24750,0.08296,0.00125,0.75281,0.16297
115.22500,0.24751,0.00033,0.00426,0.07506,0.92036
115.42500,0.24750,0.01256,0.00428,0.91804,0.06513
115.62500,0.24750,0.01393,0.00045,0.44824,0.53738
115.82500,0.24751,0.01179,0.00373,0.89729,0.08720
116.02500,0.24750,0.00069,0.00005,0.08200,0.91726
116.22500,0.24751,0.01050,0.00056,0.92995,0.05899
116.42500,0.24750,0.00122,0.00093,0.11970,0.87815
116.62500,0.24750,0.00086,0.00911,0.14659,0.84344
116.82500,0.24751,0.02598,0.00469,0.91819,0.05114
117.02500,0.24750,0.00941,0.00002,0.57465,0.41591
117.22500,0.24751,0.00056,0.00588,0.15836,0.83520
117.42500,0.24750,0.03434,0.00016,0.85845,0.10704
117.62500,0.24750,0.00013,0.00150,0.03140,0.96697
117.82500,0.24751,0.00692,0.00496,0.84353,0.14459
118.02500,0.24750,0.01375,0.00010,0.64535,0.34079
118.22500,0.24751,0.00074,0.03645,0.49402,0.46879
118.42500,0.24750,0.00091,0.00193,0.15350,0.84366
118.62500,0.24750,0.05366,0.00167,0.88925,0.05542
118.82500,0.24751,0.02183,0.00724,0.87027,0.10066
119.02500,0.24750,0.00030,0.00528,0.03729,0.95713
119.22500,0.24751,0.03905,0.00271,0.89495,0.06330
119.42500,0.24750,0.00196,0.00003,0.59970,0.39831
119.62500,0.24750,0.00616,0.00017,0.77316,0.22051
119.82500,0.24751,0.00123,0.01606,0.29338,0.68932
120.02500,0.24750,0.01937,0.00205,0.83464,0.14394
120.22500,0.24751,0.00243,0.00106,0.13618,0.86033
120.42500,0.24750,0.00128,0.00223,0.09430,0.90220
120.62500,0.24750,0.02129,0.00120,0.90913,0.06837
120.82500,0.24751,0.03878,0.00981,0.84670,0.10470
121.02500,0.24750,0.00014,0.00322,0.02066,0.97598
121.22500,0.24751,0.00048,0.00412,0.42570,0.56970
121.42500,0.24750,0.05962,0.00294,0.81933,0.11811
121.62500,0.24750,0.01267,0.00008,0.64955,0.33770
121.82500,0.24751,0.03524,0.00960,0.85068,0.10447
122.02500,0.24750,0.00501,0.01168,0.22211,0.76120
122.22500,0.24751,0.00022,0.00242,0.06627,0.93110
122.42500,0.24750,0.01988,0.00392,0.90447,0.07173
122.62500,0.24750,0.00716,0.00021,0.50080,0.49182
122.82500,0.24751,0.01024,0.00416,0.90170,0.08390
123.02500,0.24750,0.01124,0.00275,0.56441,0.42161
123.22500,0.24751,0.00264,0.00867,0.73198,0.25671
123.42500,0.24750,0.02801,0.00013,0.70814,0.26372
123.62500,0.24750,0.00087,0.00441,0.42804,0.56667
123.82500,0.24751,0.01288,0.00014,0.73560,0.25138
124.02500,0.24750,0.02346,0.00019,0.65945,0.31690
124.22500,0.24751,0.00810,0.00451,0.88680,0.10059
124.42500,0.24750,0.00674,0.00993,0.67348,0.30985
124.62500,0.24750,0.00008,0.00780,0.07816,0.91396
124.82500,0.24751,0.06011,0.00713,0.87349,0.05927
125.02500,0.24750,0.00018,0.00465,0.02419,0.97098
125.22500,0.24751,0.01154,0.00172,0.90167,0.08508
125.42500,0.24750,0.01252,0.00011,0.62050,0.36688
125.62500,0.24750,0.00132,0.01087,0.67417,0.31364
125.82500,0.24751,0.03550,0.00023,0.68812,0.27616
126.02500,0.24750,0.00037,0.00033,0.09023,0.90907
126.22500,0.24751,0.01479,0.00220,0.90454,0.07848
126.42500,0.24750,0.00461,0.00315,0.71985,0.27238
126.62500,0.24750,0.01645,0.00652,0.89048,0.08655
126.82500,0.24751,0.00075,0.00966,0.09554,0.89405
127.02500,0.24750,0.01615,0.00207,0.89260,0.08918
127.22500,0.24751,0.01850,0.00022,0.72457,0.25671
127.42500,0.24750,0.01490,0.00707,0.86611,0.11192
127.62500,0.24750,0.00015,0.00199,0.03892,0.95894
127.82500,0.24750,0.08767,0.00467,0.86328,0.04438
128.02499,0.24751,0.00186,0.00563,0.40839,0.58412
128.22501,0.24750,0.02301,0.00007,0.74767,0.22925
128.42500,0.24750,0.00276,0.00011,0.48136,0.51578
128.62500,0.24750,0.00027,0.00164,0.07597,0.92211
128.82500,0.24750,0.01817,0.00227,0.92245,0.05710
129.02499,0.24751,0.00099,0.02438,0.26849,0.70614
129.22501,0.24750,0.07219,0.00098,0.83655,0.09028
129.42500,0.24750,0.00264,0.00022,0.23646,0.76068
129.62500,0.24750,0.00724,0.00042,0.92085,0.07149
129.82500,0.24750,0.01552,0.01159,0.78025,0.19263
130.02499,0.24751,0.00272,0.00016,0.52302,0.47410
130.22501,0.24750,0.01523,0.00201,0.91105,0.07171
130.42500,0.24750,0.00784,0.00034,0.33804,0.65378
130.62500,0.24750,0.01137,0.00277,0.91453,0.07133
130.82500,0.24750,0.05796,0.01164,0.82463,0.10577
131.02499,0.24751,0.01072,0.00038,0.64209,0.34682
131.22501,0.24750,0.00393,0.00024,0.48938,0.50645
131.42500,0.24750,0.00604,0.00486,0.84841,0.14070
131.62500,0.24750,0.00665,0.00007,0.64783,0.34545
131.82500,0.24750,0.00545,0.00466,0.89774,0.09215
132.02499,0.24751,0.02806,0.00011,0.68442,0.28741
132.22501,0.24750,0.00142,0.00008,0.26046,0.73804
132.42500,0.24750,0.01218,0.00055,0.90122,0.08605
132.62500,0.24750,0.00015,0.00096,0.03314,0.96576
132.82500,0.24750,0.01563,0.00515,0.88926,0.08996
133.02499,0.24751,0.00755,0.00006,0.59320,0.39918
133.22501,0.24750,0.01410,0.00463,0.89298,0.08829
133.42500,0.24750,0.00768,0.00035,0.31767,0.67431
133.62500,0.24750,0.00094,0.01216,0.34130,0.64560
133.82500,0.24750,0.07405,0.00057,0.85092,0.07446
134.02499,0.24751,0.00260,0.02012,0.54471,0.43257
134.22501,0.24750,0.01356,0.00772,0.90173,0.07699
134.42500,0.24750,0.05553,0.01128,0.82761,0.10558
134.62500,0.24750,0.00019,0.00221,0.02015,0.97745
134.82500,0.24750,0.01072,0.00100,0.90623,0.08205
135.02499,0.24751,0.00714,0.00001,0.59551,0.39734
135.22501,0.24750,0.00049,0.00235,0.24947,0.74768
135.42500,0.24750,0.01675,0.00038,0.80284,0.18004
135.62500,0.24750,0.01052,0.00006,0.80545,0.18397
135.82500,0.24750,0.00097,0.00669,0.21065,0.78169
136.02499,0.24751,0.26185,0.00410,0.68941,0.04463
136.22501,0.24750,0.00005,0.00112,0.01531,0.98352
136.42500,0.24750,0.02328,0.00159,0.90411,0.07103
136.62500,0.24750,0.00090,0.01452,0.25787,0.72670
136.82500,0.24750,0.02033,0.01853,0.88798,0.07316
137.02499,0.24751,0.00306,0.01685,0.66322,0.31687
137.22501,0.24750,0.01633,0.04959,0.49215,0.44193
137.42500,0.24750,0.00162,0.02246,0.73583,0.24009
137.62500,0.24750,0.01096,0.00470,0.88697,0.09737
137.82500,0.24750,0.00214,0.01428,0.67184,0.31174
138.02499,0.24751,0.00427,0.00757,0.88002,0.10814
138.22501,0.24750,0.01614,0.00078,0.71550,0.26758
138.42500,0.24750,0.00076,0.00365,0.20862,0.78697
138.62500,0.24750,0.15729,0.00371,0.78794,0.05106
138.82500,0.24750,0.00492,0.02071,0.62470,0.34966
139.02499,0.24751,0.00573,0.00469,0.90880,0.08078
139.22501,0.24750,0.00118,0.00015,0.10936,0.88930
139.42500,0.24750,0.02439,0.00202,0.91286,0.06073
139.62500,0.24750,0.01239,0.00001,0.58699,0.40060
139.82500,0.24750,0.00009,0.00113,0.02072,0.97807
140.02499,0.24751,0.01645,0.00221,0.89841,0.08293
140.22501,0.24750,0.00056,0.08712,0.17966,0.73266
140.42500,0.24750,0.02925,0.02164,0.88447,0.06464
140.62500,0.24750,0.01678,0.00006,0.42430,0.55885
140.82500,0.24750,0.00008,0.00016,0.02432,0.97544
141.02499,0.24751,0.01186,0.00043,0.92967,0.05805
141.22501,0.24750,0.02446,0.00824,0.86240,0.10490
141.42500,0.24750,0.00053,0.00216,0.03820,0.95912
141.62500,0.24750,0.01598,0.00156,0.93461,0.04784
141.82500,0.24750,0.00042,0.00213,0.07261,0.92484
142.02499,0.24751,0.08866,0.00123,0.86773,0.04239
142.22501,0.24750,0.00191,0.03063,0.14562,0.82184
142.42500,0.24750,0.03818,0.00667,0.90659,0.04855
142.62500,0.24750,0.00591,0.01323,0.75875,0.22211
142.82500,0.24750,0.01289,0.00009,0.64228,0.34474
143.02499,0.24751,0.01213,0.00568,0.90362,0.07857
143.22501,0.24750,0.00920,0.00002,0.49303,0.49775
143.42500,0.24750,0.00460,0.00121,0.57819,0.41600
143.62500,0.24750,0.00970,0.00389,0.89005,0.09636
143.82500,0.24750,0.00088,0.04077,0.04104,0.91731
144.02499,0.24751,0.01921,0.00130,0.93113,0.04837
144.22501,0.24750,0.00027,0.00032,0.02822,0.97119
144.42500,0.24750,0.00080,0.00023,0.32169,0.67728
144.62500,0.24750,0.06555,0.00011,0.85924,0.07510
144.82500,0.24750,0.00105,0.01393,0.63113,0.35389
145.02499,0.24751,0.01368,0.00643,0.90499,0.07489
145.22501,0.24750,0.00045,0.05873,0.17754,0.76327
145.42500,0.24750,0.06647,0.01528,0.86472,0.05353
145.62500,0.24750,0.00891,0.00031,0.53031,0.46047
145.82500,0.24750,0.00291,0.00669,0.79100,0.19940
146.02499,0.24751,0.01056,0.00033,0.81859,0.17053
146.22501,0.24750,0.00111,0.00601,0.34095,0.65193
146.42500,0.24750,0.01385,0.00007,0.74806,0.23802
146.62500,0.24750,0.00432,0.00003,0.50822,0.48742
146.82500,0.24750,0.00020,0.00303,0.05197,0.94480
147.02499,0.24751,0.04535,0.00231,0.89929,0.05306
147.22501,0.24750,0.00029,0.00048,0.02533,0.97390
147.42500,0.24750,0.06094,0.00458,0.87341,0.06106
147.62500,0.24750,0.04224,0.01053,0.83771,0.10952
147.82500,0.24750,0.00010,0.00287,0.01921,0.97782
148.02499,0.24751,0.00195,0.00200,0.85159,0.14446
148.22501,0.24750,0.00960,0.01573,0.85966,0.11501
148.42500,0.24750,0.00006,0.00147,0.02271,0.97576
148.62500,0.24750,0.01906,0.00135,0.91671,0.06289
148.82500,0.24750,0.01382,0.03561,0.43479,0.51578
149.02499,0.24751,0.00881,0.00406,0.91820,0.06893
149.22501,0.24750,0.00197,0.01162,0.20545,0.78096
149.42500,0.24750,0.00293,0.00216,0.32725,0.66766
149.62500,0.24750,0.07085,0.00067,0.82744,0.10104
149.82500,0.24750,0.02670,0.00831,0.86083,0.10415
150.02499,0.24751,0.00142,0.00002,0.20355,0.79501
150.22501,0.24750,0.00981,0.00032,0.93722,0.05265
150.42500,0.24750,0.00006,0.00194,0.02221,0.97579
150.62500,0.24750,0.00127,0.00491,0.57414,0.41968
150.82500,0.24750,0.00582,0.00789,0.68928,0.29701
151.02499,0.24751,0.00588,0.00004,0.59871,0.39537
151.22501,0.24750,0.00267,0.00035,0.35975,0.63723
151.42500,0.24750,0.01618,0.00131,0.92263,0.05989
151.62500,0.24750,0.00230,0.01547,0.44517,0.53706
151.82500,0.24750,0.00137,0.00490,0.39835,0.59537
152.02499,0.24751,0.03307,0.00008,0.73523,0.23162
152.22501,0.24750,0.00962,0.00007,0.68820,0.30210
152.42500,0.24750,0.00018,0.00467,0.03103,0.96413
152.62500,0.24750,0.01135,0.00077,0.92065,0.06723
152.82500,0.24750,0.04321,0.01015,0.84209,0.10455
153.02499,0.24751,0.00026,0.01818,0.01923,0.96233
153.22501,0.24750,0.02328,0.00128,0.91730,0.05814
153.42500,0.24750,0.00204,0.01706,0.47604,0.50486
153.62500,0.24750,0.02558,0.00012,0.79493,0.17937
153.82500,0.24750,0.01684,0.00781,0.85861,0.11673
154.02499,0.24751,0.00808,0.00002,0.59734,0.39456
154.22501,0.24750,0.00084,0.04457,0.31564,0.63895
154.42500,0.24750,0.08035,0.00083,0.82254,0.09629
154.62500,0.24750,0.00061,0.00657,0.12333,0.86949
154.82500,0.24750,0.15144,0.00271,0.78789,0.05796
155.02499,0.24751,0.00046,0.00185,0.09495,0.90273
155.22501,0.24750,0.04556,0.00082,0.89861,0.05501
155.42500,0.24750,0.00068,0.00259,0.21296,0.78377
155.62500,0.24750,0.01155,0.00008,0.80906,0.17930
155.82500,0.24750,0.02240,0.00014,0.69222,0.28525
156.02499,0.24751,0.00261,0.00918,0.79251,0.19570
156.22501,0.24750,0.00279,0.00532,0.80347,0.18843
156.42500,0.24750,0.00740,0.00004,0.62378,0.36877
156.62500,0.24750,0.01042,0.00423,0.89674,0.08861
156.82500,0.24750,0.00098,0.02645,0.11634,0.85623
157.02499,0.24751,0.01445,0.00467,0.92287,0.05801
157.22501,0.24750,0.00602,0.00869,0.80137,0.18392
157.42500,0.24750,0.01009,0.00108,0.47056,0.51827
157.62500,0.24750,0.00057,0.00069,0.21245,0.78628
157.82500,0.24750,0.00200,0.00213,0.48783,0.50804
158.02499,0.24751,0.02261,0.00016,0.72538,0.25185
158.22501,0.24750,0.00433,0.00004,0.55905,0.43657
158.42500,0.24750,0.01727,0.00647,0.89705,0.07921
158.62500,0.24750,0.00584,0.00832,0.26903,0.71681
158.82500,0.24750,0.02904,0.00933,0.89347,0.06815
159.02499,0.24751,0.00010,0.00083,0.01472,0.98434
159.22501,0.24750,0.00109,0.00285,0.27535,0.72071
159.42500,0.24750,0.02763,0.00006,0.84731,0.12500
159.62500,0.24750,0.00152,0.00003,0.19913,0.79932
159.82500,0.24750,0.00052,0.00421,0.78326,0.21201
160.02499,0.24751,0.00408,0.00651,0.90325,0.08616
160.22501,0.24750,0.04907,0.01044,0.83948,0.10100
160.42500,0.24750,0.00040,0.00744,0.02935,0.96281
160.62500,0.24750,0.01623,0.00131,0.90069,0.08177
160.82500,0.24750,0.00016,0.00368,0.03092,0.96524
161.02499,0.24751,0.03688,0.00338,0.85561,0.10413
161.22501,0.24750,0.00412,0.00942,0.71712,0.26934
161.42500,0.24750,0.00751,0.00434,0.89942,0.08873
161.62500,0.24750,0.03816,0.01014,0.84608,0.10562
161.82500,0.24750,0.01190,0.00011,0.46640,0.52159
162.02499,0.24751,0.01934,0.00780,0.86677,0.10609
162.22501,0.24750,0.00055,0.00032,0.06881,0.93031
162.42500,0.24750,0.00050,0.00720,0.20387,0.78844
162.62500,0.24750,0.04795,0.00161,0.89103,0.05941
162.82500,0.24750,0.01388,0.00928,0.82891,0.14793
163.02499,0.24751,0.01034,0.00004,0.62241,0.36720
163.22501,0.24750,0.00005,0.00274,0.02330,0.97391
163.42500,0.24750,0.01127,0.00024,0.92029,0.06820
163.62500,0.24750,0.00534,0.01155,0.54652,0.43659
163.82500,0.24750,0.00027,0.00420,0.31007,0.68545
164.02499,0.24751,0.11241,0.00064,0.76932,0.11764
164.22501,0.24750,0.00013,0.00205,0.06501,0.93282
164.42500,0.24750,0.02665,0.00323,0.90351,0.06661
164.62500,0.24750,0.00055,0.02187,0.03772,0.93985
164.82500,0.24750,0.00390,0.00275,0.73324,0.26011
165.02499,0.24751,0.02253,0.00020,0.77862,0.19866
165.22501,0.24750,0.00946,0.00100,0.36923,0.62031
165.42500,0.24750,0.00442,0.00331,0.90723,0.08504
165.62500,0.24750,0.00104,0.00954,0.05120,0.93822
165.82500,0.24750,0.00028,0.00026,0.05128,0.94817
166.02499,0.24751,0.01050,0.00216,0.89123,0.09611
166.22501,0.24750,0.01212,0.00001,0.70405,0.28382
166.42500,0.24750,0.00047,0.00149,0.03240,0.96564
166.62500,0.24750,0.03932,0.00360,0.88520,0.07188
166.82500,0.24750,0.02175,0.00016,0.52866,0.44944
167.02499,0.24751,0.00020,0.00217,0.04179,0.95585
167.22501,0.24750,0.00325,0.00070,0.36948,0.62657
167.42500,0.24750,0.03781,0.00040,0.74827,0.21352
167.62500,0.24750,0.00869,0.00005,0.58656,0.40470
167.82500,0.24750,0.00043,0.01108,0.18570,0.80279
168.02499,0.24751,0.01358,0.00679,0.91777,0.06187
168.22501,0.24750,0.05686,0.01145,0.82739,0.10431
168.42500,0.24750,0.00322,0.01430,0.26619,0.71629
168.62500,0.24750,0.05701,0.01283,0.86615,0.06400
168.82500,0.24750,0.01605,0.00701,0.86977,0.10717
169.02499,0.24751,0.00910,0.00283,0.55529,0.43278
169.22501,0.24750,0.00034,0.00747,0.09416,0.89802
169.42500,0.24750,0.05385,0.00573,0.87268,0.06773
169.62500,0.24750,0.02993,0.00870,0.85881,0.10256
169.82500,0.24750,0.00241,0.05237,0.20596,0.73926
170.02499,0.24751,0.04605,0.00799,0.88868,0.05728
170.22501,0.24750,0.01715,0.01439,0.79700,0.17146
170.42500,0.24750,0.00142,0.00793,0.04266,0.94799
170.62500,0.24750,0.00318,0.00423,0.72101,0.27158
170.82500,0.24750,0.04394,0.00010,0.77982,0.17613
171.02499,0.24751,0.00055,0.08265,0.17461,0.74218
171.22501,0.24750,0.06429,0.01122,0.87518,0.04932
171.42500,0.24750,0.03365,0.01080,0.83633,0.11922
171.62500,0.24750,0.01335,0.00003,0.59094,0.39567
171.82500,0.24750,0.00028,0.00379,0.02769,0.96824
172.02499,0.24751,0.00289,0.00381,0.82417,0.16912
172.22501,0.24750,0.00699,0.00001,0.63797,0.35503
172.42500,0.24750,0.03855,0.00030,0.65999,0.30117
172.62500,0.24750,0.00189,0.00455,0.81832,0.17524
172.82500,0.24750,0.01538,0.00006,0.68322,0.30134
173.02499,0.24751,0.00056,0.01718,0.58680,0.39546
173.22501,0.24750,0.00929,0.01051,0.89484,0.08536
173.42500,0.24750,0.02003,0.00937,0.84736,0.12324
173.62500,0.24750,0.01247,0.00003,0.59919,0.38830
173.82500,0.24750,0.00016,0.00408,0.02164,0.97412
174.02499,0.24751,0.02518,0.00110,0.90675,0.06696
174.22501,0.24750,0.00037,0.00092,0.02002,0.97870
174.42500,0.24750,0.04214,0.00130,0.90107,0.05549
174.62500,0.24750,0.03406,0.00002,0.62271,0.34321
174.82500,0.24750,0.00144,0.01917,0.27871,0.70068
175.02499,0.24751,0.04423,0.02729,0.85883,0.06965
175.22501,0.24750,0.00219,0.01217,0.40001,0.58563
175.42500,0.24750,0.04886,0.00046,0.82481,0.12587
175.62500,0.24750,0.00193,0.00820,0.14624,0.84363
175.82500,0.24750,0.03175,0.00379,0.91314,0.05132
176.02499,0.24751,0.00102,0.01660,0.05745,0.92493
176.22501,0.24750,0.00165,0.00241,0.59839,0.39755
176.42500,0.24750,0.03895,0.00023,0.80255,0.15828
176.62500,0.24750,0.00020,0.00201,0.03308,0.96472
176.82500,0.24750,0.02093,0.00123,0.91760,0.06025
177.02499,0.24751,0.00270,0.04236,0.30460,0.65033
177.22501,0.24750,0.02489,0.01390,0.89001,0.07120
177.42500,0.24750,0.00030,0.00104,0.02679,0.97186
177.62500,0.24750,0.05486,0.00206,0.90399,0.03909
177.82500,0.24750,0.00430,0.04964,0.41152,0.53454
178.02499,0.24751,0.00914,0.00594,0.90887,0.07605
178.22501,0.24750,0.00008,0.00175,0.02603,0.97214
178.42500,0.24750,0.02762,0.00162,0.92382,0.04693
178.62500,0.24750,0.00010,0.00080,0.02893,0.97018
178.82500,0.24750,0.01507,0.00135,0.91822,0.06535
179.02499,0.24751,0.01462,0.00016,0.52593,0.45930
179.22501,0.24750,0.00508,0.00108,0.73760,0.25624
179.42500,0.24750,0.01990,0.00687,0.87936,0.09387
179.62500,0.24750,0.04226,0.01205,0.81972,0.12598
179.82500,0.24750,0.00342,0.00300,0.72309,0.27049
180.02499,0.24751,0.00094,0.02825,0.51226,0.45854
180.22501,0.24750,0.04191,0.01735,0.87273,0.06802
180.42500,0.24750,0.00064,0.00798,0.05301,0.93838
180.62500,0.24750,0.00086,0.00387,0.14908,0.84619
180.82500,0.24750,0.01846,0.00531,0.91956,0.05667
181.02499,0.24751,0.02887,0.00894,0.85579,0.10641
181.22501,0.24750,0.00005,0.00054,0.01436,0.98505
181.42500,0.24750,0.00736,0.00085,0.90542,0.08636
181.62500,0.24750,0.00930,0.00003,0.61024,0.38043
181.82500,0.24750,0.01279,0.00535,0.89568,0.08618
182.02499,0.24751,0.01102,0.00066,0.62312,0.36520
182.22501,0.24750,0.00029,0.00122,0.11573,0.88277
182.42500,0.24750,0.02266,0.00195,0.93122,0.04417
182.62500,0.24750,0.00148,0.00031,0.08905,0.90915
182.82500,0.24750,0.00015,0.00054,0.03498,0.96434
183.02499,0.24751,0.04006,0.00325,0.86313,0.09355
183.22501,0.24750,0.00534,0.00006,0.25635,0.73825
183.42500,0.24750,0.00124,0.00002,0.28071,0.71803
183.62500,0.24750,0.00028,0.00074,0.05878,0.94020
183.82500,0.24750,0.01209,0.00366,0.84555,0.13870
184.02499,0.24751,0.02340,0.00007,0.69856,0.27797
184.22501,0.24750,0.01646,0.00693,0.88950,0.08710
184.42500,0.24750,0.00890,0.00005,0.48904,0.50201
184.62500,0.24750,0.00108,0.06381,0.21708,0.71803
184.82500,0.24750,0.04772,0.01471,0.87125,0.06632
185.02499,0.24751,0.00597,0.00005,0.46124,0.53274
185.22501,0.24750,0.00006,0.00153,0.04552,0.95288
185.42500,0.24750,0.03082,0.00220,0.90742,0.05957
185.62500,0.24750,0.00039,0.00053,0.09301,0.90608
185.82500,0.24750,0.02615,0.00583,0.85026,0.11775
186.02499,0.24751,0.00638,0.00214,0.83158,0.15990
186.22501,0.24750,0.00897,0.00057,0.44967,0.54080
186.42500,0.24750,0.00006,0.00089,0.05193,0.94712
186.62500,0.24750,0.02436,0.00157,0.91746,0.05660
186.82500,0.24750,0.01194,0.00872,0.83767,0.14167
187.02499,0.24751,0.00860,0.00005,0.53347,0.45789
187.22501,0.24750,0.00044,0.00102,0.09485,0.90369
187.42500,0.24750,0.02816,0.00351,0.91656,0.05177
187.62500,0.24750,0.00008,0.00158,0.01460,0.98373
187.82500,0.24750,0.02004,0.00163,0.90228,0.07605
188.02499,0.24751,0.00259,0.02570,0.46084,0.51088
188.22501,0.24750,0.01262,0.00488,0.87878,0.10373
188.42500,0.24750,0.01149,0.00625,0.75377,0.22849
188.62500,0.24750,0.00219,0.00693,0.75720,0.23367
188.82500,0.24750,0.09110,0.00011,0.72454,0.18425
189.02499,0.24751,0.00014,0.00507,0.05087,0.94393
189.22501,0.24750,0.02106,0.00351,0.90385,0.07158
189.42500,0.24750,0.00740,0.00025,0.61508,0.37727
189.62500,0.24750,0.00811,0.00008,0.51601,0.47579
189.82500,0.24750,0.00020,0.00580,0.03428,0.95972
190.02499,0.24751,0.00089,0.00832,0.37494,0.61585
190.22501,0.24750,0.07710,0.05023,0.81208,0.06059
190.42500,0.24750,0.00365,0.00002,0.46647,0.52986
190.62500,0.24750,0.00132,0.00291,0.66307,0.33270
190.82500,0.24750,0.04093,0.00115,0.65995,0.29797
191.02499,0.24751,0.00010,0.00037,0.14002,0.85951
191.22501,0.24750,0.09483,0.00187,0.83384,0.06946
191.42500,0.24750,0.00016,0.00171,0.05811,0.94001
191.62500,0.24750,0.00219,0.00351,0.52899,0.46531
191.82500,0.24750,0.01012,0.00042,0.73407,0.25538
192.02499,0.24751,0.01822,0.00051,0.76982,0.21145
192.22501,0.24750,0.02145,0.00766,0.87597,0.09493
192.42500,0.24750,0.01993,0.00006,0.52153,0.45847
192.62500,0.24750,0.00007,0.00127,0.02705,0.97161
192.82500,0.24750,0.03154,0.00285,0.90351,0.06210
193.02499,0.24751,0.01789,0.00998,0.83901,0.13313
193.22501,0.24750,0.00390,0.00026,0.27482,0.72102
193.42500,0.24750,0.00008,0.00006,0.12823,0.87163
193.62500,0.24750,0.03692,0.00207,0.90023,0.06078
193.82500,0.24750,0.00917,0.01770,0.81882,0.15431
194.02499,0.24751,0.02108,0.00657,0.88269,0.08966
194.22501,0.24750,0.00130,0.00162,0.22989,0.76719
194.42500,0.24750,0.01911,0.00015,0.72584,0.25489
194.62500,0.24750,0.01537,0.00011,0.70009,0.28442
194.82500,0.24750,0.00022,0.00103,0.15769,0.84106
195.02499,0.24751,0.01727,0.00172,0.84507,0.13595
195.22501,0.24750,0.01019,0.00007,0.69184,0.29791
195.42500,0.24750,0.00875,0.00449,0.90696,0.07981
195.62500,0.24750,0.00208,0.00380,0.16869,0.82543
195.82500,0.24750,0.01668,0.00101,0.92140,0.06091
196.02499,0.24751,0.01089,0.01042,0.80644,0.17225
196.22501,0.24750,0.01225,0.00286,0.34406,0.64083
196.42500,0.24750,0.01279,0.00098,0.92665,0.05959
196.62500,0.24750,0.02441,0.00555,0.63135,0.33868
196.82500,0.24750,0.00041,0.00018,0.08616,0.91325
197.02499,0.24751,0.00021,0.00424,0.07507,0.92048
197.22501,0.24750,0.05280,0.00207,0.89295,0.05217
197.42500,0.24750,0.00064,0.00298,0.11545,0.88093
197.62500,0.24750,0.07557,0.00259,0.84463,0.07721
197.82500,0.24750,0.00113,0.00003,0.57049,0.42835
198.02499,0.24751,0.02100,0.00008,0.63397,0.34495
198.22501,0.24750,0.00555,0.00154,0.90130,0.09161
198.42500,0.24750,0.00461,0.00798,0.14312,0.84428
198.62500,0.24750,0.00642,0.00348,0.90317,0.08692
198.82500,0.24750,0.01622,0.00327,0.85285,0.12766
199.02499,0.24751,0.00508,0.00023,0.32610,0.66858
199.22501,0.24750,0.00673,0.00143,0.92173,0.07011
199.42500,0.24750,0.03876,0.01093,0.83983,0.11049
199.62500,0.24750,0.01704,0.00002,0.52805,0.45489
199.82500,0.24750,0.04803,0.01157,0.82682,0.11358
200.02499,0.24751,0.00242,0.03226,0.31457,0.65074
200.22501,0.24750,0.00083,0.00463,0.40833,0.58621
200.42500,0.24750,0.05420,0.00012,0.84052,0.10516
200.62500,0.24750,0.00027,0.00159,0.02622,0.97192
200.82500,0.24750,0.02632,0.00284,0.88453,0.08631
201.02499,0.24751,0.00782,0.00006,0.58393,0.40818
201.22501,0.24750,0.00159,0.00035,0.28182,0.71625
201.42500,0.24750,0.01691,0.00785,0.89316,0.08208
201.62500,0.24750,0.02731,0.00004,0.69227,0.28038
201.82500,0.24750,0.04538,0.01075,0.84001,0.10386
202.02499,0.24751,0.00380,0.00007,0.34158,0.65455
202.22501,0.24750,0.00084,0.00115,0.84315,0.15486
202.42500,0.24750,0.00519,0.00515,0.89329,0.09637
202.62500,0.24750,0.00022,0.00266,0.06231,0.93482
202.82500,0.24750,0.05330,0.00430,0.84898,0.09341
203.02499,0.24751,0.00012,0.00647,0.03625,0.95716
203.22501,0.24750,0.01458,0.00073,0.91752,0.06717
203.42500,0.24750,0.00921,0.00023,0.34684,0.64371
203.62500,0.24750,0.01085,0.00166,0.90666,0.08083
203.82500,0.24750,0.01210,0.00917,0.79588,0.18285
204.02499,0.24751,0.00149,0.00216,0.05764,0.93871
204.22501,0.24750,0.01224,0.00065,0.91534,0.07177
204.42500,0.24750,0.00497,0.00347,0.75402,0.23754
204.62500,0.24750,0.00101,0.00467,0.26366,0.73066
204.82500,0.24750,0.05574,0.00006,0.80968,0.13452
205.02499,0.24751,0.02564,0.00944,0.85523,0.10970
205.22501,0.24750,0.01727,0.00215,0.75862,0.22196
205.42500,0.24750,0.03399,0.00916,0.85546,0.10139
205.62500,0.24750,0.00015,0.01614,0.01653,0.96718
205.82500,0.24750,0.00023,0.00122,0.12597,0.87257
206.02499,0.24751,0.13318,0.00487,0.82164,0.04031
206.22501,0.24750,0.00010,0.00251,0.02905,0.96834
206.42500,0.24750,0.00186,0.00271,0.54530,0.45013
206.62500,0.24750,0.07322,0.00030,0.65985,0.26663
206.82500,0.24750,0.01249,0.00602,0.90266,0.07883
207.02499,0.24751,0.00013,0.00061,0.01724,0.98202
207.22501,0.24750,0.00082,0.00174,0.44745,0.54999
207.42500,0.24750,0.03405,0.00015,0.77523,0.19056
207.62500,0.24750,0.00172,0.01933,0.45071,0.52824
207.82500,0.24750,0.03351,0.00895,0.87420,0.08334
208.02499,0.24751,0.00795,0.00022,0.56641,0.42541
208.22501,0.24750,0.02519,0.00677,0.89042,0.07762
208.42500,0.24750,0.00483,0.03838,0.49772,0.45907
208.62500,0.24750,0.01628,0.00777,0.90181,0.07414
208.82500,0.24750,0.00950,0.01278,0.76063,0.21710
209.02499,0.24751,0.00537,0.00005,0.58211,0.41248
209.22501,0.24750,0.00026,0.00072,0.05870,0.94032
209.42500,0.24750,0.00011,0.00031,0.04646,0.95311
209.62500,0.24750,0.01125,0.01402,0.58668,0.38805
209.82500,0.24750,0.03094,0.00021,0.80295,0.16590
210.02499,0.24751,0.01653,0.00726,0.86458,0.11163
210.22501,0.24750,0.00208,0.07504,0.35440,0.56848
210.42500,0.24750,0.03720,0.04040,0.83295,0.08945
210.62500,0.24750,0.00848,0.01002,0.82602,0.15549
210.82500,0.24750,0.00183,0.00347,0.10614,0.88856
211.02499,0.24751,0.00748,0.00088,0.90178,0.08986
211.22501,0.24750,0.00647,0.00011,0.57296,0.42046
211.42500,0.24750,0.00013,0.00119,0.08085,0.91783
211.62500,0.24750,0.05988,0.02325,0.80275,0.11413
211.82500,0.24750,0.00670,0.00028,0.49396,0.49906
212.02499,0.24751,0.01119,0.00608,0.89533,0.08740
212.22501,0.24750,0.00077,0.00771,0.06277,0.92875
212.42500,0.24750,0.01275,0.00412,0.92105,0.06208
212.62500,0.24750,0.00431,0.01922,0.63850,0.33798
212.82500,0.24750,0.01285,0.00019,0.61284,0.37412
213.02499,0.24751,0.00176,0.00394,0.06581,0.92849
213.22501,0.24750,0.00655,0.00025,0.92692,0.06628
213.42500,0.24750,0.00022,0.00212,0.02104,0.97662
213.62500,0.24750,0.00012,0.00019,0.04022,0.95947
213.82500,0.24750,0.05230,0.00479,0.87410,0.06880
214.02499,0.24751,0.00064,0.02394,0.03398,0.94144
214.22501,0.24750,0.00070,0.00629,0.62651,0.36649
214.42500,0.24750,0.05283,0.02551,0.85731,0.06435
214.62500,0.24750,0.00163,0.04994,0.18806,0.76037
214.82500,0.24750,0.01801,0.01171,0.90052,0.06977
215.02499,0.24751,0.02492,0.00025,0.62548,0.34935
215.22501,0.24750,0.00046,0.00219,0.20691,0.79045
215.42500,0.24750,0.12400,0.00031,0.79067,0.08502
215.62500,0.24750,0.00029,0.00389,0.04664,0.94918
215.82500,0.24750,0.06496,0.00381,0.88402,0.04720
216.02499,0.24751,0.00036,0.00750,0.06043,0.93172
216.22501,0.24750,0.09661,0.00608,0.85550,0.04181
216.42500,0.24750,0.00015,0.00177,0.02355,0.97452
216.62500,0.24750,0.02430,0.00196,0.89021,0.08352
216.82500,0.24750,0.00933,0.00003,0.46621,0.52443
217.02499,0.24751,0.00075,0.00216,0.11764,0.87944
217.22501,0.24750,0.00020,0.00063,0.14015,0.85902
217.42500,0.24750,0.00956,0.00748,0.74260,0.24036
217.62500,0.24750,0.03255,0.00015,0.81464,0.15266
217.82500,0.24750,0.00514,0.01930,0.55036,0.42520
218.02499,0.24751,0.03271,0.00007,0.81886,0.14835
218.22501,0.24750,0.00260,0.02619,0.54463,0.42658
218.42500,0.24750,0.00160,0.00192,0.33667,0.65981
218.62500,0.24750,0.03424,0.00006,0.84404,0.12166
218.82500,0.24750,0.04715,0.01033,0.83679,0.10574
219.02499,0.24751,0.00273,0.11519,0.17569,0.70639
219.22501,0.24750,0.03500,0.00904,0.90042,0.05553
219.42500,0.24750,0.00015,0.00030,0.04631,0.95324
219.62500,0.24750,0.04873,0.00070,0.88307,0.06750
219.82500,0.24750,0.02466,0.00002,0.43989,0.53543
220.02499,0.24751,0.02951,0.00874,0.85860,0.10315
220.22501,0.24750,0.00067,0.00330,0.07988,0.91615
220.42500,0.24750,0.08349,0.00227,0.86530,0.04895
220.62500,0.24750,0.00555,0.00785,0.81710,0.16950
220.82500,0.24750,0.01363,0.00030,0.65262,0.33345
221.02499,0.24751,0.00032,0.00753,0.05039,0.94177
221.22501,0.24750,0.00044,0.00387,0.29758,0.69811
221.42500,0.24750,0.09632,0.00402,0.76160,0.13807
221.62500,0.24750,0.00074,0.05039,0.33431,0.61456
221.82500,0.24750,0.03024,0.00610,0.90859,0.05507
222.02499,0.24751,0.00319,0.01069,0.58369,0.40244
222.22501,0.24750,0.01118,0.00709,0.90331,0.07842
222.42500,0.24750,0.00074,0.00091,0.05700,0.94135
222.62500,0.24750,0.02634,0.00175,0.91287,0.05904
222.82500,0.24750,0.00079,0.00658,0.03343,0.95920
223.02499,0.24751,0.00004,0.00006,0.01759,0.98231
223.22501,0.24750,0.02646,0.00258,0.90305,0.06792
223.42500,0.24750,0.00125,0.05728,0.30832,0.63316
223.62500,0.24750,0.01877,0.01563,0.89583,0.06977
223.82500,0.24750,0.02176,0.00798,0.85858,0.11168
224.02499,0.24751,0.01879,0.01493,0.79022,0.17606
224.22501,0.24750,0.00559,0.00005,0.46122,0.53314
224.42500,0.24750,0.00669,0.00201,0.89778,0.09352
224.62500,0.24750,0.00439,0.02186,0.50663,0.46711
224.82500,0.24750,0.02074,0.00024,0.79812,0.18090
225.02499,0.24751,0.03763,0.00009,0.56262,0.39965
225.22501,0.24750,0.00083,0.00718,0.46587,0.52612
225.42500,0.24750,0.02889,0.00143,0.66649,0.30319
225.62500,0.24750,0.00108,0.00105,0.10883,0.88904
225.82500,0.24750,0.02416,0.00147,0.90308,0.07129
226.02499,0.24751,0.00171,0.07739,0.18908,0.73183
226.22501,0.24750,0.00878,0.00109,0.76551,0.22463
226.42500,0.24750,0.01534,0.00004,0.70841,0.27621
226.62500,0.24750,0.00180,0.00004,0.34864,0.64952
226.82500,0.24750,0.01162,0.00098,0.92527,0.06213
227.02499,0.24751,0.00036,0.00157,0.03128,0.96679
227.22501,0.24750,0.00061,0.00183,0.36404,0.63352
227.42500,0.24750,0.09156,0.00065,0.81412,0.09367
227.62500,0.24750,0.00007,0.00032,0.01534,0.98428
227.82500,0.24750,0.01092,0.00031,0.92946,0.05931
228.02499,0.24751,0.00312,0.01990,0.48817,0.48881
228.22501,0.24750,0.04043,0.00763,0.85985,0.09208
228.42500,0.24750,0.00235,0.01931,0.60291,0.37542
228.62500,0.24750,0.00614,0.00002,0.70750,0.28634
228.82500,0.24750,0.00728,0.00004,0.53711,0.45557
229.02499,0.24751,0.00112,0.00267,0.34927,0.64694
229.22501,0.24750,0.07782,0.00016,0.81320,0.10883
229.42500,0.24750,0.04198,0.00996,0.84199,0.10607
229.62500,0.24750,0.00100,0.02397,0.49444,0.48059
229.82500,0.24750,0.02778,0.01794,0.84296,0.11133
