Time (seconds), Duration (seconds),pred_(unlabeled),pred_imbalance,pred_working,pred_impact
0.00000,3.01194,0.33715,0.00000,0.08624,0.57661
0.20000,3.01194,0.42087,0.00006,0.17976,0.39931
0.40000,3.01194,0.51841,0.00000,0.12480,0.35679
0.60000,3.01194,0.46337,0.00000,0.13107,0.40556
0.80000,3.01194,0.43094,0.00014,0.21511,0.35380
1.00000,3.01194,0.42088,0.00008,0.19516,0.38389
1.20000,3.01194,0.46765,0.00000,0.13538,0.39697
1.40000,3.01194,0.45920,0.00003,0.19034,0.35043
1.60000,3.01194,0.44542,0.00001,0.16756,0.38701
1.80000,3.01194,0.47681,0.00000,0.16310,0.36009
2.00000,3.01194,0.48154,0.00000,0.14941,0.36905
2.20000,3.01194,0.41247,0.00010,0.17030,0.41714
2.40000,3.01194,0.42607,0.00002,0.14852,0.42540
2.60000,3.01194,0.48538,0.00000,0.15033,0.36429
2.80000,3.01194,0.51135,0.00000,0.19316,0.29549
3.00000,3.01194,0.45626,0.00001,0.18536,0.35836
3.20000,3.01194,0.44259,0.00000,0.13574,0.42167
3.40000,3.01194,0.42644,0.00001,0.13664,0.43690
3.60000,3.01194,0.44732,0.00005,0.20288,0.34975
3.80000,3.01194,0.41695,0.00007,0.18654,0.39645
4.00000,3.01194,0.42107,0.00009,0.17784,0.40100
4.20000,3.01194,0.47437,0.00001,0.16889,0.35673
4.40000,3.01194,0.50122,0.00000,0.16116,0.33762
4.60000,3.01194,0.41935,0.00013,0.19430,0.38623
4.80000,3.01194,0.43737,0.00006,0.19482,0.36775
5.00000,3.01194,0.43271,0.00004,0.18250,0.38474
5.20000,3.01194,0.43412,0.00002,0.15846,0.40740
5.40000,3.01194,0.43320,0.00002,0.16915,0.39762
5.60000,3.01194,0.41230,0.00022,0.20131,0.38617
5.80000,3.01194,0.40842,0.00047,0.22475,0.36637
6.00000,3.01194,0.41862,0.00006,0.17764,0.40368
6.20000,3.01194,0.42554,0.00005,0.17043,0.40397
6.40000,3.01194,0.41012,0.00058,0.23490,0.35441
6.60000,3.01194,0.42259,0.00007,0.19580,0.38154
6.80000,3.01194,0.42110,0.00006,0.17084,0.40800
7.00000,3.01194,0.41767,0.00032,0.22048,0.36153
7.20000,3.01194,0.41515,0.00000,0.11972,0.46513
7.40000,3.01194,0.39390,0.00014,0.15088,0.45508
7.60000,3.01194,0.41737,0.00012,0.17892,0.40359
7.80000,3.01194,0.44036,0.00001,0.16363,0.39600
8.00000,3.01194,0.45636,0.00002,0.19101,0.35261
8.20000,3.01194,0.44240,0.00017,0.22547,0.33197
8.40000,3.01194,0.43484,0.00006,0.13479,0.43030
8.60000,3.01194,0.43645,0.00003,0.09692,0.46659
8.80000,3.01194,0.45861,0.00002,0.18170,0.35966
9.00000,3.01194,0.45476,0.00002,0.16155,0.38367
9.20000,3.01194,0.43710,0.00001,0.15622,0.40668
9.40000,3.01194,0.43768,0.00008,0.15819,0.40405
9.60000,3.01194,0.42031,0.00010,0.18793,0.39165
9.80000,3.01194,0.42866,0.00007,0.20102,0.37025
10.00000,3.01194,0.43687,0.00018,0.21070,0.35225
10.20000,3.01194,0.45571,0.00015,0.24771,0.29643
10.40000,3.01194,0.43240,0.00000,0.11888,0.44872
10.60000,3.01194,0.41695,0.00002,0.13184,0.45119
10.80000,3.01194,0.41765,0.00017,0.19897,0.38321
11.00000,3.01194,0.45538,0.00002,0.19046,0.35414
11.20000,3.01194,0.44820,0.00001,0.16329,0.38849
11.40000,3.01194,0.43959,0.00000,0.13619,0.42422
11.60000,3.01194,0.39781,0.00005,0.13768,0.46446
11.80000,3.01194,0.42487,0.00001,0.14035,0.43476
12.00000,3.01194,0.43257,0.00000,0.15102,0.41640
12.20000,3.01194,0.42342,0.00008,0.19127,0.38523
12.40000,3.01194,0.43443,0.00000,0.13653,0.42904
12.60000,3.01194,0.44038,0.00000,0.10318,0.45644
12.80000,3.01194,0.48187,0.00000,0.16555,0.35258
13.00000,3.01194,0.40304,0.00030,0.21560,0.38106
13.20000,3.01194,0.42430,0.00002,0.15410,0.42157
13.40000,3.01194,0.45761,0.00003,0.18250,0.35985
13.60000,3.01194,0.42669,0.00018,0.19568,0.37745
13.80000,3.01194,0.38807,0.00004,0.14948,0.46241
14.00000,3.01194,0.41087,0.00021,0.19583,0.39309
14.20000,3.01194,0.43433,0.00013,0.18746,0.37808
14.40000,3.01194,0.41145,0.00041,0.22085,0.36730
14.60000,3.01194,0.40695,0.00029,0.19952,0.39323
14.80000,3.01194,0.39027,0.00097,0.20133,0.40742
15.00000,3.01194,0.39582,0.00035,0.18754,0.41629
15.20000,3.01194,0.41138,0.00028,0.20070,0.38764
15.40000,3.01194,0.40990,0.00114,0.26346,0.32550
15.60000,3.01194,0.40510,0.00137,0.25693,0.33660
15.80000,3.01194,0.43235,0.00070,0.18568,0.38127
16.00000,3.01194,0.42546,0.00019,0.19562,0.37873
16.20000,3.01194,0.44900,0.00006,0.17191,0.37903
16.40000,3.01194,0.41994,0.00011,0.17349,0.40646
16.60000,3.01194,0.42569,0.00002,0.14317,0.43112
16.80000,3.01194,0.39436,0.00134,0.21136,0.39294
17.00000,3.01194,0.40377,0.00076,0.21636,0.37912
17.20000,3.01194,0.47147,0.00004,0.21268,0.31581
17.40000,3.01194,0.43572,0.00003,0.18421,0.38003
17.60000,3.01194,0.38084,0.00138,0.18621,0.43156
17.80000,3.01194,0.42916,0.00003,0.16598,0.40484
18.00000,3.01194,0.39794,0.00005,0.27967,0.32234
18.20000,3.01194,0.44240,0.00013,0.23153,0.32594
18.40000,3.01194,0.43901,0.00018,0.22063,0.34018
18.60000,3.01194,0.50453,0.00000,0.16383,0.33163
18.80000,3.01194,0.48665,0.00000,0.13776,0.37560
19.00000,3.01194,0.42751,0.00005,0.23143,0.34101
19.20000,3.01194,0.44514,0.00012,0.18998,0.36475
19.40000,3.01194,0.45325,0.00003,0.16901,0.37771
