Time (seconds), Duration (seconds),pred_(unlabeled),pred_imbalance,pred_working,pred_impact
0.00000,3.01194,0.89442,0.00513,0.05964,0.04081
0.20000,3.01194,0.56878,0.00027,0.12961,0.30134
0.40000,3.01194,0.45565,0.00012,0.28649,0.25774
0.60000,3.01194,0.80335,0.00002,0.08936,0.10727
0.80000,3.01194,0.54994,0.00014,0.18490,0.26502
1.00000,3.01194,0.69112,0.05411,0.06702,0.18775
1.20000,3.01194,0.64248,0.00009,0.13468,0.22275
1.40000,3.01194,0.34121,0.00001,0.09213,0.56665
1.60000,3.01194,0.47600,0.00004,0.20305,0.32091
1.80000,3.01194,0.45498,0.00013,0.25036,0.29453
2.00000,3.01194,0.48789,0.00184,0.14806,0.36221
2.20000,3.01194,0.84678,0.00073,0.03426,0.11823
2.40000,3.01194,0.47357,0.00003,0.07506,0.45134
2.60000,3.01194,0.42755,0.01097,0.40934,0.15213
2.80000,3.01194,0.62464,0.00033,0.16491,0.21013
3.00000,3.01194,0.49855,0.00011,0.25309,0.24825
3.20000,3.01194,0.68715,0.00023,0.05034,0.26228
3.40000,3.01194,0.55857,0.00184,0.15438,0.28522
3.60000,3.01194,0.51612,0.00011,0.16558,0.31820
3.80000,3.01194,0.44693,0.00022,0.25445,0.29841
4.00000,3.01194,0.55862,0.00002,0.12500,0.31636
4.20000,3.01194,0.27300,0.00009,0.06261,0.66429
4.40000,3.01194,0.41953,0.00005,0.25172,0.32870
4.60000,3.01194,0.45169,0.00010,0.16063,0.38758
4.80000,3.01194,0.50298,0.00047,0.18527,0.31127
5.00000,3.01194,0.39458,0.00014,0.21514,0.39014
5.20000,3.01194,0.42856,0.00009,0.24330,0.32805
5.40000,3.01194,0.55767,0.00143,0.14712,0.29377
5.60000,3.01194,0.35433,0.00001,0.14674,0.49892
5.80000,3.01194,0.51850,0.00031,0.19249,0.28870
6.00000,3.01194,0.51952,0.00004,0.20638,0.27406
6.20000,3.01194,0.37355,0.00141,0.28228,0.34275
6.40000,3.01194,0.34427,0.00000,0.15669,0.49903
6.60000,3.01194,0.49060,0.00001,0.06882,0.44057
6.80000,3.01194,0.34493,0.00011,0.21246,0.44250
7.00000,3.01194,0.41452,0.00003,0.25592,0.32953
7.20000,3.01194,0.46368,0.00002,0.28178,0.25453
7.40000,3.01194,0.60095,0.00097,0.00367,0.39441
7.60000,3.01194,0.22374,0.00002,0.01365,0.76259
7.80000,3.01194,0.40205,0.00057,0.16976,0.42762
8.00000,3.01194,0.54217,0.00038,0.22630,0.23114
8.20000,3.01194,0.84782,0.00000,0.02910,0.12308
8.40000,3.01194,0.33864,0.00034,0.26247,0.39855
8.60000,3.01194,0.51358,0.00155,0.25130,0.23357
8.80000,3.01194,0.56248,0.00000,0.13790,0.29962
9.00000,3.01194,0.34627,0.00002,0.16425,0.48945
9.20000,3.01194,0.50850,0.00001,0.15329,0.33820
9.40000,3.01194,0.52140,0.00024,0.14142,0.33694
9.60000,3.01194,0.58813,0.00356,0.13716,0.27115
9.80000,3.01194,0.74246,0.00156,0.10089,0.15509
10.00000,3.01194,0.36430,0.00002,0.15735,0.47833
10.20000,3.01194,0.42724,0.00015,0.17028,0.40233
10.40000,3.01194,0.53262,0.00000,0.17772,0.28966
10.60000,3.01194,0.44022,0.00000,0.13854,0.42123
10.80000,3.01194,0.61172,0.00000,0.09223,0.29605
11.00000,3.01194,0.42220,0.00002,0.10622,0.47157
11.20000,3.01194,0.29782,0.00003,0.03124,0.67091
11.40000,3.01194,0.47426,0.00010,0.26133,0.26431
11.60000,3.01194,0.44500,0.00001,0.22499,0.33000
11.80000,3.01194,0.39097,0.00003,0.17989,0.42911
12.00000,3.01194,0.45796,0.00017,0.30479,0.23707
12.20000,3.01194,0.45989,0.00004,0.22060,0.31947
12.40000,3.01194,0.41220,0.00011,0.15155,0.43615
12.60000,3.01194,0.66599,0.00003,0.10987,0.22411
12.80000,3.01194,0.50296,0.00000,0.13027,0.36677
13.00000,3.01194,0.62815,0.00006,0.18821,0.18359
13.20000,3.01194,0.55144,0.00001,0.16907,0.27948
13.40000,3.01194,0.51414,0.00009,0.06201,0.42376
13.60000,3.01194,0.35955,0.00001,0.04574,0.59469
13.80000,3.01194,0.33636,0.00000,0.03634,0.62730
14.00000,3.01194,0.40880,0.00002,0.18062,0.41056
14.20000,3.01194,0.35629,0.00010,0.25130,0.39231
14.40000,3.01194,0.89072,0.00230,0.05357,0.05341
14.60000,3.01194,0.78962,0.00037,0.08599,0.12403
14.80000,3.01194,0.45303,0.00013,0.08018,0.46666
15.00000,3.01194,0.42452,0.00013,0.02684,0.54850
15.20000,3.01194,0.66328,0.00145,0.16217,0.17310
15.40000,3.01194,0.84055,0.00002,0.07288,0.08656
15.60000,3.01194,0.81978,0.00001,0.04854,0.13167
15.80000,3.01194,0.49966,0.00017,0.24819,0.25198
16.00000,3.01194,0.59957,0.00032,0.26982,0.13029
16.20000,3.01194,0.52201,0.00077,0.13449,0.34273
16.40000,3.01194,0.50837,0.00040,0.07145,0.41978
16.60000,3.01194,0.51238,0.00008,0.11924,0.36829
16.80000,3.01194,0.62610,0.00043,0.12042,0.25305
17.00000,3.01194,0.62913,0.00029,0.19740,0.17318
17.20000,3.01194,0.43276,0.00042,0.23187,0.33495
17.40000,3.01194,0.67225,0.00227,0.07524,0.25024
17.60000,3.01194,0.66297,0.01220,0.18367,0.14116
17.80000,3.01194,0.52053,0.00243,0.23073,0.24630
18.00000,3.01194,0.50943,0.00000,0.18454,0.30603
18.20000,3.01194,0.58478,0.00035,0.19077,0.22410
18.40000,3.01194,0.57797,0.00003,0.17269,0.24932
18.60000,3.01194,0.46266,0.00041,0.28240,0.25454
18.80000,3.01194,0.37590,0.00006,0.22177,0.40227
19.00000,3.01194,0.34850,0.00003,0.17175,0.47972
19.20000,3.01194,0.30126,0.00000,0.09188,0.60685
19.40000,3.01194,0.34409,0.00002,0.10822,0.54766
19.60000,3.01194,0.36079,0.00001,0.17351,0.46569
