Time (seconds), Duration (seconds),pred_(unlabeled),pred_imbalance,pred_working,pred_impact
0.00000,3.01194,0.43947,0.00004,0.34420,0.21628
0.20000,3.01194,0.83253,0.00000,0.16637,0.00109
0.40000,3.01194,0.98660,0.00000,0.01329,0.00011
0.60000,3.01194,0.76262,0.00000,0.01410,0.22327
0.80000,3.01194,0.17642,0.00000,0.00293,0.82065
1.00000,3.01194,0.70033,0.00013,0.02468,0.27486
1.20000,3.01194,0.97790,0.00001,0.01555,0.00654
1.40000,3.01194,0.99944,0.00000,0.00029,0.00027
1.60000,3.01194,0.95188,0.00000,0.04349,0.00462
1.80000,3.01194,0.89824,0.00031,0.10027,0.00118
2.00000,3.01194,0.94577,0.00005,0.03682,0.01735
2.20000,3.01194,0.81162,0.00191,0.17992,0.00655
2.40000,3.01194,0.68135,0.00033,0.30639,0.01193
2.60000,3.01194,0.89541,0.00868,0.04985,0.04606
2.80000,3.01194,0.92396,0.00000,0.06273,0.01330
3.00000,3.01194,0.64317,0.00019,0.34339,0.01325
3.20000,3.01194,0.88770,0.00035,0.11137,0.00057
3.40000,3.01194,0.95562,0.00000,0.04409,0.00028
3.60000,3.01194,0.99801,0.00000,0.00136,0.00064
3.80000,3.01194,0.06835,0.00000,0.00014,0.93151
4.00000,3.01194,0.10116,0.00000,0.00021,0.89863
4.20000,3.01194,0.93918,0.00000,0.00443,0.05639
4.40000,3.01194,0.99950,0.00009,0.00017,0.00024
4.60000,3.01194,0.99362,0.00000,0.00574,0.00064
4.80000,3.01194,0.91507,0.00000,0.08260,0.00233
5.00000,3.01194,0.63876,0.00876,0.34386,0.00862
5.20000,3.01194,0.92468,0.00027,0.03419,0.04086
5.40000,3.01194,0.94177,0.00948,0.02265,0.02610
5.60000,3.01194,0.60948,0.00102,0.38503,0.00447
5.80000,3.01194,0.59080,0.08221,0.29543,0.03156
6.00000,3.01194,0.75608,0.00172,0.24179,0.00041
6.20000,3.01194,0.97966,0.00000,0.02025,0.00009
6.40000,3.01194,0.99282,0.00001,0.00359,0.00359
6.60000,3.01194,0.03890,0.00000,0.00016,0.96094
6.80000,3.01194,0.39237,0.00000,0.00256,0.60508
7.00000,3.01194,0.98311,0.00052,0.00170,0.01467
7.20000,3.01194,0.99939,0.00001,0.00033,0.00026
7.40000,3.01194,0.96222,0.00000,0.02606,0.01172
7.60000,3.01194,0.95070,0.00033,0.01952,0.02944
7.80000,3.01194,0.96027,0.00001,0.01106,0.02866
8.00000,3.01194,0.65849,0.00306,0.32408,0.01436
8.20000,3.01194,0.93350,0.00489,0.06152,0.00009
8.40000,3.01194,0.92027,0.00000,0.07779,0.00193
8.60000,3.01194,0.97656,0.00015,0.02014,0.00315
8.80000,3.01194,0.04367,0.00000,0.00015,0.95618
9.00000,3.01194,0.35956,0.00001,0.01261,0.62782
9.20000,3.01194,0.86685,0.00130,0.01581,0.11604
9.40000,3.01194,0.99703,0.00289,0.00004,0.00004
9.60000,3.01194,0.97215,0.00000,0.00991,0.01793
9.80000,3.01194,0.90091,0.00024,0.00775,0.09110
10.00000,3.01194,0.86146,0.00000,0.12088,0.01765
10.20000,3.01194,0.62337,0.00034,0.35577,0.02052
10.40000,3.01194,0.94749,0.00002,0.05249,0.00000
10.60000,3.01194,0.98366,0.00013,0.01570,0.00051
10.80000,3.01194,0.94568,0.00001,0.04080,0.01351
11.00000,3.01194,0.06063,0.00000,0.00092,0.93845
11.20000,3.01194,0.58204,0.00001,0.03674,0.38120
11.40000,3.01194,0.94412,0.00071,0.01590,0.03927
11.60000,3.01194,0.99974,0.00005,0.00008,0.00014
11.80000,3.01194,0.93553,0.00014,0.01083,0.05350
12.00000,3.01194,0.89420,0.00000,0.09237,0.01343
12.20000,3.01194,0.91924,0.00803,0.05860,0.01413
12.40000,3.01194,0.45922,0.00068,0.53639,0.00371
12.60000,3.01194,0.96834,0.00014,0.03062,0.00091
12.80000,3.01194,0.87327,0.00037,0.12594,0.00042
13.00000,3.01194,0.18291,0.00001,0.00471,0.81238
13.20000,3.01194,0.41843,0.00000,0.00503,0.57654
13.40000,3.01194,0.84941,0.00008,0.02920,0.12131
13.60000,3.01194,0.99905,0.00019,0.00051,0.00024
13.80000,3.01194,0.99749,0.00000,0.00204,0.00047
14.00000,3.01194,0.88607,0.00000,0.10138,0.01255
14.20000,3.01194,0.75299,0.00226,0.24203,0.00272
14.40000,3.01194,0.47512,0.00105,0.51973,0.00410
14.60000,3.01194,0.97945,0.00142,0.01610,0.00303
14.80000,3.01194,0.93268,0.00167,0.05362,0.01203
15.00000,3.01194,0.70537,0.00009,0.04144,0.25309
15.20000,3.01194,0.41767,0.00000,0.00754,0.57479
15.40000,3.01194,0.92243,0.00000,0.01134,0.06623
15.60000,3.01194,0.99841,0.00000,0.00035,0.00124
15.80000,3.01194,0.99442,0.00000,0.00496,0.00062
16.00000,3.01194,0.85833,0.00006,0.13706,0.00455
16.20000,3.01194,0.33551,0.00826,0.61289,0.04334
16.40000,3.01194,0.94080,0.00033,0.05859,0.00028
16.60000,3.01194,0.99837,0.00000,0.00163,0.00000
16.80000,3.01194,0.99936,0.00000,0.00003,0.00062
17.00000,3.01194,0.14723,0.00000,0.00056,0.85220
17.20000,3.01194,0.66968,0.00000,0.00290,0.32742
17.40000,3.01194,0.95914,0.00000,0.00476,0.03610
17.60000,3.01194,0.99989,0.00001,0.00001,0.00009
17.80000,3.01194,0.99921,0.00000,0.00063,0.00015
18.00000,3.01194,0.98713,0.00000,0.01151,0.00137
18.20000,3.01194,0.24908,0.00009,0.74931,0.00151
18.40000,3.01194,0.96758,0.00000,0.03169,0.00073
18.60000,3.01194,0.98051,0.00000,0.01939,0.00009
18.80000,3.01194,0.53010,0.00068,0.00245,0.46677
19.00000,3.01194,0.34864,0.00000,0.00240,0.64896
19.20000,3.01194,0.95549,0.00000,0.00605,0.03845
19.40000,3.01194,0.99983,0.00000,0.00009,0.00008
19.60000,3.01194,0.99859,0.00000,0.00116,0.00025
19.80000,3.01194,0.69669,0.00000,0.29084,0.01247
20.00000,3.01194,0.62243,0.00016,0.37630,0.00110
20.20000,3.01194,0.99010,0.00000,0.00990,0.00000
20.40000,3.01194,0.99999,0.00000,0.00000,0.00001
20.60000,3.01194,0.65923,0.00000,0.00021,0.34057
20.80000,3.01194,0.19472,0.00000,0.00147,0.80382
21.00000,3.01194,0.94363,0.00000,0.00064,0.05573
21.20000,3.01194,0.99923,0.00000,0.00008,0.00069
21.40000,3.01194,0.99963,0.00000,0.00025,0.00012
21.60000,3.01194,0.74226,0.00000,0.25751,0.00023
21.80000,3.01194,0.46247,0.00000,0.53196,0.00557
22.00000,3.01194,0.62630,0.00001,0.36795,0.00574
22.20000,3.01194,0.53971,0.00004,0.02336,0.43689
22.40000,3.01194,0.60014,0.00016,0.03323,0.36648
22.60000,3.01194,0.85613,0.00001,0.00566,0.13821
22.80000,3.01194,0.99906,0.00000,0.00059,0.00035
23.00000,3.01194,0.99584,0.00000,0.00257,0.00159
23.20000,3.01194,0.47293,0.00580,0.48694,0.03434
23.40000,3.01194,0.29248,0.00000,0.70694,0.00058
23.60000,3.01194,0.60158,0.00000,0.39448,0.00394
23.80000,3.01194,0.78283,0.00022,0.00536,0.21158
24.00000,3.01194,0.13581,0.00012,0.00302,0.86105
24.20000,3.01194,0.86073,0.00011,0.01248,0.12668
24.40000,3.01194,0.99430,0.00000,0.00235,0.00335
24.60000,3.01194,0.99568,0.00000,0.00245,0.00187
24.80000,3.01194,0.55684,0.00299,0.42901,0.01116
25.00000,3.01194,0.43887,0.00000,0.56019,0.00094
25.20000,3.01194,0.94133,0.00000,0.05828,0.00039
25.40000,3.01194,0.97047,0.00098,0.00887,0.01967
25.60000,3.01194,0.18976,0.00068,0.00623,0.80333
25.80000,3.01194,0.82676,0.00000,0.01741,0.15583
26.00000,3.01194,0.99837,0.00002,0.00041,0.00119
26.20000,3.01194,0.99867,0.00000,0.00046,0.00087
26.40000,3.01194,0.93979,0.00002,0.05594,0.00425
26.60000,3.01194,0.18894,0.00009,0.80968,0.00129
26.80000,3.01194,0.97785,0.00000,0.02004,0.00212
27.00000,3.01194,0.96808,0.00018,0.01288,0.01885
27.20000,3.01194,0.03972,0.00017,0.00099,0.95912
27.40000,3.01194,0.47520,0.00000,0.00991,0.51489
27.60000,3.01194,0.95196,0.00000,0.00753,0.04050
27.80000,3.01194,0.99882,0.00000,0.00064,0.00055
28.00000,3.01194,0.70601,0.00557,0.28098,0.00744
28.20000,3.01194,0.16054,0.00005,0.83892,0.00048
28.40000,3.01194,0.98067,0.00002,0.01810,0.00121
28.60000,3.01194,0.96293,0.00045,0.01218,0.02444
28.80000,3.01194,0.13140,0.00460,0.00397,0.86002
29.00000,3.01194,0.86632,0.00009,0.00703,0.12656
29.20000,3.01194,0.99943,0.00000,0.00034,0.00023
29.40000,3.01194,0.99970,0.00000,0.00022,0.00008
29.60000,3.01194,0.50695,0.00017,0.48061,0.01227
29.80000,3.01194,0.66836,0.00190,0.32912,0.00063
30.00000,3.01194,0.99951,0.00000,0.00049,0.00000
30.20000,3.01194,0.99885,0.00000,0.00003,0.00112
30.40000,3.01194,0.10341,0.00002,0.00008,0.89649
30.60000,3.01194,0.29125,0.00000,0.00062,0.70812
30.80000,3.01194,0.99178,0.00000,0.00208,0.00614
31.00000,3.01194,0.93795,0.00002,0.06168,0.00035
31.20000,3.01194,0.06940,0.00000,0.93053,0.00007
31.40000,3.01194,0.70178,0.00003,0.24443,0.05376
31.60000,3.01194,0.31222,0.00176,0.02638,0.65964
31.80000,3.01194,0.50063,0.00055,0.00799,0.49083
32.00000,3.01194,0.99240,0.00000,0.00553,0.00206
32.20000,3.01194,0.99961,0.00000,0.00035,0.00004
32.40000,3.01194,0.37489,0.00001,0.62349,0.00160
32.60000,3.01194,0.49194,0.00004,0.50685,0.00118
32.80000,3.01194,0.99594,0.00007,0.00383,0.00016
33.00000,3.01194,0.31059,0.00002,0.00306,0.68632
33.20000,3.01194,0.12912,0.00003,0.00065,0.87019
33.40000,3.01194,0.99252,0.00000,0.00311,0.00436
33.60000,3.01194,0.99945,0.00000,0.00046,0.00009
33.80000,3.01194,0.69389,0.00020,0.29738,0.00852
34.00000,3.01194,0.16788,0.00001,0.83151,0.00060
34.20000,3.01194,0.97636,0.00007,0.02232,0.00125
34.40000,3.01194,0.82640,0.00009,0.00998,0.16352
34.60000,3.01194,0.18269,0.00000,0.00201,0.81529
34.80000,3.01194,0.93972,0.00077,0.00242,0.05709
35.00000,3.01194,0.99104,0.00000,0.00770,0.00126
35.20000,3.01194,0.95644,0.00017,0.04228,0.00111
35.40000,3.01194,0.06019,0.00000,0.93973,0.00008
35.60000,3.01194,0.87092,0.00000,0.11512,0.01396
35.80000,3.01194,0.91610,0.00012,0.03708,0.04670
36.00000,3.01194,0.11633,0.00003,0.00130,0.88234
36.20000,3.01194,0.35300,0.00010,0.00458,0.64232
36.40000,3.01194,0.99111,0.00000,0.00166,0.00723
36.60000,3.01194,0.99630,0.00000,0.00275,0.00095
36.80000,3.01194,0.69525,0.00016,0.28743,0.01717
37.00000,3.01194,0.18263,0.00009,0.81697,0.00031
37.20000,3.01194,0.99597,0.00000,0.00400,0.00003
37.40000,3.01194,0.98166,0.00001,0.00344,0.01489
37.60000,3.01194,0.03053,0.00002,0.00003,0.96942
37.80000,3.01194,0.96835,0.00000,0.00176,0.02989
38.00000,3.01194,0.99542,0.00000,0.00367,0.00091
38.20000,3.01194,0.89479,0.00004,0.10168,0.00349
38.40000,3.01194,0.20442,0.00000,0.79549,0.00009
38.60000,3.01194,0.23171,0.00000,0.76756,0.00073
38.80000,3.01194,0.96255,0.00001,0.00190,0.03555
39.00000,3.01194,0.05316,0.00000,0.00010,0.94673
39.20000,3.01194,0.97764,0.00000,0.00107,0.02129
39.40000,3.01194,0.99932,0.00000,0.00022,0.00045
39.60000,3.01194,0.26907,0.00053,0.73038,0.00002
39.80000,3.01194,0.35416,0.00000,0.64456,0.00128
40.00000,3.01194,0.86570,0.00007,0.12681,0.00742
40.20000,3.01194,0.46348,0.00003,0.00526,0.53123
40.40000,3.01194,0.36131,0.00000,0.00245,0.63624
40.60000,3.01194,0.99340,0.00000,0.00169,0.00491
40.80000,3.01194,0.99984,0.00000,0.00008,0.00007
41.00000,3.01194,0.90326,0.00006,0.09303,0.00365
41.20000,3.01194,0.17091,0.00028,0.82759,0.00123
41.40000,3.01194,0.95092,0.00000,0.04868,0.00040
41.60000,3.01194,0.90807,0.00001,0.01294,0.07898
41.80000,3.01194,0.10766,0.00002,0.00236,0.88995
42.00000,3.01194,0.84102,0.00564,0.00467,0.14867
42.20000,3.01194,0.99861,0.00000,0.00092,0.00047
42.40000,3.01194,0.99847,0.00000,0.00113,0.00041
42.60000,3.01194,0.21424,0.00037,0.78410,0.00129
42.80000,3.01194,0.38098,0.00000,0.61661,0.00241
43.00000,3.01194,0.99094,0.00000,0.00904,0.00001
43.20000,3.01194,0.89307,0.00056,0.00287,0.10351
43.40000,3.01194,0.16486,0.00003,0.00049,0.83463
43.60000,3.01194,0.98263,0.00000,0.00268,0.01469
43.80000,3.01194,0.99953,0.00000,0.00043,0.00004
44.00000,3.01194,0.96990,0.00000,0.02800,0.00210
44.20000,3.01194,0.17689,0.00000,0.82250,0.00060
44.40000,3.01194,0.88118,0.00000,0.11870,0.00011
44.60000,3.01194,0.99686,0.00000,0.00031,0.00283
44.80000,3.01194,0.17313,0.00000,0.00030,0.82656
45.00000,3.01194,0.11065,0.00001,0.00136,0.88798
45.20000,3.01194,0.97941,0.00000,0.00971,0.01088
45.40000,3.01194,0.97767,0.00000,0.02203,0.00029
45.60000,3.01194,0.14131,0.00000,0.85830,0.00040
45.80000,3.01194,0.44310,0.00007,0.08350,0.47333
46.00000,3.01194,0.10193,0.00000,0.00058,0.89749
46.20000,3.01194,0.95684,0.00000,0.00685,0.03631
46.40000,3.01194,0.95180,0.00005,0.02278,0.02537
46.60000,3.01194,0.93754,0.00007,0.06231,0.00008
46.80000,3.01194,0.01427,0.00000,0.98573,0.00000
47.00000,3.01194,0.95366,0.00001,0.02588,0.02045
47.20000,3.01194,0.15012,0.00001,0.00152,0.84835
47.40000,3.01194,0.31151,0.00003,0.00285,0.68562
47.60000,3.01194,0.99139,0.00000,0.00238,0.00623
47.80000,3.01194,0.99996,0.00001,0.00001,0.00002
48.00000,3.01194,0.23778,0.00000,0.76222,0.00000
48.20000,3.01194,0.39435,0.00000,0.60263,0.00302
48.40000,3.01194,0.92845,0.00003,0.06969,0.00182
48.60000,3.01194,0.21426,0.00000,0.00246,0.78328
48.80000,3.01194,0.38177,0.00000,0.00156,0.61668
49.00000,3.01194,0.98908,0.00002,0.00055,0.01035
49.20000,3.01194,0.99989,0.00000,0.00007,0.00004
49.40000,3.01194,0.94486,0.00004,0.04841,0.00668
49.60000,3.01194,0.08880,0.00001,0.91097,0.00022
49.80000,3.01194,0.98612,0.00000,0.01378,0.00009
50.00000,3.01194,0.95355,0.00004,0.01547,0.03095
50.20000,3.01194,0.02856,0.00000,0.00040,0.97103
50.40000,3.01194,0.65848,0.00013,0.02348,0.31791
50.60000,3.01194,0.99979,0.00000,0.00009,0.00011
50.80000,3.01194,0.99990,0.00000,0.00005,0.00005
51.00000,3.01194,0.89421,0.00003,0.09090,0.01486
51.20000,3.01194,0.11453,0.00016,0.88480,0.00051
51.40000,3.01194,0.99971,0.00000,0.00029,0.00001
51.60000,3.01194,0.99995,0.00000,0.00004,0.00000
51.80000,3.01194,0.99214,0.00000,0.00001,0.00784
52.00000,3.01194,0.05557,0.00000,0.00010,0.94433
52.20000,3.01194,0.93837,0.00000,0.00023,0.06140
52.40000,3.01194,0.99979,0.00000,0.00007,0.00013
52.60000,3.01194,0.99903,0.00000,0.00082,0.00015
52.80000,3.01194,0.02742,0.00000,0.97258,0.00000
53.00000,3.01194,0.25044,0.00000,0.74917,0.00039
53.20000,3.01194,0.99359,0.00001,0.00329,0.00311
53.40000,3.01194,0.06524,0.00000,0.00016,0.93460
53.60000,3.01194,0.92023,0.00000,0.00079,0.07898
53.80000,3.01194,0.99854,0.00000,0.00084,0.00062
54.00000,3.01194,0.99986,0.00000,0.00011,0.00003
54.20000,3.01194,0.02335,0.00000,0.97665,0.00000
54.40000,3.01194,0.30574,0.00000,0.69308,0.00118
54.60000,3.01194,0.99647,0.00000,0.00279,0.00074
54.80000,3.01194,0.08959,0.00000,0.00084,0.90956
55.00000,3.01194,0.48866,0.00000,0.00848,0.50285
55.20000,3.01194,0.99912,0.00000,0.00005,0.00082
55.40000,3.01194,0.99999,0.00000,0.00001,0.00000
55.60000,3.01194,0.97027,0.00000,0.02065,0.00909
55.80000,3.01194,0.20890,0.00267,0.78805,0.00038
56.00000,3.01194,0.99628,0.00000,0.00371,0.00000
56.20000,3.01194,0.99938,0.00000,0.00006,0.00056
56.40000,3.01194,0.57573,0.00000,0.00003,0.42423
56.60000,3.01194,0.09497,0.00000,0.00017,0.90486
56.80000,3.01194,0.99701,0.00000,0.00108,0.00191
57.00000,3.01194,0.99841,0.00000,0.00046,0.00112
57.20000,3.01194,0.79168,0.00001,0.20753,0.00078
57.40000,3.01194,0.22711,0.00000,0.77279,0.00010
57.60000,3.01194,0.83142,0.00001,0.16596,0.00261
57.80000,3.01194,0.59181,0.00009,0.00015,0.40795
58.00000,3.01194,0.04762,0.00000,0.00008,0.95230
58.20000,3.01194,0.99081,0.00002,0.00240,0.00677
58.40000,3.01194,0.99450,0.00000,0.00501,0.00049
58.60000,3.01194,0.82321,0.00000,0.17645,0.00034
58.80000,3.01194,0.03358,0.00000,0.96642,0.00000
59.00000,3.01194,0.99959,0.00000,0.00035,0.00007
59.20000,3.01194,0.99557,0.00000,0.00001,0.00442
59.40000,3.01194,0.10018,0.00000,0.00090,0.89892
59.60000,3.01194,0.81583,0.00000,0.00243,0.18174
59.80000,3.01194,0.99221,0.00000,0.00060,0.00719
60.00000,3.01194,0.93757,0.00000,0.05831,0.00412
60.20000,3.01194,0.05409,0.00000,0.94589,0.00002
60.40000,3.01194,0.87551,0.00000,0.12384,0.00065
60.60000,3.01194,0.66394,0.00000,0.02449,0.31157
60.80000,3.01194,0.29413,0.00002,0.00278,0.70307
61.00000,3.01194,0.98250,0.00000,0.00014,0.01736
61.20000,3.01194,0.99935,0.00000,0.00019,0.00046
61.40000,3.01193,0.99927,0.00000,0.00070,0.00003
61.60000,3.01194,0.53673,0.00007,0.46319,0.00001
61.80000,3.01194,0.35331,0.00001,0.64346,0.00321
62.00000,3.01194,0.99691,0.00000,0.00304,0.00005
62.20000,3.01194,0.29805,0.00000,0.00083,0.70112
62.40000,3.01193,0.18978,0.00000,0.00117,0.80905
62.60000,3.01194,0.97892,0.00000,0.00378,0.01730
62.80000,3.01194,0.99996,0.00000,0.00002,0.00002
63.00000,3.01194,0.99951,0.00000,0.00032,0.00017
63.20000,3.01194,0.74640,0.00004,0.24543,0.00814
63.40000,3.01193,0.14200,0.00004,0.85736,0.00060
63.60000,3.01194,0.99822,0.00000,0.00173,0.00005
63.80000,3.01194,1.00000,0.00000,0.00000,0.00000
64.00000,3.01194,0.88563,0.00004,0.00004,0.11429
64.20000,3.01194,0.04670,0.00000,0.00012,0.95318
64.40000,3.01193,0.75400,0.00000,0.00057,0.24543
64.60000,3.01194,0.99930,0.00000,0.00012,0.00058
64.80000,3.01193,0.84069,0.00006,0.15879,0.00045
65.00000,3.01194,0.03663,0.00000,0.96335,0.00002
65.20000,3.01194,0.89055,0.00000,0.08263,0.02681
65.40000,3.01193,0.07906,0.00001,0.00124,0.91969
65.60000,3.01194,0.87084,0.00000,0.00278,0.12638
65.80000,3.01193,0.99636,0.00000,0.00218,0.00146
66.00000,3.01194,0.99930,0.00000,0.00055,0.00015
66.20000,3.01194,0.33952,0.00003,0.66024,0.00022
66.40000,3.01193,0.23052,0.00000,0.76928,0.00021
66.60000,3.01194,0.99993,0.00000,0.00005,0.00002
66.80000,3.01193,0.11209,0.00000,0.00086,0.88705
67.00000,3.01194,0.05215,0.00000,0.00012,0.94773
67.20000,3.01194,0.98958,0.00000,0.00339,0.00702
67.40000,3.01193,0.99921,0.00000,0.00055,0.00024
67.60000,3.01194,0.92790,0.00000,0.07200,0.00010
67.80000,3.01193,0.18518,0.00000,0.81459,0.00023
68.00000,3.01194,0.99507,0.00000,0.00427,0.00066
68.20000,3.01194,0.99608,0.00000,0.00004,0.00388
68.40000,3.01193,0.14599,0.00000,0.00085,0.85315
68.60000,3.01194,0.80626,0.00001,0.00021,0.19353
68.80000,3.01193,0.99969,0.00000,0.00004,0.00027
69.00000,3.01194,0.99835,0.00000,0.00084,0.00081
69.20000,3.01194,0.19236,0.00008,0.80756,0.00000
69.40000,3.01193,0.42407,0.00000,0.57501,0.00093
69.60000,3.01194,0.97922,0.00000,0.01920,0.00158
69.80000,3.01193,0.08958,0.00000,0.00062,0.90980
70.00000,3.01194,0.35300,0.00000,0.00247,0.64453
70.20000,3.01194,0.99821,0.00000,0.00021,0.00159
70.40000,3.01193,0.99999,0.00000,0.00001,0.00000
70.60000,3.01194,0.98812,0.00000,0.00730,0.00458
70.80000,3.01193,0.25229,0.00009,0.74575,0.00186
71.00000,3.01194,0.97711,0.00000,0.02285,0.00004
71.20000,3.01194,0.99885,0.00000,0.00097,0.00019
71.40000,3.01193,0.99669,0.00000,0.00002,0.00330
71.60000,3.01194,0.03704,0.00000,0.00016,0.96279
71.80000,3.01193,0.98034,0.00000,0.00053,0.01913
72.00000,3.01194,0.99990,0.00000,0.00001,0.00009
72.20000,3.01194,0.99989,0.00000,0.00005,0.00006
72.40000,3.01193,0.99291,0.00000,0.00704,0.00005
72.60000,3.01194,0.40896,0.00001,0.58719,0.00384
72.80000,3.01193,0.73181,0.00000,0.26811,0.00008
73.00000,3.01194,0.99977,0.00000,0.00023,0.00000
73.20000,3.01194,1.00000,0.00000,0.00000,0.00000
73.40000,3.01193,0.24643,0.00001,0.00010,0.75347
73.60000,3.01194,0.34715,0.00001,0.00037,0.65247
73.80000,3.01193,0.99663,0.00000,0.00007,0.00330
74.00000,3.01194,0.99952,0.00000,0.00019,0.00029
74.20000,3.01194,0.96695,0.00004,0.03286,0.00015
74.40000,3.01193,0.25721,0.00000,0.74268,0.00011
74.60000,3.01194,0.26966,0.00000,0.73025,0.00010
74.80000,3.01193,0.87951,0.00000,0.00169,0.11880
75.00000,3.01194,0.04301,0.00000,0.00008,0.95691
75.20000,3.01194,0.95158,0.00000,0.00304,0.04538
75.40000,3.01193,0.99971,0.00000,0.00002,0.00027
75.60000,3.01194,0.99907,0.00000,0.00066,0.00028
75.80000,3.01193,0.98317,0.00000,0.01637,0.00046
76.00000,3.01194,0.09544,0.00054,0.90385,0.00016
76.20000,3.01194,0.98189,0.00000,0.01692,0.00118
76.40000,3.01193,0.99707,0.00000,0.00284,0.00009
76.60000,3.01194,0.12373,0.00000,0.00010,0.87617
76.80000,3.01193,0.22246,0.00000,0.00177,0.77576
77.00000,3.01194,0.98497,0.00000,0.00226,0.01277
77.20000,3.01194,0.99996,0.00000,0.00002,0.00002
77.40000,3.01193,0.99251,0.00000,0.00528,0.00221
77.60000,3.01194,0.44993,0.00002,0.54806,0.00200
77.80000,3.01193,0.98435,0.00000,0.01562,0.00003
78.00000,3.01194,0.99994,0.00001,0.00002,0.00002
78.20000,3.01194,0.99995,0.00000,0.00000,0.00004
78.40000,3.01193,0.98879,0.00038,0.00009,0.01074
78.60000,3.01194,0.95837,0.00022,0.00217,0.03924
78.80000,3.01193,0.79179,0.00000,0.00933,0.19888
79.00000,3.01194,0.37610,0.00000,0.02578,0.59812
79.20000,3.01194,0.87189,0.00023,0.00815,0.11973
79.40000,3.01193,0.72496,0.00007,0.06321,0.21176
79.60000,3.01194,0.49497,0.00001,0.08758,0.41745
79.80000,3.01193,0.38198,0.00002,0.00490,0.61310
80.00000,3.01194,0.90027,0.00000,0.00028,0.09944
80.20000,3.01194,0.99951,0.00000,0.00017,0.00032
80.40000,3.01193,0.99989,0.00000,0.00006,0.00004
80.60000,3.01194,0.99962,0.00000,0.00037,0.00001
80.80000,3.01193,0.94294,0.00001,0.05188,0.00517
81.00000,3.01194,0.05093,0.00005,0.94873,0.00029
81.20000,3.01194,0.99991,0.00000,0.00009,0.00000
81.40000,3.01193,0.99992,0.00000,0.00008,0.00000
81.60000,3.01194,0.97797,0.00000,0.00000,0.02203
81.80000,3.01193,0.08138,0.00000,0.00053,0.91809
82.00000,3.01194,0.87470,0.00000,0.00051,0.12479
82.20000,3.01194,0.99910,0.00000,0.00005,0.00085
82.40000,3.01193,0.99977,0.00000,0.00007,0.00016
82.60000,3.01194,0.99984,0.00000,0.00013,0.00003
82.80000,3.01193,0.97141,0.00000,0.02570,0.00289
83.00000,3.01194,0.09513,0.00005,0.90412,0.00069
83.20000,3.01194,0.99994,0.00000,0.00006,0.00000
83.40000,3.01193,0.99903,0.00000,0.00097,0.00000
83.60000,3.01194,0.99924,0.00000,0.00000,0.00076
83.80000,3.01193,0.05950,0.00000,0.00017,0.94033
84.00000,3.01194,0.72590,0.00000,0.00058,0.27352
84.20000,3.01194,0.99890,0.00000,0.00003,0.00107
84.40000,3.01193,0.99986,0.00000,0.00005,0.00009
84.60000,3.01194,0.99608,0.00000,0.00375,0.00018
84.80000,3.01193,0.45173,0.00000,0.54810,0.00017
85.00000,3.01194,0.59394,0.00034,0.40429,0.00144
85.20000,3.01194,0.99956,0.00000,0.00031,0.00013
85.40000,3.01193,0.99985,0.00000,0.00000,0.00015
85.60000,3.01194,0.99947,0.00000,0.00001,0.00052
85.80000,3.01193,0.21033,0.00000,0.00102,0.78865
86.00000,3.01194,0.43043,0.00000,0.01032,0.55925
86.20000,3.01194,0.80959,0.00000,0.00058,0.18983
86.40000,3.01193,0.99730,0.00000,0.00011,0.00259
86.60000,3.01194,0.99982,0.00000,0.00009,0.00008
86.80000,3.01193,0.99973,0.00000,0.00023,0.00004
87.00000,3.01194,0.96887,0.00001,0.02655,0.00457
87.20000,3.01194,0.23759,0.00014,0.76110,0.00116
87.40000,3.01193,0.96299,0.00000,0.03695,0.00005
87.60000,3.01194,0.99815,0.00000,0.00080,0.00105
87.80000,3.01193,0.99985,0.00000,0.00000,0.00015
88.00000,3.01194,0.98466,0.00002,0.00067,0.01465
88.20000,3.01194,0.27832,0.00000,0.00325,0.71843
88.40000,3.01193,0.33200,0.00000,0.00545,0.66255
88.60000,3.01194,0.83233,0.00000,0.00055,0.16712
88.80000,3.01193,0.99863,0.00000,0.00005,0.00132
89.00000,3.01194,0.99939,0.00000,0.00024,0.00037
89.20000,3.01194,0.99950,0.00000,0.00031,0.00019
89.40000,3.01193,0.88191,0.00001,0.11705,0.00103
89.60000,3.01194,0.21434,0.00000,0.78507,0.00059
89.80000,3.01193,0.94297,0.00000,0.05632,0.00071
90.00000,3.01194,0.99956,0.00000,0.00011,0.00032
90.20000,3.01194,0.99983,0.00000,0.00003,0.00014
90.40000,3.01193,0.18520,0.00000,0.00023,0.81457
90.60000,3.01194,0.17532,0.00000,0.00199,0.82269
90.80000,3.01193,0.66936,0.00000,0.00048,0.33016
91.00000,3.01194,0.99461,0.00000,0.00017,0.00522
91.20000,3.01194,0.99937,0.00000,0.00006,0.00057
91.40000,3.01193,0.99975,0.00000,0.00015,0.00010
91.60000,3.01194,0.99595,0.00000,0.00401,0.00004
91.80000,3.01193,0.67158,0.00021,0.30814,0.02006
92.00000,3.01194,0.44091,0.00002,0.55900,0.00006
92.20000,3.01194,0.99992,0.00000,0.00007,0.00000
92.40000,3.01193,1.00000,0.00000,0.00000,0.00000
92.60000,3.01194,0.97007,0.00001,0.00001,0.02991
92.80000,3.01193,0.66721,0.00000,0.00075,0.33204
93.00000,3.01194,0.74380,0.00000,0.00743,0.24877
93.20000,3.01194,0.44218,0.00000,0.00328,0.55454
93.40000,3.01193,0.46963,0.00000,0.01524,0.51513
93.60000,3.01194,0.97693,0.00000,0.00030,0.02278
93.80000,3.01193,0.99476,0.00000,0.00076,0.00448
94.00000,3.01194,0.99718,0.00000,0.00127,0.00156
94.20000,3.01194,0.99876,0.00000,0.00115,0.00009
94.40000,3.01193,0.99462,0.00000,0.00508,0.00029
94.60000,3.01194,0.63249,0.00103,0.35739,0.00909
94.80000,3.01193,0.32683,0.00000,0.67303,0.00014
95.00000,3.01194,0.99664,0.00000,0.00323,0.00013
95.20000,3.01194,1.00000,0.00000,0.00000,0.00000
95.40000,3.01193,0.99229,0.00000,0.00007,0.00764
95.60000,3.01194,0.15696,0.00000,0.00043,0.84261
95.80000,3.01193,0.17289,0.00000,0.00273,0.82438
96.00000,3.01194,0.93481,0.00000,0.00019,0.06501
96.20000,3.01194,0.99656,0.00000,0.00030,0.00314
96.40000,3.01193,0.99953,0.00000,0.00010,0.00037
96.60000,3.01194,0.99918,0.00000,0.00070,0.00012
96.80000,3.01193,0.98326,0.00000,0.01599,0.00075
97.00000,3.01194,0.31747,0.02683,0.64993,0.00577
97.20000,3.01194,0.85990,0.00000,0.14000,0.00010
97.40000,3.01193,0.99778,0.00000,0.00221,0.00001
97.60000,3.01194,0.99892,0.00000,0.00000,0.00107
97.80000,3.01193,0.03138,0.00000,0.00013,0.96848
98.00000,3.01194,0.74874,0.00000,0.00587,0.24539
98.20000,3.01194,0.99867,0.00000,0.00021,0.00112
98.40000,3.01193,0.99994,0.00000,0.00005,0.00001
98.60000,3.01194,0.97929,0.00000,0.02066,0.00005
98.80000,3.01193,0.15711,0.00002,0.84256,0.00031
99.00000,3.01194,0.99478,0.00001,0.00495,0.00026
99.20000,3.01194,0.99928,0.00000,0.00070,0.00002
99.40000,3.01193,0.99998,0.00000,0.00000,0.00002
99.60000,3.01194,0.85629,0.00000,0.00021,0.14350
99.80000,3.01193,0.31107,0.00000,0.01226,0.67667
100.00000,3.01194,0.75570,0.00000,0.00163,0.24267
100.20000,3.01194,0.97349,0.00000,0.00025,0.02625
100.40000,3.01193,0.99783,0.00000,0.00020,0.00197
100.60000,3.01194,0.99797,0.00000,0.00044,0.00160
100.80000,3.01193,0.98685,0.00000,0.01287,0.00028
101.00000,3.01194,0.59052,0.00001,0.40840,0.00107
101.20000,3.01194,0.19950,0.00000,0.79936,0.00113
101.40000,3.01193,0.99958,0.00000,0.00041,0.00002
101.60000,3.01194,0.99997,0.00000,0.00000,0.00002
101.80000,3.01193,0.90034,0.00000,0.00002,0.09964
102.00000,3.01194,0.15672,0.00000,0.00127,0.84201
102.20000,3.01194,0.51393,0.00000,0.00073,0.48534
102.40000,3.01193,0.99252,0.00000,0.00004,0.00744
102.60000,3.01194,0.99906,0.00000,0.00036,0.00057
102.80000,3.01193,0.99988,0.00000,0.00003,0.00009
103.00000,3.01194,0.99886,0.00000,0.00093,0.00022
103.20000,3.01194,0.89762,0.00002,0.09664,0.00572
103.40000,3.01193,0.25131,0.00004,0.74698,0.00167
103.60000,3.01194,0.99696,0.00000,0.00299,0.00005
103.80000,3.01193,0.99993,0.00000,0.00005,0.00002
104.00000,3.01194,0.98314,0.00004,0.00005,0.01678
104.20000,3.01194,0.03716,0.00000,0.00008,0.96275
104.40000,3.01193,0.92684,0.00000,0.00350,0.06966
104.60000,3.01194,0.99929,0.00000,0.00009,0.00062
104.80000,3.01193,0.99986,0.00000,0.00011,0.00003
105.00000,3.01194,0.99129,0.00000,0.00843,0.00028
105.20000,3.01194,0.34854,0.00043,0.62707,0.02396
105.40000,3.01193,0.92307,0.00002,0.07410,0.00281
105.60000,3.01194,0.99146,0.00000,0.00854,0.00000
105.80000,3.01193,0.99997,0.00000,0.00000,0.00003
106.00000,3.01194,0.57568,0.00000,0.00021,0.42411
106.20000,3.01194,0.11012,0.00000,0.00059,0.88929
106.40000,3.01193,0.99554,0.00000,0.00010,0.00435
106.60000,3.01194,0.99971,0.00000,0.00005,0.00024
106.80000,3.01193,0.99707,0.00000,0.00236,0.00057
107.00000,3.01194,0.93942,0.00000,0.05799,0.00259
107.20000,3.01194,0.07677,0.00000,0.92320,0.00002
107.40000,3.01193,0.95982,0.00000,0.03996,0.00021
107.60000,3.01194,0.99955,0.00000,0.00010,0.00035
107.80000,3.01193,0.09181,0.00001,0.00128,0.90691
108.00000,3.01194,0.30512,0.00002,0.00558,0.68928
108.20000,3.01194,0.99176,0.00000,0.00202,0.00622
108.40000,3.01193,0.99992,0.00000,0.00002,0.00006
108.60000,3.01194,0.99795,0.00000,0.00167,0.00038
108.80000,3.01193,0.95852,0.00000,0.03755,0.00393
109.00000,3.01194,0.36622,0.00070,0.58097,0.05210
109.20000,3.01194,0.99157,0.00000,0.00816,0.00027
109.40000,3.01193,0.99606,0.00000,0.00394,0.00000
109.60000,3.01194,0.99944,0.00000,0.00000,0.00056
109.80000,3.01193,0.70870,0.00000,0.00033,0.29097
110.00000,3.01194,0.14441,0.00000,0.00088,0.85471
110.20000,3.01194,0.98677,0.00000,0.00042,0.01281
110.40000,3.01193,0.99988,0.00000,0.00003,0.00009
110.60000,3.01194,0.99950,0.00000,0.00038,0.00012
110.80000,3.01193,0.99498,0.00000,0.00473,0.00029
111.00000,3.01194,0.57824,0.00004,0.40367,0.01806
111.20000,3.01194,0.44138,0.00001,0.55632,0.00229
111.40000,3.01193,0.99799,0.00000,0.00200,0.00001
111.60000,3.01194,0.99997,0.00000,0.00000,0.00002
111.80000,3.01193,0.37288,0.00000,0.00021,0.62691
112.00000,3.01194,0.07710,0.00000,0.00035,0.92254
112.20000,3.01194,0.94447,0.00000,0.00046,0.05508
112.40000,3.01193,0.99980,0.00000,0.00005,0.00015
112.60000,3.01194,0.99967,0.00000,0.00012,0.00021
112.80000,3.01193,0.99699,0.00000,0.00285,0.00015
113.00000,3.01194,0.60695,0.00002,0.39179,0.00124
113.20000,3.01194,0.32073,0.00000,0.67867,0.00059
113.40000,3.01193,0.99878,0.00000,0.00121,0.00001
113.60000,3.01194,0.99999,0.00000,0.00000,0.00001
113.80000,3.01193,0.98905,0.00000,0.00003,0.01092
114.00000,3.01194,0.41777,0.00000,0.00032,0.58191
114.20000,3.01194,0.21331,0.00000,0.00076,0.78593
114.40000,3.01193,0.99835,0.00000,0.00005,0.00160
114.60000,3.01194,0.99610,0.00000,0.00264,0.00126
114.80000,3.01193,0.86456,0.00000,0.13436,0.00107
115.00000,3.01194,0.30893,0.00000,0.69065,0.00042
115.20000,3.01194,0.98787,0.00001,0.01155,0.00057
115.40000,3.01193,0.84906,0.00000,0.00426,0.14669
115.60000,3.01194,0.20831,0.00000,0.00522,0.78646
115.80000,3.01193,0.86253,0.00000,0.00162,0.13585
116.00000,3.01194,0.99882,0.00000,0.00003,0.00115
116.20000,3.01194,0.99655,0.00000,0.00275,0.00070
116.40000,3.01193,0.99188,0.00000,0.00775,0.00037
116.60000,3.01194,0.89202,0.00000,0.10793,0.00005
116.80000,3.01193,0.54723,0.00012,0.45197,0.00067
117.00000,3.01194,0.98964,0.00000,0.01010,0.00025
117.20000,3.01194,0.99990,0.00000,0.00006,0.00005
117.40000,3.01193,0.99304,0.00000,0.00022,0.00674
117.60000,3.01194,0.97628,0.00003,0.00121,0.02248
117.80000,3.01193,0.78238,0.00000,0.00911,0.20851
118.00000,3.01194,0.47435,0.00000,0.04614,0.47951
118.20000,3.01194,0.64433,0.00000,0.05071,0.30496
118.40000,3.01193,0.48392,0.00005,0.07322,0.44281
118.60000,3.01194,0.57576,0.00001,0.08589,0.33834
118.80000,3.01193,0.90346,0.00001,0.07566,0.02087
119.00000,3.01194,0.78622,0.00001,0.15297,0.06080
119.20000,3.01194,0.75990,0.00000,0.05057,0.18954
119.40000,3.01193,0.90206,0.00000,0.00898,0.08895
119.60000,3.01194,0.98438,0.00000,0.00089,0.01473
119.80000,3.01193,0.99630,0.00000,0.00308,0.00062
120.00000,3.01194,0.99911,0.00000,0.00047,0.00043
120.20000,3.01194,0.99888,0.00000,0.00102,0.00010
120.40000,3.01193,0.98943,0.00000,0.00824,0.00233
120.60000,3.01194,0.40376,0.00228,0.58991,0.00405
120.80000,3.01193,0.97491,0.00000,0.02505,0.00004
121.00000,3.01194,0.99997,0.00000,0.00003,0.00000
121.20000,3.01194,1.00000,0.00000,0.00000,0.00000
121.40000,3.01193,0.99919,0.00007,0.00001,0.00073
121.60000,3.01194,0.99638,0.00000,0.00021,0.00341
121.80000,3.01193,0.89390,0.00000,0.00148,0.10462
122.00000,3.01194,0.72158,0.00000,0.00438,0.27404
122.20000,3.01194,0.41309,0.00000,0.03940,0.54752
122.40000,3.01193,0.59853,0.00000,0.09434,0.30713
122.60000,3.01194,0.44072,0.00000,0.02871,0.53057
122.80000,3.01193,0.66832,0.00001,0.01820,0.31347
123.00000,3.01194,0.92141,0.00000,0.00198,0.07661
123.20000,3.01194,0.99912,0.00000,0.00008,0.00080
123.40000,3.01193,0.99846,0.00000,0.00085,0.00069
123.60000,3.01194,0.99693,0.00000,0.00302,0.00005
123.80000,3.01193,0.38642,0.00000,0.61351,0.00007
124.00000,3.01194,0.94004,0.00000,0.05992,0.00004
124.20000,3.01194,0.99975,0.00000,0.00024,0.00001
124.40000,3.01193,0.99983,0.00000,0.00001,0.00016
124.60000,3.01194,0.97523,0.00000,0.00030,0.02447
124.80000,3.01193,0.35721,0.00000,0.00111,0.64168
125.00000,3.01193,0.29319,0.00000,0.00700,0.69981
125.20000,3.01195,0.89769,0.00000,0.00060,0.10171
125.40000,3.01194,0.99724,0.00000,0.00006,0.00270
125.60000,3.01194,0.99933,0.00000,0.00021,0.00045
125.80000,3.01193,0.99926,0.00000,0.00046,0.00028
126.00000,3.01193,0.99736,0.00000,0.00251,0.00012
126.20000,3.01195,0.84011,0.00000,0.15977,0.00011
126.40000,3.01194,0.35444,0.00018,0.61859,0.02679
126.60000,3.01194,0.99804,0.00000,0.00190,0.00006
126.80000,3.01193,0.99996,0.00000,0.00004,0.00000
127.00000,3.01193,0.97015,0.00000,0.00002,0.02984
127.20000,3.01195,0.65616,0.00000,0.00011,0.34373
127.40000,3.01194,0.11532,0.00000,0.00099,0.88368
127.60000,3.01194,0.97051,0.00000,0.00029,0.02921
127.80000,3.01193,0.99930,0.00000,0.00011,0.00059
128.00000,3.01193,0.99933,0.00000,0.00055,0.00011
128.20000,3.01195,0.99595,0.00000,0.00218,0.00187
128.39999,3.01195,0.97335,0.00001,0.01078,0.01586
128.60001,3.01193,0.54807,0.00034,0.45130,0.00030
128.80000,3.01193,0.86180,0.00026,0.13349,0.00445
129.00000,3.01193,0.99905,0.00001,0.00094,0.00001
129.20000,3.01195,0.99885,0.00091,0.00020,0.00003
129.39999,3.01195,0.99995,0.00000,0.00001,0.00004
129.60001,3.01193,0.99441,0.00000,0.00002,0.00557
129.80000,3.01193,0.10525,0.00000,0.00016,0.89459
130.00000,3.01193,0.21502,0.00000,0.00522,0.77976
130.20000,3.01195,0.90473,0.00000,0.00049,0.09478
130.39999,3.01195,0.98040,0.00000,0.00041,0.01919
130.60001,3.01193,0.99794,0.00000,0.00049,0.00156
130.80000,3.01193,0.99741,0.00000,0.00165,0.00094
131.00000,3.01193,0.99719,0.00000,0.00240,0.00041
131.20000,3.01195,0.92152,0.00003,0.07729,0.00116
131.39999,3.01195,0.44398,0.00004,0.54947,0.00651
131.60001,3.01193,0.98026,0.00002,0.01951,0.00021
131.80000,3.01193,0.99963,0.00000,0.00037,0.00000
132.00000,3.01193,0.99989,0.00010,0.00000,0.00001
132.20000,3.01195,0.99326,0.00000,0.00004,0.00670
132.39999,3.01195,0.30749,0.00000,0.00214,0.69037
132.60001,3.01193,0.31294,0.00000,0.01331,0.67375
132.80000,3.01193,0.68032,0.00000,0.00237,0.31731
133.00000,3.01193,0.94516,0.00000,0.00079,0.05404
133.20000,3.01195,0.99399,0.00000,0.00026,0.00575
133.39999,3.01195,0.99831,0.00000,0.00111,0.00058
133.60001,3.01193,0.99732,0.00000,0.00143,0.00125
133.80000,3.01193,0.98440,0.00000,0.01503,0.00057
134.00000,3.01193,0.52755,0.00002,0.47230,0.00012
134.20000,3.01195,0.23198,0.00001,0.76672,0.00129
134.39999,3.01195,0.98387,0.00001,0.01601,0.00012
134.60001,3.01193,0.99987,0.00000,0.00013,0.00000
134.80000,3.01193,0.99984,0.00000,0.00000,0.00016
135.00000,3.01193,0.70214,0.00000,0.00034,0.29752
135.20000,3.01195,0.21018,0.00000,0.00287,0.78695
135.39999,3.01195,0.88374,0.00000,0.00017,0.11608
135.60001,3.01193,0.99975,0.00000,0.00005,0.00020
135.80000,3.01193,0.99958,0.00000,0.00014,0.00028
136.00000,3.01193,0.99717,0.00000,0.00255,0.00028
136.20000,3.01195,0.88490,0.00000,0.11473,0.00037
136.39999,3.01195,0.52254,0.00001,0.47705,0.00040
136.60001,3.01193,0.99706,0.00000,0.00283,0.00011
136.80000,3.01193,0.99998,0.00000,0.00000,0.00002
137.00000,3.01193,0.99989,0.00000,0.00001,0.00010
137.20000,3.01195,0.25927,0.00000,0.00016,0.74057
137.39999,3.01195,0.10538,0.00000,0.00079,0.89382
137.60001,3.01193,0.93124,0.00000,0.00005,0.06871
137.80000,3.01193,0.99897,0.00000,0.00017,0.00086
138.00000,3.01193,0.99839,0.00000,0.00064,0.00097
138.20000,3.01195,0.99877,0.00000,0.00105,0.00018
138.39999,3.01195,0.99256,0.00000,0.00653,0.00091
138.60001,3.01193,0.94023,0.00003,0.04910,0.01065
138.80000,3.01193,0.54861,0.00002,0.45077,0.00061
139.00000,3.01193,0.97542,0.00025,0.02411,0.00021
139.20000,3.01195,0.99936,0.00001,0.00062,0.00001
139.39999,3.01195,0.99997,0.00001,0.00002,0.00001
139.60001,3.01193,0.99995,0.00000,0.00000,0.00005
139.80000,3.01193,0.86265,0.00000,0.00029,0.13706
140.00000,3.01193,0.10615,0.00000,0.00049,0.89337
140.20000,3.01195,0.75270,0.00000,0.00008,0.24722
140.39999,3.01195,0.99287,0.00000,0.00015,0.00698
140.60001,3.01193,0.99958,0.00000,0.00018,0.00024
140.80000,3.01193,0.99970,0.00000,0.00008,0.00022
141.00000,3.01193,0.99621,0.00000,0.00338,0.00041
141.20000,3.01195,0.55316,0.00009,0.44663,0.00012
141.39999,3.01195,0.82628,0.00007,0.17315,0.00049
141.60001,3.01193,0.99551,0.00000,0.00447,0.00002
141.80000,3.01193,0.99998,0.00000,0.00002,0.00000
142.00000,3.01193,0.99990,0.00000,0.00000,0.00010
142.20000,3.01195,0.55705,0.00000,0.00010,0.44285
142.39999,3.01195,0.16260,0.00000,0.00191,0.83549
142.60001,3.01193,0.86847,0.00000,0.00020,0.13133
142.80000,3.01193,0.99618,0.00000,0.00019,0.00362
143.00000,3.01193,0.99889,0.00000,0.00037,0.00074
143.20000,3.01195,0.99771,0.00000,0.00106,0.00123
143.39999,3.01195,0.98475,0.00000,0.01479,0.00045
143.60001,3.01193,0.53142,0.00040,0.46461,0.00357
143.80000,3.01193,0.53597,0.00001,0.46130,0.00272
144.00000,3.01193,0.93630,0.00002,0.06286,0.00081
144.20000,3.01195,0.99996,0.00000,0.00004,0.00001
144.39999,3.01195,0.99958,0.00000,0.00003,0.00039
144.60001,3.01193,0.74320,0.00000,0.00069,0.25611
144.80000,3.01193,0.12023,0.00000,0.00134,0.87843
145.00000,3.01193,0.86132,0.00000,0.00013,0.13855
145.20000,3.01195,0.99926,0.00000,0.00011,0.00063
145.39999,3.01195,0.99988,0.00000,0.00004,0.00008
145.60001,3.01193,0.99537,0.00000,0.00438,0.00025
145.80000,3.01193,0.74105,0.00001,0.25872,0.00021
146.00000,3.01193,0.40513,0.00048,0.58692,0.00748
146.20000,3.01195,0.98139,0.00000,0.01845,0.00016
146.39999,3.01195,0.99993,0.00000,0.00006,0.00001
146.60001,3.01193,0.99937,0.00000,0.00000,0.00062
146.80000,3.01193,0.64603,0.00000,0.00061,0.35336
147.00000,3.01193,0.19216,0.00000,0.00345,0.80439
147.20000,3.01195,0.88794,0.00000,0.00022,0.11183
147.39999,3.01195,0.99563,0.00000,0.00012,0.00425
147.60001,3.01193,0.99957,0.00000,0.00005,0.00038
147.80000,3.01193,0.99864,0.00000,0.00097,0.00039
148.00000,3.01193,0.97078,0.00000,0.02916,0.00007
148.20000,3.01195,0.36268,0.00001,0.63626,0.00105
148.39999,3.01195,0.97178,0.00000,0.02811,0.00011
148.60001,3.01193,0.99944,0.00000,0.00056,0.00000
148.80000,3.01193,0.99997,0.00000,0.00000,0.00003
149.00000,3.01193,0.99433,0.00000,0.00007,0.00560
149.20000,3.01195,0.14174,0.00000,0.00022,0.85804
149.39999,3.01195,0.26783,0.00000,0.01027,0.72190
149.60001,3.01193,0.96881,0.00000,0.00016,0.03104
149.80000,3.01193,0.99855,0.00000,0.00023,0.00122
150.00000,3.01193,0.99922,0.00000,0.00031,0.00046
150.20000,3.01195,0.99737,0.00000,0.00242,0.00021
150.39999,3.01195,0.98532,0.00000,0.01443,0.00025
150.60001,3.01193,0.69508,0.00024,0.30018,0.00450
150.80000,3.01193,0.64977,0.00000,0.35015,0.00008
151.00000,3.01193,0.99944,0.00000,0.00056,0.00000
151.20000,3.01195,1.00000,0.00000,0.00000,0.00000
151.39999,3.01195,0.99784,0.00000,0.00011,0.00204
151.60001,3.01193,0.96920,0.00000,0.00044,0.03036
151.80000,3.01193,0.37524,0.00000,0.00728,0.61747
152.00000,3.01193,0.75607,0.00000,0.00088,0.24304
152.20000,3.01195,0.97981,0.00000,0.00043,0.01976
152.39999,3.01195,0.99209,0.00000,0.00115,0.00676
152.60001,3.01193,0.98936,0.00001,0.01059,0.00004
152.80000,3.01193,0.10844,0.00000,0.89154,0.00003
153.00000,3.01193,0.93361,0.00000,0.05976,0.00663
153.20000,3.01195,0.38086,0.00000,0.00766,0.61148
153.39999,3.01195,0.08660,0.00000,0.00054,0.91286
153.60001,3.01193,0.98439,0.00000,0.00229,0.01331
153.80000,3.01193,0.99987,0.00000,0.00001,0.00011
154.00000,3.01193,0.99714,0.00000,0.00254,0.00031
154.20000,3.01195,0.95381,0.00010,0.04522,0.00088
154.39999,3.01195,0.09063,0.00028,0.90889,0.00020
154.60001,3.01193,0.95986,0.00000,0.03923,0.00091
154.80000,3.01193,0.89115,0.00001,0.10406,0.00477
155.00000,3.01193,0.07494,0.00001,0.00025,0.92480
155.20000,3.01195,0.37725,0.00004,0.00788,0.61483
155.39999,3.01195,0.98910,0.00000,0.00108,0.00982
155.60001,3.01193,0.99993,0.00000,0.00005,0.00001
155.80000,3.01193,0.84859,0.00020,0.14240,0.00881
156.00000,3.01193,0.04794,0.00000,0.95202,0.00003
156.20000,3.01195,0.98983,0.00000,0.01011,0.00007
156.39999,3.01195,0.99991,0.00000,0.00008,0.00000
156.60001,3.01193,0.93421,0.00009,0.00001,0.06568
156.80000,3.01193,0.04918,0.00000,0.00021,0.95061
157.00000,3.01193,0.93394,0.00000,0.00080,0.06526
157.20000,3.01195,0.99787,0.00000,0.00083,0.00130
157.39999,3.01195,0.90534,0.00000,0.09401,0.00064
157.60001,3.01193,0.05864,0.00000,0.94133,0.00003
157.80000,3.01193,0.95925,0.00004,0.03151,0.00921
158.00000,3.01193,0.14189,0.00000,0.00358,0.85453
158.20000,3.01195,0.50981,0.00000,0.00118,0.48901
158.39999,3.01195,0.99273,0.00001,0.00527,0.00199
158.60001,3.01193,0.94304,0.00000,0.05527,0.00169
158.80000,3.01193,0.02249,0.00000,0.97748,0.00003
159.00000,3.01193,0.54126,0.00003,0.04373,0.41498
159.20000,3.01195,0.16817,0.00000,0.00656,0.82526
159.39999,3.01195,0.83282,0.00027,0.01859,0.14832
159.60001,3.01193,0.99558,0.00001,0.00142,0.00299
159.80000,3.01193,0.99811,0.00000,0.00076,0.00113
160.00000,3.01193,0.87656,0.00000,0.11749,0.00594
160.20000,3.01195,0.35421,0.00014,0.64151,0.00414
160.39999,3.01195,0.76854,0.00001,0.18276,0.04869
160.60001,3.01193,0.99550,0.00000,0.00443,0.00007
160.80000,3.01193,0.99965,0.00000,0.00015,0.00020
161.00000,3.01193,0.96436,0.00012,0.00070,0.03482
161.20000,3.01195,0.11863,0.00000,0.00134,0.88003
161.39999,3.01195,0.83946,0.00000,0.00521,0.15534
161.60001,3.01193,0.95339,0.00000,0.03732,0.00929
161.80000,3.01193,0.61347,0.00003,0.38576,0.00074
162.00000,3.01193,0.36387,0.00000,0.63485,0.00127
162.20000,3.01195,0.87481,0.00000,0.05011,0.07508
162.39999,3.01195,0.15189,0.00000,0.00221,0.84590
162.60001,3.01193,0.89411,0.00000,0.00046,0.10544
162.80000,3.01193,0.99852,0.00000,0.00013,0.00135
163.00000,3.01193,0.99687,0.00000,0.00240,0.00073
163.20000,3.01195,0.03528,0.00000,0.96471,0.00000
163.39999,3.01195,0.21021,0.00000,0.78966,0.00012
163.60001,3.01193,0.89201,0.00000,0.01149,0.09649
163.80000,3.01193,0.05206,0.00000,0.00021,0.94773
164.00000,3.01193,0.82911,0.00000,0.01346,0.15743
164.20000,3.01195,0.99905,0.00001,0.00021,0.00073
164.39999,3.01195,0.99997,0.00000,0.00002,0.00001
164.60001,3.01193,0.97098,0.00000,0.02690,0.00212
164.80000,3.01193,0.19149,0.00031,0.80689,0.00131
165.00000,3.01193,0.99308,0.00000,0.00673,0.00019
165.20000,3.01195,0.99996,0.00000,0.00004,0.00000
165.39999,3.01195,0.99969,0.00002,0.00000,0.00029
165.60001,3.01193,0.07211,0.00000,0.00004,0.92785
165.80000,3.01193,0.50951,0.00000,0.00313,0.48736
166.00000,3.01193,0.92036,0.00000,0.00293,0.07671
166.20000,3.01195,0.91778,0.00001,0.06907,0.01315
166.39999,3.01195,0.01678,0.00000,0.98321,0.00001
166.60001,3.01193,0.94324,0.00001,0.04254,0.01421
166.80000,3.01193,0.33264,0.00001,0.00632,0.66103
167.00000,3.01193,0.44287,0.00000,0.00036,0.55677
167.20000,3.01195,0.97961,0.00000,0.01094,0.00945
167.39999,3.01195,0.96131,0.00000,0.03734,0.00135
167.60001,3.01193,0.13203,0.00000,0.86796,0.00001
167.80000,3.01193,0.46920,0.00000,0.53017,0.00063
168.00000,3.01193,0.83348,0.00000,0.02407,0.14245
168.20000,3.01195,0.08794,0.00001,0.00038,0.91167
168.39999,3.01195,0.64895,0.00000,0.00023,0.35082
168.60001,3.01193,0.99918,0.00000,0.00034,0.00048
168.80000,3.01193,0.97029,0.00000,0.02832,0.00138
169.00000,3.01193,0.20434,0.00000,0.79565,0.00001
169.20000,3.01195,0.27111,0.00000,0.72874,0.00015
169.39999,3.01195,0.41114,0.00001,0.00896,0.57989
169.60001,3.01193,0.04535,0.00000,0.00008,0.95458
169.80000,3.01193,0.92397,0.00000,0.00366,0.07237
170.00000,3.01193,0.99627,0.00000,0.00071,0.00302
170.20000,3.01195,0.79286,0.00000,0.20685,0.00029
170.39999,3.01195,0.01283,0.00000,0.98717,0.00000
170.60001,3.01193,0.71355,0.00004,0.12086,0.16555
170.80000,3.01193,0.05957,0.00001,0.00036,0.94006
171.00000,3.01193,0.90240,0.00000,0.00454,0.09306
171.20000,3.01195,0.97359,0.00000,0.01652,0.00990
171.39999,3.01195,0.99524,0.00000,0.00474,0.00003
171.60001,3.01193,0.39470,0.00001,0.60413,0.00116
171.80000,3.01193,0.85301,0.00090,0.07612,0.06996
172.00000,3.01193,0.82778,0.00000,0.00025,0.17197
172.20000,3.01195,0.33383,0.00000,0.00855,0.65762
172.39999,3.01195,0.80129,0.00037,0.07403,0.12431
172.60001,3.01193,0.97868,0.00011,0.01682,0.00440
172.80000,3.01193,0.09876,0.00000,0.90098,0.00026
173.00000,3.01193,0.71535,0.00000,0.07441,0.21024
173.20000,3.01195,0.09668,0.00000,0.00099,0.90233
173.39999,3.01195,0.78354,0.00000,0.00182,0.21465
173.60001,3.01193,0.98797,0.00000,0.00397,0.00806
173.80000,3.01193,0.92286,0.00026,0.07504,0.00184
174.00000,3.01193,0.01437,0.00000,0.98563,0.00000
174.20000,3.01195,0.68067,0.00000,0.29527,0.02407
174.39999,3.01195,0.15787,0.00016,0.00343,0.83854
174.60001,3.01193,0.19572,0.00000,0.00012,0.80417
174.80000,3.01193,0.99441,0.00001,0.00393,0.00165
175.00000,3.01193,0.99958,0.00002,0.00036,0.00004
175.20000,3.01195,0.82053,0.00000,0.17934,0.00013
175.39999,3.01195,0.06714,0.00000,0.93285,0.00001
175.60001,3.01193,0.99991,0.00001,0.00006,0.00002
175.80000,3.01193,0.94248,0.00000,0.00009,0.05743
176.00000,3.01193,0.08831,0.00000,0.00141,0.91029
176.20000,3.01195,0.73148,0.00000,0.00029,0.26822
176.39999,3.01195,0.99842,0.00000,0.00072,0.00086
176.60001,3.01193,0.82650,0.00000,0.17317,0.00033
176.80000,3.01193,0.02442,0.00000,0.97557,0.00001
177.00000,3.01193,0.72306,0.00000,0.13412,0.14282
177.20000,3.01195,0.05558,0.00021,0.00033,0.94389
177.39999,3.01195,0.96877,0.00006,0.00543,0.02575
177.60001,3.01193,0.99771,0.00002,0.00175,0.00053
177.80000,3.01193,0.99369,0.00000,0.00592,0.00038
178.00000,3.01193,0.43828,0.00000,0.56039,0.00133
178.20000,3.01195,0.64298,0.00001,0.35446,0.00255
178.39999,3.01195,0.99805,0.00191,0.00000,0.00003
178.60001,3.01193,0.51467,0.00000,0.00078,0.48455
178.80000,3.01193,0.12545,0.00036,0.01715,0.85703
179.00000,3.01193,0.93174,0.00074,0.06028,0.00724
179.20000,3.01195,0.68531,0.00000,0.29474,0.01995
179.39999,3.01195,0.29914,0.00000,0.65789,0.04296
179.60001,3.01193,0.10943,0.00001,0.00334,0.88721
179.80000,3.01193,0.22278,0.00004,0.00289,0.77428
180.00000,3.01193,0.99571,0.00000,0.00180,0.00249
180.20000,3.01195,0.99815,0.00000,0.00045,0.00140
180.39999,3.01195,0.65611,0.00002,0.34221,0.00167
180.60001,3.01193,0.09890,0.00000,0.90107,0.00003
180.80000,3.01193,0.96056,0.00002,0.03721,0.00221
181.00000,3.01193,0.97199,0.00000,0.00032,0.02769
181.20000,3.01195,0.09174,0.00000,0.00055,0.90771
181.39999,3.01195,0.87314,0.00000,0.06670,0.06017
181.60001,3.01193,0.06841,0.00000,0.93080,0.00078
181.80000,3.01193,0.52880,0.00001,0.13885,0.33234
182.00000,3.01193,0.72089,0.00000,0.00160,0.27751
182.20000,3.01195,0.89402,0.00000,0.00570,0.10027
182.39999,3.01195,0.92830,0.00017,0.02274,0.04879
182.60001,3.01193,0.98896,0.00000,0.01073,0.00032
182.80000,3.01193,0.68761,0.00000,0.31215,0.00024
