Time (seconds), Duration (seconds),pred_(unlabeled),pred_imbalance,pred_working,pred_impact
0.00000,3.01194,0.45304,0.00000,0.12376,0.42320
0.20000,3.01194,0.54859,0.00000,0.08038,0.37104
0.40000,3.01194,0.50664,0.00000,0.15752,0.33584
0.60000,3.01194,0.56566,0.00001,0.21624,0.21809
0.80000,3.01194,0.65053,0.00000,0.12784,0.22163
1.00000,3.01194,0.58741,0.00001,0.07040,0.34219
1.20000,3.01194,0.55271,0.00000,0.08777,0.35953
1.40000,3.01194,0.59731,0.00000,0.16007,0.24263
1.60000,3.01194,0.59006,0.00000,0.22942,0.18052
1.80000,3.01194,0.70733,0.00000,0.10863,0.18404
2.00000,3.01194,0.51238,0.00000,0.06502,0.42261
2.20000,3.01194,0.57623,0.00000,0.05595,0.36782
2.40000,3.01194,0.55226,0.00000,0.13125,0.31650
2.60000,3.01194,0.63741,0.00000,0.24984,0.11274
2.80000,3.01194,0.75972,0.00000,0.18740,0.05288
3.00000,3.01194,0.61184,0.00001,0.08559,0.30256
3.20000,3.01194,0.56963,0.00000,0.06258,0.36779
3.40000,3.01194,0.55736,0.00000,0.12428,0.31836
3.60000,3.01194,0.55962,0.00002,0.25685,0.18350
3.80000,3.01194,0.67928,0.00000,0.17040,0.15031
4.00000,3.01194,0.77463,0.00000,0.04677,0.17860
4.20000,3.01194,0.76583,0.00578,0.04863,0.17976
4.40000,3.01194,0.55354,0.00000,0.14041,0.30604
4.60000,3.01194,0.56316,0.00000,0.14511,0.29172
4.80000,3.01194,0.70678,0.00522,0.16345,0.12455
5.00000,3.01194,0.62555,0.00003,0.18848,0.18594
5.20000,3.01194,0.50235,0.00007,0.11862,0.37896
5.40000,3.01194,0.22608,0.75536,0.00899,0.00957
5.60000,3.01194,0.57570,0.00004,0.13802,0.28624
5.80000,3.01194,0.58871,0.00001,0.11565,0.29563
6.00000,3.01194,0.59309,0.00016,0.24900,0.15775
6.20000,3.01194,0.61180,0.00007,0.19216,0.19597
6.40000,3.01194,0.56163,0.00020,0.14901,0.28917
6.60000,3.01194,0.58657,0.04737,0.11238,0.25368
6.80000,3.01194,0.53635,0.00027,0.16238,0.30100
7.00000,3.01194,0.63877,0.00000,0.11597,0.24526
7.20000,3.01194,0.63655,0.00033,0.18778,0.17534
7.40000,3.01194,0.63064,0.00001,0.19213,0.17722
7.60000,3.01194,0.48997,0.00001,0.12455,0.38547
7.80000,3.01194,0.56595,0.04671,0.14532,0.24203
8.00000,3.01194,0.58933,0.00004,0.12706,0.28357
8.20000,3.01194,0.57155,0.00000,0.17062,0.25784
8.40000,3.01194,0.55017,0.00009,0.16072,0.28901
8.60000,3.01194,0.59984,0.00003,0.19079,0.20933
8.80000,3.01194,0.57284,0.00004,0.12210,0.30503
9.00000,3.01194,0.55970,0.00010,0.13034,0.30986
9.20000,3.01194,0.50221,0.00000,0.14731,0.35048
9.40000,3.01194,0.61355,0.00005,0.20767,0.17873
9.60000,3.01194,0.66123,0.00003,0.11924,0.21951
9.80000,3.01194,0.68541,0.00000,0.10782,0.20676
10.00000,3.01194,0.51393,0.00005,0.11518,0.37084
10.20000,3.01194,0.57138,0.00000,0.09622,0.33241
10.40000,3.01194,0.49405,0.00000,0.14884,0.35711
10.60000,3.01194,0.55524,0.00008,0.15625,0.28842
10.80000,3.01194,0.60053,0.00002,0.14429,0.25517
11.00000,3.01194,0.53690,0.00000,0.09887,0.36423
11.20000,3.01194,0.58757,0.00015,0.17822,0.23405
11.40000,3.01194,0.72733,0.00419,0.19003,0.07845
11.60000,3.01194,0.65749,0.00000,0.16162,0.18089
11.80000,3.01194,0.51507,0.00003,0.11089,0.37400
12.00000,3.01194,0.54651,0.00000,0.09193,0.36155
12.20000,3.01194,0.59550,0.00000,0.13440,0.27009
12.40000,3.01194,0.62483,0.00001,0.18152,0.19364
12.60000,3.01194,0.59985,0.00001,0.25058,0.14957
12.80000,3.01194,0.64465,0.00000,0.14907,0.20627
13.00000,3.01194,0.70763,0.00025,0.17422,0.11791
13.20000,3.01194,0.55035,0.00007,0.20987,0.23971
13.40000,3.01194,0.56222,0.00001,0.18859,0.24917
13.60000,3.01194,0.64786,0.00000,0.19300,0.15914
13.80000,3.01194,0.48091,0.00000,0.09570,0.42339
14.00000,3.01194,0.49871,0.00000,0.07616,0.42513
14.20000,3.01194,0.53711,0.00000,0.10569,0.35720
14.40000,3.01194,0.58823,0.00000,0.19075,0.22102
14.60000,3.01194,0.57635,0.00001,0.18109,0.24256
14.80000,3.01194,0.57223,0.00000,0.14929,0.27847
15.00000,3.01194,0.63041,0.00000,0.12743,0.24216
15.20000,3.01194,0.51395,0.00000,0.14613,0.33992
15.40000,3.01194,0.48592,0.00002,0.22449,0.28957
15.60000,3.01194,0.55861,0.00024,0.20857,0.23258
15.80000,3.01194,0.58724,0.00001,0.13880,0.27396
16.00000,3.01194,0.50072,0.00004,0.10952,0.38972
16.20000,3.01194,0.52668,0.00010,0.09931,0.37391
16.40000,3.01194,0.55048,0.00001,0.12638,0.32313
16.60000,3.01194,0.57738,0.00004,0.11236,0.31022
16.80000,3.01194,0.56128,0.00001,0.22793,0.21078
17.00000,3.01194,0.53602,0.00048,0.21737,0.24613
17.20000,3.01194,0.63570,0.00051,0.20645,0.15734
17.40000,3.01194,0.59553,0.00082,0.19590,0.20775
17.60000,3.01194,0.60833,0.01245,0.21378,0.16544
17.80000,3.01194,0.62242,0.00032,0.13259,0.24466
18.00000,3.01194,0.57046,0.00384,0.14585,0.27986
18.20000,3.01194,0.54612,0.01375,0.16163,0.27849
18.40000,3.01194,0.55132,0.00005,0.17501,0.27361
18.60000,3.01194,0.54913,0.00008,0.12290,0.32790
18.80000,3.01194,0.54614,0.00074,0.27110,0.18201
19.00000,3.01194,0.44479,0.00522,0.24273,0.30726
19.20000,3.01194,0.50378,0.00007,0.13175,0.36440
19.40000,3.01194,0.58045,0.00168,0.15593,0.26195
19.60000,3.01194,0.58001,0.00139,0.19342,0.22518
19.80000,3.01194,0.60132,0.00021,0.16055,0.23791
20.00000,3.01194,0.50411,0.00006,0.11068,0.38515
20.20000,3.01194,0.51460,0.00048,0.14359,0.34132
20.40000,3.01194,0.52429,0.00002,0.13015,0.34554
