Time (seconds), Duration (seconds),pred_(unlabeled),pred_imbalance,pred_working,pred_impact
0.00000,3.01194,0.65464,0.34399,0.00075,0.00061
0.20000,3.01194,0.06195,0.93795,0.00008,0.00002
0.40000,3.01194,0.00634,0.99365,0.00001,0.00000
0.60000,3.01194,0.01082,0.98918,0.00000,0.00000
0.80000,3.01194,0.04739,0.95260,0.00001,0.00000
1.00000,3.01194,0.13689,0.86298,0.00011,0.00003
1.20000,3.01194,0.04312,0.95686,0.00002,0.00000
1.40000,3.01194,0.01547,0.98452,0.00000,0.00000
1.60000,3.01194,0.08732,0.91265,0.00002,0.00000
1.80000,3.01194,0.01885,0.98114,0.00001,0.00000
2.00000,3.01194,0.00208,0.99792,0.00000,0.00000
2.20000,3.01194,0.00524,0.99476,0.00000,0.00000
2.40000,3.01194,0.04552,0.95446,0.00002,0.00000
2.60000,3.01194,0.02734,0.97265,0.00001,0.00000
2.80000,3.01194,0.00688,0.99310,0.00002,0.00000
3.00000,3.01194,0.00925,0.99074,0.00001,0.00000
3.20000,3.01194,0.07484,0.92512,0.00003,0.00000
3.40000,3.01194,0.03817,0.96181,0.00001,0.00000
3.60000,3.01194,0.00719,0.99281,0.00000,0.00000
3.80000,3.01194,0.01680,0.98319,0.00000,0.00000
4.00000,3.01194,0.01584,0.98416,0.00000,0.00000
4.20000,3.01194,0.01665,0.98335,0.00000,0.00000
4.40000,3.01194,0.01161,0.98838,0.00001,0.00000
4.60000,3.01194,0.02617,0.97383,0.00000,0.00000
4.80000,3.01194,0.01018,0.98982,0.00000,0.00000
5.00000,3.01194,0.06096,0.93901,0.00002,0.00000
5.20000,3.01194,0.04126,0.95869,0.00004,0.00000
5.40000,3.01194,0.04444,0.95556,0.00000,0.00000
5.60000,3.01194,0.00507,0.99493,0.00000,0.00000
5.80000,3.01194,0.01180,0.98819,0.00000,0.00000
6.00000,3.01194,0.02694,0.97304,0.00002,0.00000
6.20000,3.01194,0.01791,0.98208,0.00001,0.00000
6.40000,3.01194,0.02478,0.97521,0.00001,0.00000
6.60000,3.01194,0.01024,0.98974,0.00002,0.00000
6.80000,3.01194,0.04493,0.95506,0.00001,0.00000
7.00000,3.01194,0.00639,0.99361,0.00000,0.00000
7.20000,3.01194,0.02067,0.97932,0.00001,0.00000
7.40000,3.01194,0.04262,0.95737,0.00000,0.00000
7.60000,3.01194,0.01038,0.98962,0.00001,0.00000
7.80000,3.01194,0.01360,0.98639,0.00001,0.00000
8.00000,3.01194,0.02437,0.97563,0.00000,0.00000
8.20000,3.01194,0.01246,0.98753,0.00000,0.00000
8.40000,3.01194,0.02406,0.97594,0.00000,0.00000
8.60000,3.01194,0.03879,0.96120,0.00001,0.00000
8.80000,3.01194,0.01567,0.98433,0.00000,0.00000
9.00000,3.01194,0.03611,0.96388,0.00001,0.00000
9.20000,3.01194,0.01127,0.98871,0.00002,0.00000
9.40000,3.01194,0.00515,0.99485,0.00000,0.00000
9.60000,3.01194,0.06887,0.93111,0.00001,0.00000
9.80000,3.01194,0.04371,0.95626,0.00003,0.00000
10.00000,3.01194,0.01459,0.98539,0.00002,0.00000
10.20000,3.01194,0.00529,0.99471,0.00000,0.00000
10.40000,3.01194,0.00184,0.99816,0.00000,0.00000
10.60000,3.01194,0.03600,0.96400,0.00001,0.00000
10.80000,3.01194,0.00239,0.99761,0.00000,0.00000
11.00000,3.01194,0.00895,0.99105,0.00000,0.00000
11.20000,3.01194,0.00406,0.99593,0.00000,0.00000
11.40000,3.01194,0.00955,0.99044,0.00000,0.00000
11.60000,3.01194,0.00324,0.99676,0.00000,0.00000
11.80000,3.01194,0.01103,0.98896,0.00000,0.00000
12.00000,3.01194,0.05851,0.94147,0.00002,0.00000
12.20000,3.01194,0.01867,0.98131,0.00001,0.00000
12.40000,3.01194,0.00770,0.99230,0.00000,0.00000
12.60000,3.01194,0.01594,0.98405,0.00001,0.00000
12.80000,3.01194,0.05869,0.94130,0.00001,0.00000
13.00000,3.01194,0.04945,0.95055,0.00000,0.00000
13.20000,3.01194,0.01083,0.98917,0.00000,0.00000
13.40000,3.01194,0.00513,0.99487,0.00000,0.00000
13.60000,3.01194,0.02001,0.97998,0.00001,0.00000
13.80000,3.01194,0.03282,0.96714,0.00004,0.00000
14.00000,3.01194,0.04445,0.95549,0.00006,0.00000
14.20000,3.01194,0.06981,0.93017,0.00002,0.00000
14.40000,3.01194,0.00570,0.99429,0.00001,0.00000
14.60000,3.01194,0.00275,0.99725,0.00000,0.00000
14.80000,3.01194,0.10268,0.89728,0.00003,0.00001
15.00000,3.01194,0.01386,0.98614,0.00001,0.00000
15.20000,3.01194,0.00598,0.99401,0.00001,0.00000
15.40000,3.01194,0.02135,0.97864,0.00001,0.00000
15.60000,3.01194,0.05194,0.94803,0.00003,0.00000
15.80000,3.01194,0.00628,0.99372,0.00000,0.00000
16.00000,3.01194,0.01616,0.98355,0.00029,0.00000
16.20000,3.01194,0.01651,0.98348,0.00000,0.00000
16.40000,3.01194,0.01097,0.98902,0.00000,0.00000
16.60000,3.01194,0.01408,0.98591,0.00001,0.00000
16.80000,3.01194,0.00747,0.99251,0.00002,0.00000
17.00000,3.01194,0.01052,0.98948,0.00000,0.00000
17.20000,3.01194,0.04339,0.95658,0.00003,0.00000
17.40000,3.01194,0.02851,0.97148,0.00001,0.00000
17.60000,3.01194,0.03013,0.96979,0.00008,0.00000
17.80000,3.01194,0.01320,0.98678,0.00002,0.00000
18.00000,3.01194,0.02074,0.97925,0.00001,0.00000
18.20000,3.01194,0.00580,0.99420,0.00000,0.00000
18.40000,3.01194,0.00410,0.99589,0.00000,0.00000
18.60000,3.01194,0.04188,0.95812,0.00000,0.00000
18.80000,3.01194,0.09825,0.90165,0.00008,0.00002
19.00000,3.01194,0.00600,0.99400,0.00000,0.00000
19.20000,3.01194,0.03282,0.96714,0.00004,0.00000
19.40000,3.01194,0.01641,0.98359,0.00000,0.00000
19.60000,3.01194,0.00091,0.99908,0.00000,0.00000
19.80000,3.01194,0.02113,0.97885,0.00002,0.00000
20.00000,3.01194,0.03304,0.96695,0.00001,0.00000
20.20000,3.01194,0.00777,0.99223,0.00000,0.00000
20.40000,3.01194,0.01578,0.98405,0.00017,0.00000
20.60000,3.01194,0.00890,0.99110,0.00000,0.00000
20.80000,3.01194,0.14531,0.85463,0.00003,0.00003
