Time (seconds), Duration (seconds),pred_(unlabeled),pred_imbalance,pred_working,pred_impact
0.00000,3.01194,0.99178,0.00738,0.00029,0.00056
0.20000,3.01194,0.20667,0.79319,0.00003,0.00011
0.40000,3.01194,0.03068,0.96931,0.00000,0.00001
0.60000,3.01194,0.00511,0.99489,0.00000,0.00000
0.80000,3.01194,0.00328,0.99672,0.00000,0.00000
1.00000,3.01194,0.00357,0.99643,0.00000,0.00000
1.20000,3.01194,0.00537,0.99463,0.00000,0.00000
1.40000,3.01194,0.00977,0.99022,0.00000,0.00000
1.60000,3.01194,0.01271,0.98728,0.00000,0.00000
1.80000,3.01194,0.01622,0.98377,0.00001,0.00000
2.00000,3.01194,0.08344,0.91650,0.00003,0.00003
2.20000,3.01194,0.03470,0.96530,0.00000,0.00000
2.40000,3.01194,0.01852,0.98147,0.00001,0.00000
2.60000,3.01194,0.04358,0.95640,0.00001,0.00001
2.80000,3.01194,0.05621,0.94378,0.00001,0.00000
3.00000,3.01194,0.03962,0.96038,0.00000,0.00000
3.20000,3.01194,0.05464,0.94536,0.00000,0.00000
3.40000,3.01194,0.09549,0.90450,0.00000,0.00000
3.60000,3.01194,0.09890,0.90109,0.00000,0.00000
3.80000,3.01194,0.11928,0.88071,0.00000,0.00000
4.00000,3.01194,0.11620,0.88379,0.00000,0.00001
4.20000,3.01194,0.10610,0.89389,0.00000,0.00001
4.40000,3.01194,0.05973,0.94027,0.00000,0.00000
4.60000,3.01194,0.07994,0.92006,0.00000,0.00000
4.80000,3.01194,0.11305,0.88693,0.00001,0.00001
5.00000,3.01194,0.11864,0.88134,0.00001,0.00001
5.20000,3.01194,0.11003,0.88996,0.00001,0.00001
5.40000,3.01194,0.09741,0.90258,0.00001,0.00001
5.60000,3.01194,0.06409,0.93590,0.00000,0.00001
5.80000,3.01194,0.06661,0.93338,0.00000,0.00001
6.00000,3.01194,0.03958,0.96041,0.00000,0.00001
6.20000,3.01194,0.06513,0.93485,0.00001,0.00001
6.40000,3.01194,0.02679,0.97321,0.00000,0.00000
6.60000,3.01194,0.03515,0.96485,0.00000,0.00000
6.80000,3.01194,0.01678,0.98321,0.00000,0.00000
7.00000,3.01194,0.01358,0.98642,0.00000,0.00000
7.20000,3.01194,0.01946,0.98054,0.00000,0.00000
7.40000,3.01194,0.00964,0.99035,0.00000,0.00000
7.60000,3.01194,0.01127,0.98873,0.00000,0.00000
7.80000,3.01194,0.02449,0.97550,0.00000,0.00000
8.00000,3.01194,0.00843,0.99157,0.00000,0.00000
8.20000,3.01194,0.01769,0.98231,0.00000,0.00000
8.40000,3.01194,0.01492,0.98508,0.00000,0.00000
8.60000,3.01194,0.01991,0.98009,0.00000,0.00000
8.80000,3.01194,0.01098,0.98901,0.00000,0.00000
9.00000,3.01194,0.01385,0.98615,0.00000,0.00000
9.20000,3.01194,0.01731,0.98269,0.00000,0.00000
9.40000,3.01194,0.01031,0.98969,0.00000,0.00000
9.60000,3.01194,0.02386,0.97613,0.00000,0.00001
9.80000,3.01194,0.04051,0.95948,0.00000,0.00001
10.00000,3.01194,0.01359,0.98640,0.00000,0.00000
10.20000,3.01194,0.01278,0.98722,0.00000,0.00000
10.40000,3.01194,0.00638,0.99359,0.00002,0.00000
10.60000,3.01194,0.00329,0.99670,0.00001,0.00000
10.80000,3.01194,0.00419,0.99579,0.00002,0.00000
11.00000,3.01194,0.01036,0.98962,0.00002,0.00000
11.20000,3.01194,0.00982,0.99017,0.00001,0.00000
11.40000,3.01194,0.02270,0.97727,0.00003,0.00001
11.60000,3.01194,0.01593,0.98406,0.00001,0.00000
11.80000,3.01194,0.00759,0.99241,0.00000,0.00000
12.00000,3.01194,0.01694,0.98306,0.00000,0.00000
12.20000,3.01194,0.04529,0.95469,0.00000,0.00001
12.40000,3.01194,0.04602,0.95397,0.00000,0.00001
12.60000,3.01194,0.01883,0.98116,0.00000,0.00001
12.80000,3.01194,0.05502,0.94495,0.00000,0.00003
13.00000,3.01194,0.06675,0.93322,0.00001,0.00003
13.20000,3.01194,0.11112,0.88880,0.00003,0.00005
13.40000,3.01194,0.23593,0.76393,0.00004,0.00010
13.60000,3.01194,0.16233,0.83759,0.00003,0.00005
13.80000,3.01194,0.06326,0.93673,0.00001,0.00001
14.00000,3.01194,0.02754,0.97246,0.00000,0.00000
14.20000,3.01194,0.03066,0.96933,0.00000,0.00000
14.40000,3.01194,0.06559,0.93440,0.00000,0.00000
14.60000,3.01194,0.10464,0.89535,0.00000,0.00001
14.80000,3.01194,0.18985,0.81012,0.00001,0.00002
15.00000,3.01194,0.17679,0.82319,0.00001,0.00001
15.20000,3.01194,0.11627,0.88372,0.00000,0.00001
15.40000,3.01194,0.15561,0.84436,0.00001,0.00002
15.60000,3.01194,0.05973,0.94026,0.00000,0.00001
15.80000,3.01194,0.02566,0.97432,0.00000,0.00001
16.00000,3.01194,0.00900,0.99099,0.00000,0.00000
16.20000,3.01194,0.00400,0.99600,0.00000,0.00000
16.40000,3.01194,0.00669,0.99330,0.00000,0.00000
16.60000,3.01194,0.00606,0.99394,0.00000,0.00000
16.80000,3.01194,0.01499,0.98500,0.00000,0.00000
17.00000,3.01194,0.01206,0.98794,0.00000,0.00000
17.20000,3.01194,0.01716,0.98284,0.00000,0.00000
17.40000,3.01194,0.01932,0.98068,0.00000,0.00000
17.60000,3.01194,0.05533,0.94465,0.00000,0.00001
17.80000,3.01194,0.03090,0.96909,0.00000,0.00000
18.00000,3.01194,0.02453,0.97547,0.00000,0.00000
18.20000,3.01194,0.01057,0.98943,0.00000,0.00000
18.40000,3.01194,0.00734,0.99266,0.00000,0.00000
18.60000,3.01194,0.04200,0.95799,0.00000,0.00000
18.80000,3.01194,0.16184,0.83814,0.00000,0.00001
19.00000,3.01194,0.15240,0.84760,0.00000,0.00000
