Time (seconds), Duration (seconds),pred_(unlabeled),pred_imbalance,pred_working,pred_impact
0.00000,3.01194,0.41101,0.00005,0.28610,0.30284
0.20000,3.01194,0.67587,0.00000,0.27157,0.05256
0.40000,3.01194,0.99998,0.00000,0.00002,0.00000
0.60000,3.01194,0.93857,0.00000,0.02463,0.03680
0.80000,3.01194,0.41578,0.00000,0.02836,0.55586
1.00000,3.01194,0.51041,0.00000,0.00254,0.48705
1.20000,3.01194,0.70527,0.00000,0.21365,0.08108
1.40000,3.01194,0.99837,0.00000,0.00160,0.00004
1.60000,3.01194,0.99664,0.00000,0.00333,0.00003
1.80000,3.01194,0.98562,0.00000,0.01438,0.00000
2.00000,3.01194,0.99954,0.00000,0.00046,0.00000
2.20000,3.01194,0.99982,0.00000,0.00018,0.00000
2.40000,3.01194,0.57649,0.02174,0.39508,0.00669
2.60000,3.01194,0.47758,0.46782,0.01145,0.04316
2.80000,3.01194,0.96074,0.01479,0.00166,0.02281
3.00000,3.01194,0.84163,0.00097,0.07467,0.08273
3.20000,3.01194,0.81945,0.00008,0.18022,0.00025
3.40000,3.01194,0.97424,0.00000,0.02545,0.00032
3.60000,3.01194,0.99996,0.00000,0.00000,0.00003
3.80000,3.01194,0.03209,0.00000,0.00004,0.96787
4.00000,3.01194,0.54795,0.00000,0.00091,0.45114
4.20000,3.01194,0.99778,0.00000,0.00156,0.00066
4.40000,3.01194,0.99810,0.00000,0.00187,0.00003
4.60000,3.01194,0.99984,0.00000,0.00016,0.00000
4.80000,3.01194,0.99883,0.00000,0.00117,0.00000
5.00000,3.01194,0.99631,0.00000,0.00369,0.00000
5.20000,3.01194,0.86303,0.00101,0.13417,0.00179
5.40000,3.01194,0.99058,0.00000,0.00894,0.00048
5.60000,3.01194,0.95370,0.00299,0.02973,0.01358
5.80000,3.01194,0.56706,0.21332,0.16438,0.05525
6.00000,3.01194,0.94286,0.00117,0.05589,0.00008
6.20000,3.01194,0.99993,0.00000,0.00005,0.00002
6.40000,3.01194,0.98747,0.00000,0.00178,0.01076
6.60000,3.01194,0.15956,0.00000,0.00359,0.83684
6.80000,3.01194,0.96900,0.00000,0.00038,0.03062
7.00000,3.01194,0.99482,0.00000,0.00475,0.00044
7.20000,3.01194,0.99998,0.00000,0.00002,0.00000
7.40000,3.01194,0.99671,0.00000,0.00305,0.00024
7.60000,3.01194,0.99523,0.00000,0.00476,0.00002
7.80000,3.01194,0.96673,0.00013,0.02655,0.00659
8.00000,3.01194,0.40199,0.00012,0.59686,0.00104
8.20000,3.01194,0.83637,0.00000,0.16344,0.00018
8.40000,3.01194,0.99863,0.00037,0.00037,0.00062
8.60000,3.01194,0.94900,0.00001,0.02155,0.02943
8.80000,3.01194,0.02805,0.00000,0.00007,0.97188
9.00000,3.01194,0.98624,0.00000,0.00058,0.01319
9.20000,3.01194,0.96727,0.00000,0.02948,0.00325
9.40000,3.01194,0.99978,0.00000,0.00022,0.00000
9.60000,3.01194,0.99981,0.00000,0.00017,0.00002
9.80000,3.01194,0.99056,0.00000,0.00942,0.00002
10.00000,3.01194,0.68346,0.00031,0.31041,0.00582
10.20000,3.01194,0.35509,0.00008,0.64285,0.00199
10.40000,3.01194,0.90838,0.00000,0.09111,0.00051
10.60000,3.01194,0.99991,0.00000,0.00005,0.00004
10.80000,3.01194,0.92488,0.00001,0.02369,0.05143
11.00000,3.01194,0.04668,0.00000,0.00049,0.95283
11.20000,3.01194,0.85621,0.00000,0.00736,0.13643
11.40000,3.01194,0.79495,0.00001,0.18860,0.01645
11.60000,3.01194,0.99684,0.00000,0.00298,0.00018
11.80000,3.01194,0.99953,0.00000,0.00030,0.00017
12.00000,3.01194,0.98564,0.00000,0.01430,0.00006
12.20000,3.01194,0.75967,0.00067,0.23106,0.00861
12.40000,3.01194,0.36944,0.00000,0.62937,0.00118
12.60000,3.01194,0.88050,0.00014,0.09929,0.02006
12.80000,3.01194,0.99220,0.00642,0.00126,0.00013
13.00000,3.01194,0.16560,0.00000,0.00227,0.83213
13.20000,3.01194,0.92046,0.00001,0.00878,0.07075
13.40000,3.01194,0.96890,0.00000,0.02610,0.00500
13.60000,3.01194,0.99823,0.00000,0.00172,0.00005
13.80000,3.01194,0.99991,0.00000,0.00009,0.00000
14.00000,3.01194,0.97540,0.00000,0.02454,0.00006
14.20000,3.01194,0.61562,0.00022,0.38122,0.00294
14.40000,3.01194,0.42301,0.00163,0.55846,0.01690
14.60000,3.01194,0.98391,0.00000,0.01471,0.00138
14.80000,3.01194,0.98132,0.00109,0.01579,0.00180
15.00000,3.01194,0.39061,0.00002,0.01546,0.59392
15.20000,3.01194,0.80146,0.00001,0.00944,0.18909
15.40000,3.01194,0.93613,0.00000,0.05002,0.01386
15.60000,3.01194,0.99975,0.00000,0.00012,0.00013
15.80000,3.01194,0.99993,0.00000,0.00006,0.00000
16.00000,3.01194,0.89449,0.00000,0.10540,0.00011
16.20000,3.01194,0.40167,0.00026,0.58477,0.01330
16.40000,3.01194,0.85577,0.00000,0.14423,0.00000
16.60000,3.01194,1.00000,0.00000,0.00000,0.00000
16.80000,3.01194,0.99972,0.00000,0.00000,0.00028
17.00000,3.01194,0.03374,0.00000,0.00008,0.96618
17.20000,3.01194,0.95376,0.00000,0.00030,0.04594
17.40000,3.01194,0.99780,0.00000,0.00174,0.00046
17.60000,3.01194,1.00000,0.00000,0.00000,0.00000
17.80000,3.01194,1.00000,0.00000,0.00000,0.00000
18.00000,3.01194,0.98533,0.00000,0.01465,0.00002
18.20000,3.01194,0.17681,0.00003,0.82308,0.00009
18.40000,3.01194,0.50878,0.00000,0.49037,0.00085
18.60000,3.01194,1.00000,0.00000,0.00000,0.00000
18.80000,3.01194,0.89180,0.00000,0.01201,0.09619
19.00000,3.01194,0.10495,0.00000,0.00129,0.89376
19.20000,3.01194,0.99997,0.00000,0.00001,0.00002
19.40000,3.01194,0.99997,0.00000,0.00002,0.00000
19.60000,3.01194,0.99998,0.00000,0.00002,0.00000
19.80000,3.01194,0.85488,0.00000,0.14510,0.00002
20.00000,3.01194,0.04005,0.00000,0.95995,0.00000
20.20000,3.01194,1.00000,0.00000,0.00000,0.00000
20.40000,3.01194,1.00000,0.00000,0.00000,0.00000
20.60000,3.01194,0.99932,0.00000,0.00000,0.00068
20.80000,3.01194,0.02965,0.00000,0.00003,0.97032
21.00000,3.01194,0.99961,0.00000,0.00032,0.00007
21.20000,3.01194,0.99999,0.00000,0.00000,0.00000
21.40000,3.01194,1.00000,0.00000,0.00000,0.00000
21.60000,3.01194,0.98062,0.00000,0.01923,0.00015
21.80000,3.01194,0.12924,0.00000,0.87069,0.00007
22.00000,3.01194,0.86257,0.00000,0.13647,0.00096
22.20000,3.01194,0.28172,0.00000,0.00661,0.71167
22.40000,3.01194,0.97213,0.00003,0.00432,0.02352
22.60000,3.01194,0.99983,0.00002,0.00010,0.00005
22.80000,3.01194,0.99999,0.00000,0.00001,0.00000
23.00000,3.01194,0.99977,0.00000,0.00022,0.00000
23.20000,3.01194,0.52214,0.00000,0.47721,0.00064
23.40000,3.01194,0.31780,0.00032,0.67547,0.00641
23.60000,3.01194,0.99832,0.00000,0.00167,0.00000
23.80000,3.01194,0.99165,0.00000,0.00504,0.00331
24.00000,3.01194,0.40907,0.00001,0.00401,0.58692
24.20000,3.01194,0.99885,0.00111,0.00001,0.00003
24.40000,3.01194,0.99996,0.00004,0.00000,0.00000
24.60000,3.01194,0.99899,0.00000,0.00099,0.00002
24.80000,3.01194,0.28426,0.00000,0.71526,0.00048
25.00000,3.01194,0.26712,0.00000,0.73037,0.00251
25.20000,3.01194,0.99999,0.00000,0.00001,0.00000
25.40000,3.01194,0.99517,0.00000,0.00445,0.00038
25.60000,3.01194,0.07580,0.00004,0.00077,0.92339
25.80000,3.01194,0.95607,0.04324,0.00006,0.00063
26.00000,3.01194,0.99187,0.00394,0.00237,0.00183
26.20000,3.01194,0.99997,0.00000,0.00002,0.00001
26.40000,3.01194,0.99548,0.00000,0.00447,0.00005
26.60000,3.01194,0.34961,0.00002,0.63836,0.01201
26.80000,3.01194,0.99986,0.00000,0.00013,0.00000
27.00000,3.01194,0.99782,0.00000,0.00204,0.00014
27.20000,3.01194,0.08367,0.00001,0.00130,0.91502
27.40000,3.01194,0.99118,0.00641,0.00031,0.00210
27.60000,3.01194,0.99667,0.00002,0.00176,0.00155
27.80000,3.01194,0.99966,0.00000,0.00028,0.00005
28.00000,3.01194,0.97576,0.00000,0.02372,0.00053
28.20000,3.01194,0.18517,0.00000,0.81435,0.00048
28.40000,3.01194,0.99911,0.00000,0.00079,0.00010
28.60000,3.01194,0.98369,0.00000,0.01359,0.00272
28.80000,3.01194,0.07838,0.00000,0.00074,0.92088
29.00000,3.01194,0.99934,0.00007,0.00000,0.00059
29.20000,3.01194,0.99990,0.00004,0.00001,0.00005
29.40000,3.01194,0.99977,0.00000,0.00020,0.00003
29.60000,3.01194,0.62163,0.00000,0.37733,0.00104
29.80000,3.01194,0.18811,0.00000,0.81189,0.00000
30.00000,3.01194,1.00000,0.00000,0.00000,0.00000
30.20000,3.01194,1.00000,0.00000,0.00000,0.00000
30.40000,3.01194,0.51834,0.00000,0.00001,0.48165
30.60000,3.01194,0.20904,0.00012,0.00035,0.79049
30.80000,3.01194,0.99332,0.00000,0.00664,0.00004
31.00000,3.01194,0.94864,0.00000,0.04887,0.00249
31.20000,3.01194,0.11911,0.00000,0.88088,0.00001
31.40000,3.01194,0.88407,0.00000,0.09424,0.02169
31.60000,3.01194,0.01067,0.00000,0.00001,0.98932
31.80000,3.01194,0.99953,0.00000,0.00001,0.00047
32.00000,3.01194,0.99998,0.00000,0.00000,0.00001
32.20000,3.01194,0.99999,0.00000,0.00001,0.00000
32.40000,3.01194,0.73699,0.00002,0.26090,0.00209
32.60000,3.01194,0.11840,0.00000,0.88151,0.00009
32.80000,3.01194,0.99959,0.00000,0.00036,0.00005
33.00000,3.01194,0.93008,0.00000,0.00088,0.06905
33.20000,3.01194,0.17600,0.00000,0.00006,0.82393
33.40000,3.01194,1.00000,0.00000,0.00000,0.00000
33.60000,3.01194,1.00000,0.00000,0.00000,0.00000
33.80000,3.01194,0.99374,0.00000,0.00619,0.00007
34.00000,3.01194,0.07865,0.00000,0.92132,0.00003
34.20000,3.01194,0.76061,0.00000,0.23833,0.00107
34.40000,3.01194,0.91049,0.00000,0.05242,0.03709
34.60000,3.01194,0.03474,0.00000,0.00004,0.96523
34.80000,3.01194,0.99993,0.00006,0.00000,0.00000
35.00000,3.01194,0.99999,0.00000,0.00000,0.00000
35.20000,3.01194,0.99736,0.00000,0.00259,0.00005
35.40000,3.01194,0.11500,0.00000,0.88490,0.00010
35.60000,3.01194,0.79194,0.00001,0.20522,0.00284
35.80000,3.01194,0.78958,0.00000,0.18135,0.02907
36.00000,3.01194,0.01696,0.00000,0.00004,0.98300
36.20000,3.01194,0.99895,0.00052,0.00001,0.00052
36.40000,3.01194,0.99961,0.00011,0.00008,0.00020
36.60000,3.01194,0.99989,0.00000,0.00010,0.00001
36.80000,3.01194,0.95840,0.00001,0.04054,0.00106
37.00000,3.01194,0.12981,0.00000,0.87010,0.00010
37.20000,3.01194,0.99997,0.00000,0.00003,0.00000
37.40000,3.01194,0.99759,0.00000,0.00121,0.00120
37.60000,3.01194,0.00203,0.00000,0.00000,0.99797
37.80000,3.01194,0.99911,0.00000,0.00000,0.00089
38.00000,3.01194,0.99542,0.00002,0.00438,0.00018
38.20000,3.01194,0.97897,0.00000,0.02082,0.00021
38.40000,3.01194,0.05032,0.00000,0.94966,0.00002
38.60000,3.01194,0.98423,0.00000,0.01576,0.00000
38.80000,3.01194,0.99952,0.00000,0.00000,0.00047
39.00000,3.01194,0.00522,0.00000,0.00000,0.99478
39.20000,3.01194,0.99886,0.00000,0.00000,0.00114
39.40000,3.01194,0.99976,0.00000,0.00024,0.00000
39.60000,3.01194,0.79957,0.00000,0.19958,0.00085
39.80000,3.01194,0.10042,0.00000,0.89944,0.00014
40.00000,3.01194,0.75910,0.00000,0.22118,0.01972
40.20000,3.01194,0.35749,0.00000,0.00502,0.63749
40.40000,3.01194,0.99504,0.00000,0.00001,0.00495
40.60000,3.01194,1.00000,0.00000,0.00000,0.00000
40.80000,3.01194,1.00000,0.00000,0.00000,0.00000
41.00000,3.01194,0.99429,0.00000,0.00570,0.00001
41.20000,3.01194,0.08150,0.00000,0.91849,0.00001
41.40000,3.01194,0.85168,0.00000,0.14799,0.00033
41.60000,3.01194,0.98889,0.00000,0.00343,0.00768
41.80000,3.01194,0.02194,0.00000,0.00002,0.97804
42.00000,3.01194,0.99999,0.00000,0.00000,0.00001
42.20000,3.01194,1.00000,0.00000,0.00000,0.00000
42.40000,3.01194,0.99993,0.00000,0.00007,0.00000
42.60000,3.01194,0.14045,0.00000,0.85954,0.00000
42.80000,3.01194,0.09937,0.00000,0.90057,0.00006
43.00000,3.01194,1.00000,0.00000,0.00000,0.00000
43.20000,3.01194,0.99910,0.00000,0.00010,0.00080
43.40000,3.01194,0.03420,0.00000,0.00001,0.96579
43.60000,3.01194,1.00000,0.00000,0.00000,0.00000
43.80000,3.01194,0.99996,0.00000,0.00003,0.00000
44.00000,3.01194,0.99965,0.00000,0.00034,0.00001
44.20000,3.01194,0.01574,0.00000,0.98426,0.00000
44.40000,3.01194,0.24216,0.00000,0.75784,0.00000
44.60000,3.01194,0.99999,0.00000,0.00000,0.00001
44.80000,3.01194,0.99995,0.00000,0.00000,0.00005
45.00000,3.01194,0.05266,0.00000,0.00002,0.94732
45.20000,3.01194,0.87729,0.00005,0.12185,0.00081
45.40000,3.01194,0.50626,0.00000,0.49137,0.00237
45.60000,3.01194,0.03590,0.00000,0.96409,0.00001
45.80000,3.01194,0.93433,0.00000,0.01722,0.04845
46.00000,3.01194,0.01246,0.00000,0.00000,0.98754
46.20000,3.01194,0.99902,0.00001,0.00068,0.00029
46.40000,3.01194,0.98752,0.00000,0.01246,0.00002
46.60000,3.01194,0.70288,0.00000,0.29704,0.00008
46.80000,3.01194,0.01142,0.00000,0.98858,0.00000
47.00000,3.01194,0.98883,0.00000,0.00325,0.00793
47.20000,3.01194,0.15823,0.00000,0.00015,0.84162
47.40000,3.01194,0.99878,0.00000,0.00000,0.00123
47.60000,3.01194,0.99999,0.00000,0.00000,0.00001
47.80000,3.01194,0.99999,0.00000,0.00001,0.00000
48.00000,3.01194,0.86188,0.00000,0.13801,0.00011
48.20000,3.01194,0.09407,0.00000,0.90579,0.00014
48.40000,3.01194,0.88636,0.00000,0.10931,0.00433
48.60000,3.01194,0.03297,0.00000,0.00019,0.96684
48.80000,3.01194,0.99999,0.00000,0.00000,0.00001
49.00000,3.01194,1.00000,0.00000,0.00000,0.00000
49.20000,3.01194,1.00000,0.00000,0.00000,0.00000
49.40000,3.01194,0.99263,0.00000,0.00736,0.00000
49.60000,3.01194,0.00992,0.00000,0.99008,0.00000
49.80000,3.01194,0.99907,0.00000,0.00093,0.00000
50.00000,3.01194,0.99000,0.00000,0.00808,0.00193
50.20000,3.01194,0.00104,0.00000,0.00000,0.99896
50.40000,3.01194,0.99995,0.00002,0.00000,0.00002
50.60000,3.01194,0.99999,0.00000,0.00001,0.00000
50.80000,3.01194,1.00000,0.00000,0.00000,0.00000
51.00000,3.01194,0.99746,0.00000,0.00245,0.00009
51.20000,3.01194,0.04783,0.00000,0.95217,0.00000
51.40000,3.01194,0.99967,0.00000,0.00033,0.00000
51.60000,3.01194,1.00000,0.00000,0.00000,0.00000
51.80000,3.01194,0.99987,0.00000,0.00000,0.00013
52.00000,3.01194,0.00137,0.00000,0.00000,0.99863
52.20000,3.01194,1.00000,0.00000,0.00000,0.00000
52.40000,3.01194,0.99991,0.00000,0.00009,0.00000
52.60000,3.01194,0.99978,0.00000,0.00022,0.00000
52.80000,3.01194,0.04636,0.00000,0.95364,0.00000
53.00000,3.01194,0.74927,0.00000,0.25073,0.00000
53.20000,3.01194,0.98091,0.00000,0.00246,0.01663
53.40000,3.01194,0.00656,0.00000,0.00000,0.99344
53.60000,3.01194,0.99978,0.00000,0.00000,0.00022
53.80000,3.01194,1.00000,0.00000,0.00000,0.00000
54.00000,3.01194,1.00000,0.00000,0.00000,0.00000
54.20000,3.01194,0.06882,0.00000,0.93118,0.00000
54.40000,3.01194,0.07282,0.00000,0.92718,0.00000
54.60000,3.01194,0.99950,0.00000,0.00042,0.00009
54.80000,3.01194,0.00359,0.00000,0.00000,0.99641
55.00000,3.01194,1.00000,0.00000,0.00000,0.00000
55.20000,3.01194,1.00000,0.00000,0.00000,0.00000
55.40000,3.01194,1.00000,0.00000,0.00000,0.00000
55.60000,3.01194,0.99952,0.00000,0.00048,0.00000
55.80000,3.01194,0.00804,0.00000,0.99196,0.00000
56.00000,3.01194,0.99871,0.00000,0.00129,0.00000
56.20000,3.01194,0.99999,0.00000,0.00000,0.00001
56.40000,3.01194,1.00000,0.00000,0.00000,0.00000
56.60000,3.01194,0.00079,0.00000,0.00000,0.99921
56.80000,3.01194,0.99999,0.00000,0.00001,0.00001
57.00000,3.01194,0.99994,0.00000,0.00006,0.00000
57.20000,3.01194,0.91799,0.00000,0.08200,0.00001
57.40000,3.01194,0.00791,0.00000,0.99209,0.00000
57.60000,3.01194,0.99342,0.00000,0.00623,0.00035
57.80000,3.01194,0.98986,0.00000,0.00001,0.01013
58.00000,3.01194,0.01110,0.00000,0.00000,0.98890
58.20000,3.01194,0.99923,0.00000,0.00072,0.00004
58.40000,3.01194,0.99921,0.00000,0.00078,0.00001
58.60000,3.01194,0.80078,0.00000,0.19915,0.00006
58.80000,3.01194,0.04087,0.00000,0.95912,0.00000
59.00000,3.01194,0.99992,0.00000,0.00003,0.00005
59.20000,3.01194,0.99998,0.00000,0.00000,0.00002
59.40000,3.01194,0.00029,0.00000,0.00000,0.99971
59.60000,3.01194,0.93604,0.00004,0.01602,0.04790
59.80000,3.01194,0.99977,0.00000,0.00023,0.00000
60.00000,3.01194,0.90949,0.00000,0.09050,0.00001
60.20000,3.01194,0.04817,0.00000,0.95181,0.00002
60.40000,3.01194,0.97089,0.00000,0.00151,0.02760
60.60000,3.01194,0.89443,0.00000,0.00038,0.10520
60.80000,3.01194,0.02210,0.00000,0.00003,0.97788
61.00000,3.01194,1.00000,0.00000,0.00000,0.00000
61.20000,3.01194,1.00000,0.00000,0.00000,0.00000
61.40000,3.01193,0.99999,0.00000,0.00001,0.00000
61.60000,3.01194,0.51314,0.00000,0.48658,0.00028
61.80000,3.01194,0.17028,0.00000,0.82955,0.00017
62.00000,3.01194,0.99996,0.00000,0.00004,0.00000
62.20000,3.01194,0.47353,0.00000,0.00400,0.52247
62.40000,3.01193,0.05779,0.00000,0.00017,0.94204
62.60000,3.01194,0.99994,0.00002,0.00002,0.00002
62.80000,3.01194,1.00000,0.00000,0.00000,0.00000
63.00000,3.01194,1.00000,0.00000,0.00000,0.00000
63.20000,3.01194,0.91309,0.00000,0.08691,0.00000
63.40000,3.01193,0.10124,0.00001,0.89875,0.00001
63.60000,3.01194,0.99992,0.00000,0.00008,0.00000
63.80000,3.01194,1.00000,0.00000,0.00000,0.00000
64.00000,3.01194,0.99999,0.00000,0.00000,0.00001
64.20000,3.01194,0.00167,0.00000,0.00000,0.99833
64.40000,3.01193,0.99802,0.00004,0.00020,0.00174
64.60000,3.01194,0.98620,0.00000,0.01379,0.00001
64.80000,3.01193,0.72793,0.00000,0.27170,0.00036
65.00000,3.01194,0.01586,0.00000,0.98414,0.00000
65.20000,3.01194,0.93184,0.00000,0.05662,0.01154
65.40000,3.01193,0.00255,0.00000,0.00000,0.99745
65.60000,3.01194,0.99999,0.00000,0.00000,0.00001
65.80000,3.01193,1.00000,0.00000,0.00000,0.00000
66.00000,3.01194,0.99999,0.00000,0.00001,0.00000
66.20000,3.01194,0.08511,0.00000,0.91488,0.00001
66.40000,3.01193,0.06554,0.00000,0.93445,0.00000
66.60000,3.01194,0.99997,0.00000,0.00000,0.00002
66.80000,3.01193,0.16266,0.00000,0.00001,0.83733
67.00000,3.01194,0.97569,0.00000,0.00000,0.02431
67.20000,3.01194,0.99999,0.00000,0.00001,0.00000
67.40000,3.01193,0.99993,0.00000,0.00007,0.00000
67.60000,3.01194,0.90575,0.00000,0.09423,0.00001
67.80000,3.01193,0.02246,0.00000,0.97754,0.00000
68.00000,3.01194,0.97417,0.00000,0.01863,0.00720
68.20000,3.01194,1.00000,0.00000,0.00000,0.00000
68.40000,3.01193,0.00362,0.00000,0.00000,0.99638
68.60000,3.01194,0.99952,0.00000,0.00000,0.00047
68.80000,3.01193,1.00000,0.00000,0.00000,0.00000
69.00000,3.01194,0.99998,0.00000,0.00002,0.00000
69.20000,3.01194,0.52210,0.00000,0.47786,0.00005
69.40000,3.01193,0.28515,0.00000,0.71477,0.00008
69.60000,3.01194,0.99944,0.00000,0.00010,0.00046
69.80000,3.01193,0.04890,0.00000,0.00023,0.95086
70.00000,3.01194,0.93686,0.00000,0.00002,0.06313
70.20000,3.01194,1.00000,0.00000,0.00000,0.00000
70.40000,3.01193,1.00000,0.00000,0.00000,0.00000
70.60000,3.01194,0.99994,0.00000,0.00006,0.00000
70.80000,3.01193,0.02073,0.00000,0.97927,0.00000
71.00000,3.01194,0.77802,0.00000,0.22197,0.00001
71.20000,3.01194,1.00000,0.00000,0.00000,0.00000
71.40000,3.01193,1.00000,0.00000,0.00000,0.00000
71.60000,3.01194,0.00437,0.00000,0.00000,0.99563
71.80000,3.01193,0.99992,0.00003,0.00001,0.00004
72.00000,3.01194,1.00000,0.00000,0.00000,0.00000
72.20000,3.01194,1.00000,0.00000,0.00000,0.00000
72.40000,3.01193,0.99974,0.00000,0.00026,0.00000
72.60000,3.01194,0.37542,0.00000,0.62457,0.00000
72.80000,3.01193,0.07675,0.00000,0.92325,0.00000
73.00000,3.01194,1.00000,0.00000,0.00000,0.00000
73.20000,3.01194,1.00000,0.00000,0.00000,0.00000
73.40000,3.01193,0.99090,0.00000,0.00000,0.00910
73.60000,3.01194,0.06085,0.00000,0.00000,0.93915
73.80000,3.01193,1.00000,0.00000,0.00000,0.00000
74.00000,3.01194,1.00000,0.00000,0.00000,0.00000
74.20000,3.01194,0.99528,0.00000,0.00472,0.00000
74.40000,3.01193,0.11198,0.00000,0.88798,0.00005
74.60000,3.01194,0.99897,0.00000,0.00103,0.00000
74.80000,3.01193,0.81069,0.00000,0.00429,0.18502
75.00000,3.01194,0.01326,0.00000,0.00003,0.98671
75.20000,3.01194,1.00000,0.00000,0.00000,0.00000
75.40000,3.01193,1.00000,0.00000,0.00000,0.00000
75.60000,3.01194,1.00000,0.00000,0.00000,0.00000
75.80000,3.01193,0.99786,0.00000,0.00214,0.00000
76.00000,3.01194,0.09741,0.00000,0.90258,0.00001
76.20000,3.01194,0.85836,0.00000,0.14051,0.00113
76.40000,3.01193,1.00000,0.00000,0.00000,0.00000
76.60000,3.01194,0.00667,0.00000,0.00001,0.99332
76.80000,3.01193,0.99981,0.00000,0.00000,0.00019
77.00000,3.01194,1.00000,0.00000,0.00000,0.00000
77.20000,3.01194,0.99999,0.00000,0.00000,0.00000
77.40000,3.01193,0.99986,0.00000,0.00014,0.00000
77.60000,3.01194,0.08290,0.00000,0.91710,0.00000
77.80000,3.01193,0.89091,0.00000,0.10900,0.00009
78.00000,3.01194,1.00000,0.00000,0.00000,0.00000
78.20000,3.01194,1.00000,0.00000,0.00000,0.00000
78.40000,3.01193,0.99993,0.00000,0.00003,0.00004
78.60000,3.01194,0.99664,0.00000,0.00086,0.00250
78.80000,3.01193,0.65252,0.00000,0.00949,0.33799
79.00000,3.01194,0.21807,0.00000,0.00786,0.77408
79.20000,3.01194,0.78987,0.00000,0.09216,0.11797
79.40000,3.01193,0.90368,0.00000,0.01251,0.08382
79.60000,3.01194,0.99743,0.00000,0.00000,0.00257
79.80000,3.01193,0.49902,0.00000,0.00503,0.49595
80.00000,3.01194,0.99995,0.00000,0.00001,0.00004
80.20000,3.01194,1.00000,0.00000,0.00000,0.00000
80.40000,3.01193,1.00000,0.00000,0.00000,0.00000
80.60000,3.01194,1.00000,0.00000,0.00000,0.00000
80.80000,3.01193,0.97935,0.00000,0.02062,0.00002
81.00000,3.01194,0.04269,0.00000,0.95731,0.00000
81.20000,3.01194,0.99989,0.00000,0.00011,0.00000
81.40000,3.01193,1.00000,0.00000,0.00000,0.00000
81.60000,3.01194,1.00000,0.00000,0.00000,0.00000
81.80000,3.01193,0.00233,0.00000,0.00000,0.99767
82.00000,3.01194,0.99880,0.00000,0.00013,0.00107
82.20000,3.01194,1.00000,0.00000,0.00000,0.00000
82.40000,3.01193,1.00000,0.00000,0.00000,0.00000
82.60000,3.01194,1.00000,0.00000,0.00000,0.00000
82.80000,3.01193,0.99306,0.00000,0.00686,0.00008
83.00000,3.01194,0.09569,0.00000,0.90431,0.00000
83.20000,3.01194,0.99945,0.00000,0.00055,0.00000
83.40000,3.01193,1.00000,0.00000,0.00000,0.00000
83.60000,3.01194,0.99999,0.00000,0.00000,0.00001
83.80000,3.01193,0.00532,0.00000,0.00000,0.99468
84.00000,3.01194,0.99997,0.00000,0.00000,0.00003
84.20000,3.01194,1.00000,0.00000,0.00000,0.00000
84.40000,3.01193,1.00000,0.00000,0.00000,0.00000
84.60000,3.01194,0.99998,0.00000,0.00002,0.00000
84.80000,3.01193,0.46716,0.00000,0.53283,0.00001
85.00000,3.01194,0.23445,0.00000,0.76555,0.00000
85.20000,3.01194,0.99997,0.00000,0.00002,0.00001
85.40000,3.01193,1.00000,0.00000,0.00000,0.00000
85.60000,3.01194,0.98018,0.00000,0.00013,0.01969
85.80000,3.01193,0.03131,0.00000,0.00011,0.96858
86.00000,3.01194,0.51983,0.00000,0.02253,0.45764
86.20000,3.01194,0.98677,0.00000,0.00033,0.01290
86.40000,3.01193,1.00000,0.00000,0.00000,0.00000
86.60000,3.01194,1.00000,0.00000,0.00000,0.00000
86.80000,3.01193,0.99991,0.00000,0.00009,0.00000
87.00000,3.01194,0.99633,0.00000,0.00365,0.00002
87.20000,3.01194,0.12396,0.00000,0.87604,0.00000
87.40000,3.01193,0.99245,0.00000,0.00754,0.00001
87.60000,3.01194,1.00000,0.00000,0.00000,0.00000
87.80000,3.01193,1.00000,0.00000,0.00000,0.00000
88.00000,3.01194,0.92482,0.00000,0.00006,0.07512
88.20000,3.01194,0.08174,0.00000,0.00014,0.91812
88.40000,3.01193,0.40638,0.00000,0.00949,0.58413
88.60000,3.01194,0.94744,0.00000,0.00087,0.05169
88.80000,3.01193,1.00000,0.00000,0.00000,0.00000
89.00000,3.01194,1.00000,0.00000,0.00000,0.00000
89.20000,3.01194,0.99997,0.00000,0.00003,0.00000
89.40000,3.01193,0.95141,0.00000,0.04825,0.00034
89.60000,3.01194,0.27716,0.00000,0.72266,0.00018
89.80000,3.01193,0.66205,0.00000,0.33792,0.00003
90.00000,3.01194,1.00000,0.00000,0.00000,0.00000
90.20000,3.01194,1.00000,0.00000,0.00000,0.00000
90.40000,3.01193,0.39332,0.00000,0.00006,0.60662
90.60000,3.01194,0.56579,0.00000,0.00086,0.43336
90.80000,3.01193,0.61108,0.00000,0.00553,0.38339
91.00000,3.01194,0.99997,0.00000,0.00002,0.00001
91.20000,3.01194,1.00000,0.00000,0.00000,0.00000
91.40000,3.01193,1.00000,0.00000,0.00000,0.00000
91.60000,3.01194,0.99181,0.00000,0.00815,0.00004
91.80000,3.01193,0.74481,0.00000,0.25517,0.00002
92.00000,3.01194,0.09501,0.00000,0.90499,0.00000
92.20000,3.01194,1.00000,0.00000,0.00000,0.00000
92.40000,3.01193,1.00000,0.00000,0.00000,0.00000
92.60000,3.01194,1.00000,0.00000,0.00000,0.00000
92.80000,3.01193,0.94352,0.00000,0.00068,0.05580
93.00000,3.01194,0.39320,0.00000,0.03406,0.57275
93.20000,3.01194,0.39155,0.00000,0.02250,0.58595
93.40000,3.01193,0.56120,0.00000,0.00451,0.43429
93.60000,3.01194,0.99983,0.00000,0.00011,0.00007
93.80000,3.01193,0.99998,0.00000,0.00002,0.00001
94.00000,3.01194,1.00000,0.00000,0.00000,0.00000
94.20000,3.01194,0.99999,0.00000,0.00001,0.00000
94.40000,3.01193,0.99671,0.00000,0.00326,0.00003
94.60000,3.01194,0.42520,0.00000,0.57471,0.00009
94.80000,3.01193,0.21421,0.00000,0.78576,0.00003
95.00000,3.01194,1.00000,0.00000,0.00000,0.00000
95.20000,3.01194,1.00000,0.00000,0.00000,0.00000
95.40000,3.01193,0.99984,0.00000,0.00001,0.00015
95.60000,3.01194,0.92233,0.00000,0.00000,0.07766
95.80000,3.01193,0.06567,0.00000,0.00019,0.93414
96.00000,3.01194,0.99996,0.00000,0.00002,0.00001
96.20000,3.01194,0.99998,0.00000,0.00002,0.00000
96.40000,3.01193,1.00000,0.00000,0.00000,0.00000
96.60000,3.01194,1.00000,0.00000,0.00000,0.00000
96.80000,3.01193,0.99031,0.00000,0.00968,0.00000
97.00000,3.01194,0.23277,0.00000,0.76719,0.00004
97.20000,3.01194,0.64193,0.00000,0.35806,0.00001
97.40000,3.01193,1.00000,0.00000,0.00000,0.00000
97.60000,3.01194,0.99998,0.00000,0.00000,0.00002
97.80000,3.01193,0.00701,0.00000,0.00001,0.99298
98.00000,3.01194,0.99999,0.00001,0.00000,0.00000
98.20000,3.01194,1.00000,0.00000,0.00000,0.00000
98.40000,3.01193,1.00000,0.00000,0.00000,0.00000
98.60000,3.01194,0.99972,0.00000,0.00028,0.00000
98.80000,3.01193,0.25958,0.00000,0.74041,0.00000
99.00000,3.01194,0.74224,0.00001,0.25767,0.00008
99.20000,3.01194,0.99999,0.00000,0.00001,0.00000
99.40000,3.01193,1.00000,0.00000,0.00000,0.00000
99.60000,3.01194,0.99953,0.00000,0.00001,0.00046
99.80000,3.01193,0.29100,0.00000,0.00010,0.70890
100.00000,3.01194,0.35256,0.00000,0.02510,0.62234
100.20000,3.01194,0.99999,0.00000,0.00000,0.00000
100.40000,3.01193,0.99999,0.00000,0.00001,0.00000
100.60000,3.01194,0.99999,0.00000,0.00001,0.00000
100.80000,3.01193,0.99785,0.00000,0.00198,0.00017
101.00000,3.01194,0.72489,0.00000,0.27472,0.00038
101.20000,3.01194,0.18794,0.00000,0.81204,0.00002
101.40000,3.01193,1.00000,0.00000,0.00000,0.00000
101.60000,3.01194,1.00000,0.00000,0.00000,0.00000
101.80000,3.01193,0.99991,0.00000,0.00000,0.00009
102.00000,3.01194,0.39791,0.00000,0.00005,0.60204
102.20000,3.01194,0.36184,0.00000,0.00953,0.62862
102.40000,3.01193,0.99998,0.00000,0.00002,0.00001
102.60000,3.01194,0.99991,0.00000,0.00009,0.00000
102.80000,3.01193,1.00000,0.00000,0.00000,0.00000
103.00000,3.01194,0.99999,0.00000,0.00001,0.00000
103.20000,3.01194,0.94315,0.00000,0.05683,0.00002
103.40000,3.01193,0.18528,0.00000,0.81466,0.00006
103.60000,3.01194,0.94396,0.00000,0.05595,0.00009
103.80000,3.01193,1.00000,0.00000,0.00000,0.00000
104.00000,3.01194,0.99389,0.00000,0.00003,0.00608
104.20000,3.01194,0.00573,0.00000,0.00000,0.99427
104.40000,3.01193,1.00000,0.00000,0.00000,0.00000
104.60000,3.01194,0.99999,0.00000,0.00001,0.00000
104.80000,3.01193,1.00000,0.00000,0.00000,0.00000
105.00000,3.01194,0.99821,0.00000,0.00179,0.00000
105.20000,3.01194,0.46169,0.00000,0.53831,0.00001
105.40000,3.01193,0.43009,0.00000,0.56991,0.00000
105.60000,3.01194,1.00000,0.00000,0.00000,0.00000
105.80000,3.01193,1.00000,0.00000,0.00000,0.00000
106.00000,3.01194,0.99749,0.00000,0.00000,0.00251
106.20000,3.01194,0.02015,0.00000,0.00004,0.97981
106.40000,3.01193,1.00000,0.00000,0.00000,0.00000
106.60000,3.01194,1.00000,0.00000,0.00000,0.00000
106.80000,3.01193,0.99999,0.00000,0.00001,0.00000
107.00000,3.01194,0.99080,0.00000,0.00914,0.00006
107.20000,3.01194,0.03274,0.00000,0.96726,0.00000
107.40000,3.01193,0.98643,0.00000,0.01357,0.00001
107.60000,3.01194,0.99999,0.00000,0.00000,0.00001
107.80000,3.01193,0.03386,0.00000,0.00002,0.96613
108.00000,3.01194,0.99985,0.00000,0.00000,0.00015
108.20000,3.01194,0.99996,0.00001,0.00003,0.00000
108.40000,3.01193,1.00000,0.00000,0.00000,0.00000
108.60000,3.01194,0.99999,0.00000,0.00001,0.00000
108.80000,3.01193,0.96502,0.00000,0.03498,0.00001
109.00000,3.01194,0.34510,0.00010,0.65359,0.00120
109.20000,3.01194,0.94399,0.00000,0.05601,0.00000
109.40000,3.01193,1.00000,0.00000,0.00000,0.00000
109.60000,3.01194,1.00000,0.00000,0.00000,0.00000
109.80000,3.01193,0.99947,0.00000,0.00000,0.00053
110.00000,3.01194,0.01117,0.00000,0.00001,0.98882
110.20000,3.01194,0.99928,0.00000,0.00023,0.00049
110.40000,3.01193,1.00000,0.00000,0.00000,0.00000
110.60000,3.01194,1.00000,0.00000,0.00000,0.00000
110.80000,3.01193,0.99891,0.00000,0.00109,0.00000
111.00000,3.01194,0.41910,0.00000,0.58089,0.00001
111.20000,3.01194,0.17559,0.00000,0.82441,0.00000
111.40000,3.01193,1.00000,0.00000,0.00000,0.00000
111.60000,3.01194,1.00000,0.00000,0.00000,0.00000
111.80000,3.01193,0.99973,0.00000,0.00000,0.00027
112.00000,3.01194,0.01768,0.00000,0.00003,0.98229
112.20000,3.01194,0.99994,0.00000,0.00003,0.00003
112.40000,3.01193,0.99999,0.00000,0.00001,0.00000
112.60000,3.01194,1.00000,0.00000,0.00000,0.00000
112.80000,3.01193,0.99964,0.00000,0.00035,0.00000
113.00000,3.01194,0.59358,0.00000,0.40584,0.00058
113.20000,3.01194,0.23349,0.00000,0.76649,0.00001
113.40000,3.01193,1.00000,0.00000,0.00000,0.00000
113.60000,3.01194,1.00000,0.00000,0.00000,0.00000
113.80000,3.01193,0.99997,0.00000,0.00000,0.00003
114.00000,3.01194,0.91029,0.00000,0.00000,0.08971
114.20000,3.01194,0.00627,0.00000,0.00000,0.99373
114.40000,3.01193,0.99967,0.00000,0.00031,0.00003
114.60000,3.01194,0.99988,0.00000,0.00012,0.00000
114.80000,3.01193,0.81260,0.00000,0.18736,0.00004
115.00000,3.01194,0.09915,0.00000,0.90075,0.00010
115.20000,3.01194,0.99882,0.00000,0.00031,0.00087
115.40000,3.01193,0.99632,0.00000,0.00001,0.00368
115.60000,3.01194,0.02107,0.00000,0.00002,0.97892
115.80000,3.01193,0.99811,0.00000,0.00023,0.00166
116.00000,3.01194,1.00000,0.00000,0.00000,0.00000
116.20000,3.01194,0.99996,0.00000,0.00004,0.00000
116.40000,3.01193,0.99835,0.00000,0.00163,0.00001
116.60000,3.01194,0.60907,0.00002,0.38997,0.00095
116.80000,3.01193,0.60926,0.00000,0.39065,0.00009
117.00000,3.01194,0.99683,0.00000,0.00305,0.00012
117.20000,3.01194,1.00000,0.00000,0.00000,0.00000
117.40000,3.01193,0.99997,0.00000,0.00002,0.00000
117.60000,3.01194,0.97850,0.00000,0.00498,0.01653
117.80000,3.01193,0.98255,0.00000,0.00083,0.01662
118.00000,3.01194,0.90153,0.00000,0.00340,0.09507
118.20000,3.01194,0.73558,0.00000,0.00930,0.25512
118.40000,3.01193,0.74705,0.00000,0.00595,0.24701
118.60000,3.01194,0.84567,0.00002,0.00527,0.14904
118.80000,3.01193,0.72377,0.00000,0.01088,0.26535
119.00000,3.01194,0.88331,0.00000,0.01132,0.10536
119.20000,3.01194,0.94887,0.00000,0.00017,0.05096
119.40000,3.01193,0.94606,0.00039,0.01068,0.04287
119.60000,3.01194,1.00000,0.00000,0.00000,0.00000
119.80000,3.01193,0.99994,0.00000,0.00004,0.00002
120.00000,3.01194,0.99998,0.00000,0.00001,0.00001
120.20000,3.01194,0.99995,0.00000,0.00004,0.00001
120.40000,3.01193,0.94710,0.00000,0.05081,0.00210
120.60000,3.01194,0.28360,0.00007,0.71619,0.00014
120.80000,3.01193,0.97824,0.00007,0.02169,0.00000
121.00000,3.01194,1.00000,0.00000,0.00000,0.00000
121.20000,3.01194,1.00000,0.00000,0.00000,0.00000
121.40000,3.01193,1.00000,0.00000,0.00000,0.00000
121.60000,3.01194,0.99779,0.00001,0.00023,0.00197
121.80000,3.01193,0.67984,0.00001,0.02573,0.29442
122.00000,3.01194,0.66809,0.00000,0.01612,0.31579
122.20000,3.01194,0.29810,0.00000,0.01023,0.69166
122.40000,3.01193,0.42493,0.00000,0.01363,0.56144
122.60000,3.01194,0.47259,0.00000,0.00324,0.52417
122.80000,3.01193,0.70307,0.00000,0.00129,0.29564
123.00000,3.01194,0.98964,0.00000,0.00085,0.00951
123.20000,3.01194,1.00000,0.00000,0.00000,0.00000
123.40000,3.01193,1.00000,0.00000,0.00000,0.00000
123.60000,3.01194,0.99988,0.00000,0.00012,0.00000
123.80000,3.01193,0.30905,0.00027,0.69054,0.00014
124.00000,3.01194,0.97892,0.00000,0.02105,0.00003
124.20000,3.01194,0.99997,0.00000,0.00003,0.00000
124.40000,3.01193,1.00000,0.00000,0.00000,0.00000
124.60000,3.01194,0.99740,0.00000,0.00004,0.00256
124.80000,3.01193,0.09575,0.00000,0.00016,0.90409
125.00000,3.01193,0.32127,0.00000,0.01073,0.66800
125.20000,3.01195,0.91985,0.00000,0.00079,0.07936
125.40000,3.01194,0.99998,0.00000,0.00002,0.00000
125.60000,3.01194,0.99995,0.00000,0.00004,0.00001
125.80000,3.01193,1.00000,0.00000,0.00000,0.00000
126.00000,3.01193,0.99997,0.00000,0.00003,0.00000
126.20000,3.01195,0.49942,0.00000,0.50044,0.00014
126.40000,3.01194,0.46057,0.00002,0.53758,0.00183
126.60000,3.01194,0.99919,0.00000,0.00081,0.00000
126.80000,3.01193,1.00000,0.00000,0.00000,0.00000
127.00000,3.01193,0.99951,0.00000,0.00000,0.00049
127.20000,3.01195,0.99981,0.00000,0.00000,0.00019
127.40000,3.01194,0.01120,0.00000,0.00001,0.98880
127.60000,3.01194,0.99992,0.00000,0.00007,0.00002
127.80000,3.01193,0.99998,0.00000,0.00001,0.00000
128.00000,3.01193,0.99999,0.00000,0.00001,0.00000
128.20000,3.01195,0.99982,0.00000,0.00017,0.00001
128.39999,3.01195,0.99678,0.00000,0.00322,0.00000
128.60001,3.01193,0.33198,0.00000,0.66797,0.00005
128.80000,3.01193,0.51600,0.00001,0.48287,0.00112
129.00000,3.01193,0.99999,0.00000,0.00001,0.00000
129.20000,3.01195,1.00000,0.00000,0.00000,0.00000
129.39999,3.01195,1.00000,0.00000,0.00000,0.00000
129.60001,3.01193,1.00000,0.00000,0.00000,0.00000
129.80000,3.01193,0.49205,0.00000,0.00221,0.50574
130.00000,3.01193,0.31372,0.00000,0.00647,0.67981
130.20000,3.01195,0.99647,0.00000,0.00014,0.00339
130.39999,3.01195,0.99999,0.00000,0.00001,0.00000
130.60001,3.01193,0.99998,0.00000,0.00002,0.00000
130.80000,3.01193,0.99993,0.00000,0.00004,0.00002
131.00000,3.01193,0.99965,0.00000,0.00034,0.00000
131.20000,3.01195,0.69374,0.00001,0.30379,0.00245
131.39999,3.01195,0.56769,0.00005,0.42815,0.00411
131.60001,3.01193,0.96442,0.00000,0.03557,0.00000
131.80000,3.01193,1.00000,0.00000,0.00000,0.00000
132.00000,3.01193,1.00000,0.00000,0.00000,0.00000
132.20000,3.01195,1.00000,0.00000,0.00000,0.00000
132.39999,3.01195,0.90195,0.00000,0.00028,0.09777
132.60001,3.01193,0.43672,0.00000,0.01002,0.55326
132.80000,3.01193,0.34276,0.00000,0.01128,0.64596
133.00000,3.01193,0.99980,0.00000,0.00008,0.00012
133.20000,3.01195,0.99997,0.00000,0.00003,0.00000
133.39999,3.01195,0.99966,0.00000,0.00030,0.00004
133.60001,3.01193,0.99999,0.00000,0.00001,0.00000
133.80000,3.01193,0.99944,0.00000,0.00054,0.00002
134.00000,3.01193,0.68017,0.00000,0.31899,0.00084
134.20000,3.01195,0.47025,0.00013,0.52745,0.00217
134.39999,3.01195,0.99960,0.00001,0.00038,0.00000
134.60001,3.01193,1.00000,0.00000,0.00000,0.00000
134.80000,3.01193,0.99996,0.00000,0.00000,0.00004
135.00000,3.01193,0.99982,0.00000,0.00000,0.00018
135.20000,3.01195,0.08127,0.00000,0.00045,0.91828
135.39999,3.01195,0.99704,0.00000,0.00108,0.00189
135.60001,3.01193,0.99996,0.00000,0.00003,0.00002
135.80000,3.01193,1.00000,0.00000,0.00000,0.00000
136.00000,3.01193,0.99990,0.00000,0.00010,0.00000
136.20000,3.01195,0.68279,0.00000,0.31697,0.00024
136.39999,3.01195,0.34542,0.00002,0.65377,0.00079
136.60001,3.01193,0.99993,0.00000,0.00007,0.00000
136.80000,3.01193,1.00000,0.00000,0.00000,0.00000
137.00000,3.01193,0.99997,0.00000,0.00000,0.00003
137.20000,3.01195,0.99557,0.00000,0.00000,0.00443
137.39999,3.01195,0.07398,0.00000,0.00022,0.92579
137.60001,3.01193,0.99904,0.00000,0.00021,0.00075
137.80000,3.01193,0.99999,0.00000,0.00001,0.00001
138.00000,3.01193,0.99999,0.00000,0.00001,0.00000
138.20000,3.01195,0.99980,0.00000,0.00018,0.00002
138.39999,3.01195,0.99175,0.00000,0.00804,0.00021
138.60001,3.01193,0.98655,0.00000,0.01340,0.00004
138.80000,3.01193,0.43986,0.00002,0.55879,0.00133
139.00000,3.01193,0.85850,0.00000,0.14124,0.00026
139.20000,3.01195,1.00000,0.00000,0.00000,0.00000
139.39999,3.01195,0.99998,0.00000,0.00002,0.00000
139.60001,3.01193,0.99992,0.00000,0.00000,0.00008
139.80000,3.01193,0.99920,0.00000,0.00000,0.00079
140.00000,3.01193,0.19384,0.00000,0.00148,0.80468
140.20000,3.01195,0.91210,0.00000,0.00459,0.08330
140.39999,3.01195,0.99996,0.00000,0.00002,0.00002
140.60001,3.01193,0.99999,0.00000,0.00001,0.00000
140.80000,3.01193,1.00000,0.00000,0.00000,0.00000
141.00000,3.01193,0.99962,0.00000,0.00038,0.00000
141.20000,3.01195,0.54254,0.00000,0.45723,0.00024
141.39999,3.01195,0.37578,0.00001,0.62371,0.00051
141.60001,3.01193,1.00000,0.00000,0.00000,0.00000
141.80000,3.01193,1.00000,0.00000,0.00000,0.00000
142.00000,3.01193,1.00000,0.00000,0.00000,0.00000
142.20000,3.01195,0.99987,0.00000,0.00000,0.00013
142.39999,3.01195,0.07296,0.00000,0.00022,0.92682
142.60001,3.01193,0.99962,0.00000,0.00019,0.00019
142.80000,3.01193,0.99999,0.00000,0.00000,0.00000
143.00000,3.01193,0.99999,0.00000,0.00001,0.00000
143.20000,3.01195,0.99995,0.00000,0.00004,0.00001
143.39999,3.01195,0.97210,0.00004,0.02756,0.00030
143.60001,3.01193,0.46761,0.00029,0.52906,0.00304
143.80000,3.01193,0.35639,0.00003,0.64280,0.00077
144.00000,3.01193,0.99981,0.00000,0.00019,0.00000
144.20000,3.01195,1.00000,0.00000,0.00000,0.00000
144.39999,3.01195,0.99944,0.00000,0.00000,0.00056
144.60001,3.01193,0.99844,0.00000,0.00000,0.00156
144.80000,3.01193,0.06738,0.00000,0.00027,0.93235
145.00000,3.01193,0.99983,0.00000,0.00004,0.00013
145.20000,3.01195,0.99994,0.00000,0.00003,0.00002
145.39999,3.01195,1.00000,0.00000,0.00000,0.00000
145.60001,3.01193,0.99995,0.00000,0.00005,0.00000
145.80000,3.01193,0.66372,0.00000,0.33621,0.00007
146.00000,3.01193,0.34421,0.00031,0.65381,0.00166
146.20000,3.01195,0.99992,0.00000,0.00008,0.00000
146.39999,3.01195,1.00000,0.00000,0.00000,0.00000
146.60001,3.01193,0.99995,0.00000,0.00000,0.00005
146.80000,3.01193,0.99995,0.00000,0.00000,0.00005
147.00000,3.01193,0.06674,0.00000,0.00012,0.93314
147.20000,3.01195,0.99167,0.00000,0.00146,0.00687
147.39999,3.01195,0.99992,0.00000,0.00005,0.00003
147.60001,3.01193,1.00000,0.00000,0.00000,0.00000
147.80000,3.01193,0.99999,0.00000,0.00001,0.00000
148.00000,3.01193,0.97710,0.00000,0.02287,0.00004
148.20000,3.01195,0.47661,0.00006,0.52178,0.00154
148.39999,3.01195,0.94639,0.00000,0.05361,0.00000
148.60001,3.01193,1.00000,0.00000,0.00000,0.00000
148.80000,3.01193,1.00000,0.00000,0.00000,0.00000
149.00000,3.01193,1.00000,0.00000,0.00000,0.00000
149.20000,3.01195,0.29559,0.00000,0.00014,0.70427
149.39999,3.01195,0.34896,0.00000,0.02182,0.62921
149.60001,3.01193,0.99995,0.00000,0.00002,0.00003
149.80000,3.01193,0.99997,0.00000,0.00002,0.00001
150.00000,3.01193,0.99998,0.00000,0.00002,0.00000
150.20000,3.01195,0.99999,0.00000,0.00001,0.00000
150.39999,3.01195,0.99754,0.00000,0.00239,0.00007
150.60001,3.01193,0.40242,0.00000,0.59741,0.00016
150.80000,3.01193,0.46420,0.00005,0.53569,0.00006
151.00000,3.01193,1.00000,0.00000,0.00000,0.00000
151.20000,3.01195,1.00000,0.00000,0.00000,0.00000
151.39999,3.01195,1.00000,0.00000,0.00000,0.00000
151.60001,3.01193,0.98354,0.00000,0.00002,0.01644
151.80000,3.01193,0.17193,0.00000,0.00033,0.82773
152.00000,3.01193,0.37018,0.00000,0.00982,0.62000
152.20000,3.01195,0.99980,0.00000,0.00004,0.00017
152.39999,3.01195,0.99999,0.00000,0.00001,0.00000
152.60001,3.01193,0.82327,0.00000,0.17671,0.00002
152.80000,3.01193,0.02392,0.00000,0.97608,0.00000
153.00000,3.01193,0.99557,0.00000,0.00036,0.00407
153.20000,3.01195,0.68230,0.00000,0.00207,0.31562
153.39999,3.01195,0.39105,0.00000,0.00072,0.60823
153.60001,3.01193,1.00000,0.00000,0.00000,0.00000
153.80000,3.01193,1.00000,0.00000,0.00000,0.00000
154.00000,3.01193,1.00000,0.00000,0.00000,0.00000
154.20000,3.01195,0.98231,0.00000,0.01768,0.00001
154.39999,3.01195,0.14678,0.00000,0.85318,0.00004
154.60001,3.01193,0.59413,0.00000,0.38985,0.01602
154.80000,3.01193,0.97850,0.00000,0.01921,0.00229
155.00000,3.01193,0.01555,0.00000,0.00006,0.98439
155.20000,3.01195,0.99919,0.00073,0.00000,0.00008
155.39999,3.01195,1.00000,0.00000,0.00000,0.00000
155.60001,3.01193,0.99999,0.00000,0.00001,0.00000
155.80000,3.01193,0.99941,0.00000,0.00059,0.00000
156.00000,3.01193,0.06850,0.00000,0.93150,0.00000
156.20000,3.01195,0.99374,0.00000,0.00625,0.00000
156.39999,3.01195,0.99997,0.00000,0.00000,0.00003
156.60001,3.01193,1.00000,0.00000,0.00000,0.00000
156.80000,3.01193,0.00020,0.00000,0.00000,0.99980
157.00000,3.01193,0.99120,0.00023,0.00413,0.00444
157.20000,3.01195,0.99781,0.00000,0.00218,0.00000
157.39999,3.01195,0.75295,0.00000,0.24676,0.00029
157.60001,3.01193,0.07495,0.00000,0.92498,0.00007
157.80000,3.01193,0.99934,0.00000,0.00001,0.00065
158.00000,3.01193,0.01499,0.00000,0.00000,0.98501
158.20000,3.01195,0.15023,0.00000,0.00155,0.84822
158.39999,3.01195,0.91883,0.00000,0.08103,0.00013
158.60001,3.01193,0.86903,0.00000,0.12966,0.00131
158.80000,3.01193,0.03986,0.00000,0.96013,0.00001
159.00000,3.01193,0.61030,0.00000,0.02981,0.35989
159.20000,3.01195,0.15209,0.00000,0.00114,0.84677
159.39999,3.01195,0.99993,0.00003,0.00003,0.00001
159.60001,3.01193,1.00000,0.00000,0.00000,0.00000
159.80000,3.01193,1.00000,0.00000,0.00000,0.00000
160.00000,3.01193,0.98485,0.00000,0.01515,0.00000
160.20000,3.01195,0.46192,0.00005,0.53690,0.00113
160.39999,3.01195,0.67795,0.00005,0.32173,0.00027
160.60001,3.01193,0.99999,0.00000,0.00001,0.00000
160.80000,3.01193,0.99998,0.00000,0.00000,0.00002
161.00000,3.01193,0.99643,0.00000,0.00000,0.00357
161.20000,3.01195,0.02024,0.00000,0.00002,0.97974
161.39999,3.01195,0.92052,0.00009,0.01291,0.06649
161.60001,3.01193,0.92871,0.00000,0.07115,0.00014
161.80000,3.01193,0.38281,0.00000,0.60334,0.01386
162.00000,3.01193,0.21520,0.00000,0.78338,0.00142
162.20000,3.01195,0.91909,0.00000,0.00859,0.07231
162.39999,3.01195,0.01297,0.00000,0.00000,0.98703
162.60001,3.01193,1.00000,0.00000,0.00000,0.00000
162.80000,3.01193,0.99997,0.00000,0.00003,0.00000
163.00000,3.01193,0.99655,0.00000,0.00345,0.00000
163.20000,3.01195,0.05284,0.00000,0.94716,0.00001
163.39999,3.01195,0.91285,0.00000,0.08715,0.00000
163.60001,3.01193,0.92866,0.00000,0.04503,0.02631
163.80000,3.01193,0.02576,0.00000,0.00011,0.97413
164.00000,3.01193,0.99994,0.00000,0.00000,0.00006
164.20000,3.01195,0.99999,0.00000,0.00001,0.00000
164.39999,3.01195,1.00000,0.00000,0.00000,0.00000
164.60001,3.01193,0.99812,0.00000,0.00186,0.00002
164.80000,3.01193,0.18626,0.00000,0.81373,0.00001
165.00000,3.01193,0.99973,0.00000,0.00027,0.00000
165.20000,3.01195,1.00000,0.00000,0.00000,0.00000
165.39999,3.01195,0.99997,0.00000,0.00000,0.00003
165.60001,3.01193,0.04373,0.00000,0.00000,0.95627
165.80000,3.01193,0.08727,0.00000,0.00074,0.91199
166.00000,3.01193,0.99459,0.00000,0.00535,0.00006
166.20000,3.01195,0.92654,0.00000,0.07345,0.00001
166.39999,3.01195,0.02082,0.00000,0.97917,0.00000
166.60001,3.01193,0.95586,0.00000,0.00052,0.04362
166.80000,3.01193,0.90486,0.00000,0.00065,0.09449
167.00000,3.01193,0.01715,0.00000,0.00001,0.98285
167.20000,3.01195,0.99968,0.00000,0.00031,0.00000
167.39999,3.01195,0.99493,0.00000,0.00506,0.00000
167.60001,3.01193,0.05817,0.00000,0.94181,0.00002
167.80000,3.01193,0.98623,0.00000,0.01090,0.00287
168.00000,3.01193,0.99992,0.00000,0.00000,0.00008
168.20000,3.01195,0.00315,0.00000,0.00000,0.99685
168.39999,3.01195,0.99999,0.00000,0.00000,0.00001
168.60001,3.01193,0.99996,0.00000,0.00004,0.00000
168.80000,3.01193,0.99911,0.00000,0.00089,0.00000
169.00000,3.01193,0.07550,0.00000,0.92446,0.00004
169.20000,3.01195,0.98653,0.00000,0.01338,0.00009
169.39999,3.01195,0.99775,0.00000,0.00000,0.00225
169.60001,3.01193,0.00133,0.00000,0.00000,0.99867
169.80000,3.01193,0.99816,0.00000,0.00182,0.00002
170.00000,3.01193,0.99909,0.00000,0.00091,0.00000
170.20000,3.01195,0.82081,0.00000,0.17909,0.00010
170.39999,3.01195,0.00877,0.00000,0.99123,0.00000
170.60001,3.01193,0.96811,0.00000,0.01431,0.01758
170.80000,3.01193,0.00120,0.00000,0.00000,0.99880
171.00000,3.01193,0.99973,0.00000,0.00001,0.00026
171.20000,3.01195,0.99804,0.00001,0.00193,0.00001
171.39999,3.01195,0.99584,0.00040,0.00373,0.00003
171.60001,3.01193,0.04125,0.00000,0.95873,0.00002
171.80000,3.01193,0.99856,0.00000,0.00034,0.00110
172.00000,3.01193,0.99834,0.00000,0.00000,0.00166
172.20000,3.01195,0.02160,0.00000,0.00014,0.97826
172.39999,3.01195,0.81704,0.00000,0.17936,0.00360
172.60001,3.01193,0.49731,0.00000,0.50009,0.00260
172.80000,3.01193,0.30096,0.00000,0.69557,0.00347
173.00000,3.01193,0.75957,0.00000,0.00410,0.23634
173.20000,3.01195,0.05133,0.00000,0.00003,0.94864
173.39999,3.01195,0.99986,0.00000,0.00007,0.00007
173.60001,3.01193,0.99977,0.00000,0.00023,0.00000
173.80000,3.01193,0.94441,0.00001,0.05556,0.00001
174.00000,3.01193,0.02350,0.00000,0.97649,0.00000
174.20000,3.01195,0.99779,0.00000,0.00076,0.00144
174.39999,3.01195,0.57932,0.00000,0.00095,0.41973
174.60001,3.01193,0.07385,0.00000,0.00000,0.92615
174.80000,3.01193,0.99959,0.00000,0.00041,0.00001
175.00000,3.01193,0.99916,0.00000,0.00082,0.00002
175.20000,3.01195,0.48579,0.00000,0.51352,0.00069
175.39999,3.01195,0.04081,0.00000,0.95918,0.00001
175.60001,3.01193,0.99866,0.00000,0.00014,0.00120
175.80000,3.01193,0.99999,0.00000,0.00000,0.00001
176.00000,3.01193,0.00012,0.00000,0.00000,0.99988
176.20000,3.01195,0.99962,0.00000,0.00034,0.00004
176.39999,3.01195,0.99868,0.00000,0.00132,0.00000
176.60001,3.01193,0.86266,0.00000,0.13728,0.00006
176.80000,3.01193,0.03738,0.00000,0.96261,0.00001
177.00000,3.01193,0.81592,0.00000,0.08886,0.09522
177.20000,3.01195,0.01787,0.00000,0.00000,0.98212
177.39999,3.01195,1.00000,0.00000,0.00000,0.00000
177.60001,3.01193,0.99903,0.00000,0.00094,0.00003
177.80000,3.01193,0.99875,0.00002,0.00115,0.00007
178.00000,3.01193,0.03431,0.00000,0.96569,0.00000
178.20000,3.01195,0.95938,0.00000,0.04061,0.00000
178.39999,3.01195,0.99989,0.00000,0.00001,0.00010
178.60001,3.01193,0.99997,0.00000,0.00000,0.00003
178.80000,3.01193,0.02479,0.00000,0.00005,0.97517
179.00000,3.01193,0.90873,0.00001,0.08959,0.00167
179.20000,3.01195,0.44704,0.00000,0.51479,0.03817
179.39999,3.01195,0.69243,0.00000,0.17978,0.12778
179.60001,3.01193,0.28411,0.00000,0.00171,0.71419
179.80000,3.01193,0.93142,0.00000,0.00090,0.06768
180.00000,3.01193,0.99999,0.00000,0.00001,0.00000
180.20000,3.01195,0.99995,0.00000,0.00005,0.00000
180.39999,3.01195,0.92748,0.00000,0.07249,0.00003
180.60001,3.01193,0.01404,0.00000,0.98596,0.00000
180.80000,3.01193,0.99995,0.00000,0.00003,0.00001
181.00000,3.01193,0.99951,0.00000,0.00002,0.00048
181.20000,3.01195,0.04345,0.00000,0.00060,0.95594
181.39999,3.01195,0.96880,0.00008,0.02090,0.01022
181.60001,3.01193,0.40615,0.00000,0.55571,0.03814
181.80000,3.01193,0.34330,0.00000,0.00775,0.64895
182.00000,3.01193,0.52073,0.00000,0.04459,0.43468
182.20000,3.01195,0.55415,0.00000,0.07436,0.37149
182.39999,3.01195,0.99910,0.00000,0.00089,0.00001
182.60001,3.01193,0.99922,0.00000,0.00078,0.00000
182.80000,3.01193,0.99277,0.00000,0.00723,0.00000
