Time (seconds), Duration (seconds),pred_(unlabeled),pred_imbalance,pred_working,pred_impact
0.00000,3.01194,0.48573,0.00000,0.11025,0.40402
0.20000,3.01194,0.56294,0.00001,0.39724,0.03981
0.40000,3.01194,0.74581,0.00001,0.22148,0.03270
0.60000,3.01194,0.61672,0.00001,0.05734,0.32594
0.80000,3.01194,0.34028,0.00004,0.01375,0.64594
1.00000,3.01194,0.64385,0.00544,0.04196,0.30874
1.20000,3.01194,0.98207,0.00035,0.01148,0.00611
1.40000,3.01194,0.97877,0.00003,0.01377,0.00743
1.60000,3.01194,0.83705,0.00004,0.15658,0.00633
1.80000,3.01194,0.49743,0.00001,0.49339,0.00917
2.00000,3.01194,0.91790,0.00007,0.06238,0.01965
2.20000,3.01194,0.97664,0.00001,0.02265,0.00071
2.40000,3.01194,0.95322,0.00000,0.03960,0.00718
2.60000,3.01194,0.81121,0.00001,0.05286,0.13593
2.80000,3.01194,0.55630,0.00241,0.21622,0.22506
3.00000,3.01194,0.55715,0.00075,0.24951,0.19259
3.20000,3.01194,0.53126,0.00000,0.45820,0.01053
3.40000,3.01194,0.64336,0.00001,0.35321,0.00343
3.60000,3.01194,0.94151,0.00000,0.03051,0.02797
3.80000,3.01194,0.46223,0.00000,0.01132,0.52644
4.00000,3.01194,0.34657,0.00001,0.00688,0.64653
4.20000,3.01194,0.83529,0.00014,0.01127,0.15330
4.40000,3.01194,0.99848,0.00001,0.00113,0.00038
4.60000,3.01194,0.98362,0.00000,0.01598,0.00040
4.80000,3.01194,0.83019,0.00001,0.16888,0.00093
5.00000,3.01194,0.59329,0.00000,0.40209,0.00463
5.20000,3.01194,0.92042,0.00000,0.02423,0.05535
5.40000,3.01194,0.93300,0.00006,0.02830,0.03864
5.60000,3.01194,0.77750,0.00004,0.12532,0.09714
5.80000,3.01194,0.63773,0.00008,0.27544,0.08676
6.00000,3.01194,0.73163,0.00032,0.23222,0.03583
6.20000,3.01194,0.83323,0.00001,0.13967,0.02710
6.40000,3.01194,0.96407,0.00000,0.00907,0.02686
6.60000,3.01194,0.29697,0.00001,0.00608,0.69694
6.80000,3.01194,0.50425,0.00010,0.01491,0.48075
7.00000,3.01194,0.93418,0.00080,0.01731,0.04771
7.20000,3.01194,0.98666,0.00002,0.01019,0.00313
7.40000,3.01194,0.96386,0.00000,0.03079,0.00535
7.60000,3.01194,0.73529,0.00001,0.08600,0.17870
7.80000,3.01194,0.74890,0.00029,0.17295,0.07786
8.00000,3.01194,0.86464,0.00000,0.12906,0.00630
8.20000,3.01194,0.96098,0.00001,0.02937,0.00964
8.40000,3.01194,0.99460,0.00000,0.00430,0.00111
8.60000,3.01194,0.98586,0.00000,0.00109,0.01305
8.80000,3.01194,0.30346,0.00002,0.00756,0.68895
9.00000,3.01194,0.59078,0.00071,0.00853,0.39998
9.20000,3.01194,0.99401,0.00045,0.00264,0.00290
9.40000,3.01194,0.99396,0.00002,0.00467,0.00135
9.60000,3.01194,0.98235,0.00000,0.01577,0.00188
9.80000,3.01194,0.76093,0.00001,0.15833,0.08074
10.00000,3.01194,0.65807,0.00015,0.27268,0.06910
10.20000,3.01194,0.87965,0.00000,0.11256,0.00779
10.40000,3.01194,0.99487,0.00000,0.00240,0.00273
10.60000,3.01194,0.99687,0.00000,0.00137,0.00176
10.80000,3.01194,0.95670,0.00001,0.00152,0.04177
11.00000,3.01194,0.27744,0.00001,0.00510,0.71745
11.20000,3.01194,0.86031,0.00234,0.00793,0.12942
11.40000,3.01194,0.98992,0.00018,0.00767,0.00222
11.60000,3.01194,0.98548,0.00001,0.01231,0.00220
11.80000,3.01194,0.96282,0.00000,0.01934,0.01784
12.00000,3.01194,0.66697,0.00012,0.20356,0.12934
12.20000,3.01194,0.77509,0.00000,0.20938,0.01552
12.40000,3.01194,0.94181,0.00000,0.04443,0.01376
12.60000,3.01194,0.99562,0.00000,0.00315,0.00123
12.80000,3.01194,0.99810,0.00000,0.00038,0.00152
13.00000,3.01194,0.44403,0.00000,0.00542,0.55055
13.20000,3.01194,0.48364,0.00013,0.01020,0.50603
13.40000,3.01194,0.96699,0.00041,0.00782,0.02478
13.60000,3.01194,0.99684,0.00001,0.00272,0.00044
13.80000,3.01194,0.97309,0.00000,0.01659,0.01032
14.00000,3.01194,0.75122,0.00008,0.19699,0.05171
14.20000,3.01194,0.57880,0.00000,0.40556,0.01564
14.40000,3.01194,0.93202,0.00001,0.05019,0.01778
14.60000,3.01194,0.99879,0.00000,0.00058,0.00063
14.80000,3.01194,0.99602,0.00000,0.00025,0.00374
15.00000,3.01194,0.48784,0.00001,0.01348,0.49866
15.20000,3.01194,0.46301,0.00035,0.00904,0.52760
15.40000,3.01194,0.94173,0.00094,0.01244,0.04488
15.60000,3.01194,0.99265,0.00001,0.00528,0.00205
15.80000,3.01194,0.93898,0.00001,0.02875,0.03226
16.00000,3.01194,0.58586,0.00076,0.27619,0.13719
16.20000,3.01194,0.41939,0.00011,0.56172,0.01878
16.40000,3.01194,0.96551,0.00004,0.03336,0.00108
16.60000,3.01194,0.99851,0.00000,0.00108,0.00041
16.80000,3.01194,0.99634,0.00000,0.00033,0.00333
17.00000,3.01194,0.32332,0.00000,0.00219,0.67449
17.20000,3.01194,0.31234,0.00001,0.00394,0.68371
17.40000,3.01194,0.98832,0.00006,0.00207,0.00954
17.60000,3.01194,0.99915,0.00000,0.00065,0.00020
17.80000,3.01194,0.96110,0.00001,0.02339,0.01550
18.00000,3.01194,0.85421,0.00000,0.11786,0.02793
18.20000,3.01194,0.29007,0.00001,0.70488,0.00504
18.40000,3.01194,0.97671,0.00000,0.02232,0.00097
18.60000,3.01194,0.99946,0.00000,0.00020,0.00033
18.80000,3.01194,0.93989,0.00001,0.00038,0.05973
19.00000,3.01194,0.37834,0.00009,0.00476,0.61682
19.20000,3.01194,0.86834,0.00006,0.00662,0.12498
19.40000,3.01194,0.99500,0.00000,0.00333,0.00167
19.60000,3.01194,0.91029,0.00001,0.04372,0.04599
19.80000,3.01194,0.43802,0.00004,0.52950,0.03243
20.00000,3.01194,0.34295,0.00000,0.65548,0.00157
20.20000,3.01194,0.99785,0.00000,0.00198,0.00017
20.40000,3.01194,0.99976,0.00000,0.00003,0.00021
20.60000,3.01194,0.66180,0.00000,0.00202,0.33618
20.80000,3.01194,0.31740,0.00000,0.00319,0.67941
21.00000,3.01194,0.47288,0.00002,0.02716,0.49993
21.20000,3.01194,0.96703,0.00001,0.01341,0.01955
21.40000,3.01194,0.96225,0.00000,0.02679,0.01095
21.60000,3.01194,0.49885,0.00000,0.49139,0.00976
21.80000,3.01194,0.50673,0.00000,0.49068,0.00259
22.00000,3.01194,0.98539,0.00000,0.00933,0.00528
22.20000,3.01194,0.67940,0.00001,0.00236,0.31823
22.40000,3.01194,0.49937,0.00015,0.00374,0.49674
22.60000,3.01194,0.98524,0.00004,0.00215,0.01257
22.80000,3.01194,0.99147,0.00002,0.00610,0.00241
23.00000,3.01194,0.92100,0.00000,0.04385,0.03515
23.20000,3.01194,0.28212,0.00004,0.69967,0.01818
23.40000,3.01194,0.68888,0.00000,0.30662,0.00449
23.60000,3.01194,0.99897,0.00000,0.00048,0.00056
23.80000,3.01194,0.96793,0.00000,0.00012,0.03195
24.00000,3.01194,0.37582,0.00006,0.00388,0.62023
24.20000,3.01194,0.93329,0.00076,0.00401,0.06194
24.40000,3.01194,0.96807,0.00003,0.01930,0.01260
24.60000,3.01194,0.83448,0.00003,0.06499,0.10050
24.80000,3.01194,0.41115,0.00002,0.56203,0.02679
25.00000,3.01194,0.55443,0.00000,0.44038,0.00519
25.20000,3.01194,0.99725,0.00000,0.00133,0.00141
25.40000,3.01194,0.98815,0.00000,0.00013,0.01173
25.60000,3.01194,0.26179,0.00003,0.00341,0.73477
25.80000,3.01194,0.84489,0.00271,0.01036,0.14204
26.00000,3.01194,0.97889,0.00006,0.01358,0.00747
26.20000,3.01194,0.92068,0.00003,0.03949,0.03980
26.40000,3.01194,0.69744,0.00005,0.25880,0.04370
26.60000,3.01194,0.27774,0.00000,0.71355,0.00871
26.80000,3.01194,0.98754,0.00000,0.00808,0.00437
27.00000,3.01194,0.99423,0.00000,0.00013,0.00564
27.20000,3.01194,0.28211,0.00004,0.00486,0.71298
27.40000,3.01194,0.76157,0.00385,0.00684,0.22773
27.60000,3.01194,0.93873,0.00053,0.02630,0.03444
27.80000,3.01194,0.88909,0.00030,0.06095,0.04966
28.00000,3.01194,0.58586,0.00019,0.31742,0.09653
28.20000,3.01194,0.24691,0.00000,0.74710,0.00599
28.40000,3.01194,0.97942,0.00001,0.01313,0.00744
28.60000,3.01194,0.96043,0.00001,0.00052,0.03904
28.80000,3.01194,0.32681,0.00058,0.00416,0.66845
29.00000,3.01194,0.83181,0.00038,0.00599,0.16182
29.20000,3.01194,0.98051,0.00020,0.00838,0.01090
29.40000,3.01194,0.93470,0.00003,0.03802,0.02725
29.60000,3.01194,0.43094,0.00006,0.53825,0.03075
29.80000,3.01194,0.23287,0.00000,0.76584,0.00129
30.00000,3.01194,0.99820,0.00000,0.00160,0.00019
30.20000,3.01194,0.98617,0.00000,0.00034,0.01349
30.40000,3.01194,0.34910,0.00000,0.01045,0.64045
30.60000,3.01194,0.30622,0.00001,0.01014,0.68364
30.80000,3.01194,0.75868,0.00029,0.06584,0.17519
31.00000,3.01194,0.61408,0.00000,0.31218,0.07373
31.20000,3.01194,0.26697,0.00000,0.72757,0.00546
31.40000,3.01194,0.81010,0.00000,0.12186,0.06803
31.60000,3.01194,0.36549,0.00001,0.00965,0.62485
31.80000,3.01194,0.77589,0.00052,0.00538,0.21822
32.00000,3.01194,0.97305,0.00007,0.01447,0.01241
32.20000,3.01194,0.93351,0.00000,0.04279,0.02369
32.40000,3.01194,0.50159,0.00001,0.46638,0.03202
32.60000,3.01194,0.16289,0.00000,0.83571,0.00140
32.80000,3.01194,0.99598,0.00000,0.00214,0.00188
33.00000,3.01194,0.76628,0.00000,0.00067,0.23305
33.20000,3.01194,0.36402,0.00003,0.00539,0.63055
33.40000,3.01194,0.81688,0.00021,0.01402,0.16890
33.60000,3.01194,0.94228,0.00003,0.03491,0.02277
33.80000,3.01194,0.59324,0.00000,0.30894,0.09781
34.00000,3.01194,0.19531,0.00000,0.80202,0.00267
34.20000,3.01194,0.98401,0.00000,0.01450,0.00149
34.40000,3.01194,0.84552,0.00000,0.00196,0.15252
34.60000,3.01194,0.32159,0.00001,0.00257,0.67584
34.80000,3.01194,0.89455,0.00011,0.01039,0.09495
35.00000,3.01194,0.94196,0.00011,0.03562,0.02231
35.20000,3.01194,0.80268,0.00006,0.09201,0.10525
35.40000,3.01194,0.29220,0.00000,0.69906,0.00874
35.60000,3.01194,0.91083,0.00000,0.08486,0.00431
35.80000,3.01194,0.98324,0.00000,0.00093,0.01583
36.00000,3.01194,0.43171,0.00002,0.00102,0.56725
36.20000,3.01194,0.80023,0.00036,0.00600,0.19341
36.40000,3.01194,0.96719,0.00032,0.01321,0.01927
36.60000,3.01194,0.88984,0.00021,0.06359,0.04637
36.80000,3.01194,0.59357,0.00000,0.39181,0.01462
37.00000,3.01194,0.24240,0.00000,0.75518,0.00242
37.20000,3.01194,0.97939,0.00002,0.01426,0.00633
37.40000,3.01194,0.98426,0.00000,0.00026,0.01547
37.60000,3.01194,0.27553,0.00001,0.00543,0.71903
37.80000,3.01194,0.43613,0.00382,0.03032,0.52973
38.00000,3.01194,0.90097,0.00008,0.04356,0.05539
38.20000,3.01194,0.71102,0.00000,0.26833,0.02065
38.40000,3.01194,0.27829,0.00000,0.71885,0.00285
38.60000,3.01194,0.76522,0.00000,0.22655,0.00823
38.80000,3.01194,0.90485,0.00000,0.00520,0.08995
39.00000,3.01194,0.25064,0.00000,0.00541,0.74396
39.20000,3.01194,0.43926,0.00010,0.01705,0.54359
39.40000,3.01194,0.93637,0.00000,0.03939,0.02425
39.60000,3.01194,0.61374,0.00000,0.35808,0.02818
39.80000,3.01194,0.22478,0.00000,0.77191,0.00331
40.00000,3.01194,0.95936,0.00000,0.02870,0.01194
40.20000,3.01194,0.39511,0.00001,0.00691,0.59797
40.40000,3.01194,0.50920,0.00006,0.00334,0.48740
40.60000,3.01194,0.98069,0.00003,0.00331,0.01596
40.80000,3.01194,0.98694,0.00001,0.00963,0.00343
41.00000,3.01194,0.72634,0.00000,0.25901,0.01465
41.20000,3.01194,0.14633,0.00000,0.85221,0.00146
41.40000,3.01194,0.99191,0.00000,0.00753,0.00056
41.60000,3.01194,0.96076,0.00000,0.00030,0.03893
41.80000,3.01194,0.40744,0.00000,0.00057,0.59200
42.00000,3.01194,0.94194,0.00031,0.00236,0.05539
42.20000,3.01194,0.99191,0.00002,0.00543,0.00264
42.40000,3.01194,0.92117,0.00001,0.04704,0.03178
42.60000,3.01194,0.34064,0.00000,0.65341,0.00595
42.80000,3.01194,0.63911,0.00000,0.35812,0.00277
43.00000,3.01194,0.99892,0.00000,0.00033,0.00074
43.20000,3.01194,0.96042,0.00000,0.00005,0.03953
43.40000,3.01194,0.39133,0.00003,0.00203,0.60661
43.60000,3.01194,0.97930,0.00046,0.00140,0.01883
43.80000,3.01194,0.99449,0.00003,0.00373,0.00175
44.00000,3.01194,0.80590,0.00002,0.13148,0.06260
44.20000,3.01194,0.24289,0.00000,0.75604,0.00107
44.40000,3.01194,0.63507,0.00000,0.36288,0.00205
44.60000,3.01194,0.96697,0.00000,0.00189,0.03115
44.80000,3.01194,0.42227,0.00000,0.00471,0.57302
45.00000,3.01194,0.29857,0.00009,0.01549,0.68584
45.20000,3.01194,0.57440,0.00007,0.07153,0.35400
45.40000,3.01194,0.53698,0.00000,0.40900,0.05402
45.60000,3.01194,0.45937,0.00000,0.49633,0.04430
45.80000,3.01194,0.45046,0.00000,0.06828,0.48126
46.00000,3.01194,0.36696,0.00001,0.02375,0.60928
46.20000,3.01194,0.66091,0.00189,0.02679,0.31041
46.40000,3.01194,0.97944,0.00014,0.01563,0.00480
46.60000,3.01194,0.64743,0.00000,0.33408,0.01849
46.80000,3.01194,0.20013,0.00000,0.79715,0.00271
47.00000,3.01194,0.95455,0.00000,0.03399,0.01146
47.20000,3.01194,0.44251,0.00000,0.00372,0.55377
47.40000,3.01194,0.34239,0.00001,0.00380,0.65380
47.60000,3.01194,0.98423,0.00014,0.00255,0.01309
47.80000,3.01194,0.98909,0.00000,0.00981,0.00109
48.00000,3.01194,0.48450,0.00002,0.48625,0.02923
48.20000,3.01194,0.19722,0.00000,0.80073,0.00205
48.40000,3.01194,0.99140,0.00000,0.00474,0.00386
48.60000,3.01194,0.33754,0.00000,0.00194,0.66051
48.80000,3.01194,0.67477,0.00005,0.00156,0.32362
49.00000,3.01194,0.99611,0.00003,0.00113,0.00273
49.20000,3.01194,0.98719,0.00005,0.00946,0.00330
49.40000,3.01194,0.83300,0.00000,0.15253,0.01447
49.60000,3.01194,0.14129,0.00000,0.85757,0.00113
49.80000,3.01194,0.99316,0.00000,0.00621,0.00063
50.00000,3.01194,0.98554,0.00000,0.00012,0.01434
50.20000,3.01194,0.31188,0.00000,0.00037,0.68775
50.40000,3.01194,0.96298,0.00004,0.00064,0.03634
50.60000,3.01194,0.99856,0.00005,0.00071,0.00068
50.80000,3.01194,0.98567,0.00001,0.00875,0.00557
51.00000,3.01194,0.84704,0.00004,0.13250,0.02043
51.20000,3.01194,0.21367,0.00001,0.78368,0.00265
51.40000,3.01194,0.98378,0.00000,0.01599,0.00023
51.60000,3.01194,0.99979,0.00000,0.00004,0.00018
51.80000,3.01194,0.88464,0.00000,0.00038,0.11497
52.00000,3.01194,0.27454,0.00000,0.00286,0.72260
52.20000,3.01194,0.51761,0.00068,0.00896,0.47275
52.40000,3.01194,0.96817,0.00002,0.01435,0.01746
52.60000,3.01194,0.94140,0.00000,0.05507,0.00353
52.80000,3.01194,0.19358,0.00000,0.80551,0.00091
53.00000,3.01194,0.84847,0.00000,0.14986,0.00167
53.20000,3.01194,0.98599,0.00000,0.00219,0.01182
53.40000,3.01194,0.22095,0.00000,0.00125,0.77780
53.60000,3.01194,0.72370,0.00028,0.00357,0.27246
53.80000,3.01194,0.99797,0.00001,0.00091,0.00111
54.00000,3.01194,0.98785,0.00000,0.01143,0.00072
54.20000,3.01194,0.32118,0.00000,0.67582,0.00300
54.40000,3.01194,0.54806,0.00000,0.45054,0.00141
54.60000,3.01194,0.99845,0.00000,0.00049,0.00106
54.80000,3.01194,0.26773,0.00000,0.00091,0.73137
55.00000,3.01194,0.83188,0.00001,0.00080,0.16730
55.20000,3.01194,0.99912,0.00001,0.00020,0.00068
55.40000,3.01194,0.99353,0.00009,0.00478,0.00161
55.60000,3.01194,0.85349,0.00001,0.13193,0.01457
55.80000,3.01194,0.18178,0.00000,0.81789,0.00033
56.00000,3.01194,0.97463,0.00000,0.02521,0.00015
56.20000,3.01194,0.99941,0.00000,0.00001,0.00058
56.40000,3.01194,0.70105,0.00000,0.00012,0.29883
56.60000,3.01194,0.27470,0.00002,0.00212,0.72316
56.80000,3.01194,0.94216,0.00020,0.00441,0.05323
57.00000,3.01194,0.99641,0.00001,0.00258,0.00100
57.20000,3.01194,0.67980,0.00000,0.31893,0.00127
57.40000,3.01194,0.14596,0.00000,0.85359,0.00045
57.60000,3.01194,0.97860,0.00000,0.01883,0.00257
57.80000,3.01194,0.62217,0.00000,0.00228,0.37555
58.00000,3.01194,0.19450,0.00001,0.00327,0.80222
58.20000,3.01194,0.71485,0.00004,0.01535,0.26975
58.40000,3.01194,0.96423,0.00012,0.01597,0.01968
58.60000,3.01194,0.54069,0.00000,0.45297,0.00634
58.80000,3.01194,0.19913,0.00000,0.79965,0.00121
59.00000,3.01194,0.96256,0.00000,0.03352,0.00392
59.20000,3.01194,0.53630,0.00000,0.01024,0.45346
59.40000,3.01194,0.25172,0.00000,0.00677,0.74151
59.60000,3.01194,0.37180,0.00007,0.02491,0.60322
59.80000,3.01194,0.80787,0.00009,0.03748,0.15456
60.00000,3.01194,0.45891,0.00000,0.53390,0.00720
60.20000,3.01194,0.23887,0.00000,0.76004,0.00109
60.40000,3.01194,0.94511,0.00000,0.04800,0.00689
60.60000,3.01194,0.63743,0.00000,0.01024,0.35233
60.80000,3.01194,0.31205,0.00000,0.00325,0.68470
61.00000,3.01194,0.93768,0.00011,0.00255,0.05965
61.20000,3.01194,0.99019,0.00000,0.00505,0.00477
61.40000,3.01193,0.96553,0.00000,0.03117,0.00330
61.60000,3.01194,0.25873,0.00000,0.74013,0.00114
61.80000,3.01194,0.57168,0.00000,0.42669,0.00163
62.00000,3.01194,0.99444,0.00000,0.00391,0.00165
62.20000,3.01194,0.65433,0.00000,0.00072,0.34495
62.40000,3.01193,0.40514,0.00003,0.00124,0.59359
62.60000,3.01194,0.98723,0.00001,0.00059,0.01217
62.80000,3.01194,0.99939,0.00000,0.00041,0.00019
63.00000,3.01194,0.98810,0.00001,0.00673,0.00516
63.20000,3.01194,0.69414,0.00010,0.28535,0.02040
63.40000,3.01193,0.23269,0.00001,0.76617,0.00113
63.60000,3.01194,0.99674,0.00000,0.00316,0.00009
63.80000,3.01194,0.99990,0.00000,0.00003,0.00008
64.00000,3.01194,0.79814,0.00000,0.00172,0.20015
64.20000,3.01194,0.29172,0.00000,0.00912,0.69916
64.40000,3.01193,0.33671,0.00006,0.01409,0.64914
64.60000,3.01194,0.84234,0.00044,0.05553,0.10169
64.80000,3.01193,0.62306,0.00000,0.33460,0.04234
65.00000,3.01194,0.20011,0.00000,0.79814,0.00176
65.20000,3.01194,0.95039,0.00000,0.03550,0.01412
65.40000,3.01193,0.33698,0.00000,0.00773,0.65528
65.60000,3.01194,0.59749,0.00036,0.00476,0.39740
65.80000,3.01193,0.99225,0.00013,0.00337,0.00425
66.00000,3.01194,0.98243,0.00001,0.01206,0.00551
66.20000,3.01194,0.55957,0.00000,0.43757,0.00287
66.40000,3.01193,0.18443,0.00000,0.81458,0.00099
66.60000,3.01194,0.99853,0.00000,0.00063,0.00083
66.80000,3.01193,0.41902,0.00000,0.00077,0.58020
67.00000,3.01194,0.37524,0.00001,0.00172,0.62303
67.20000,3.01194,0.88901,0.00009,0.00566,0.10525
67.40000,3.01193,0.99749,0.00008,0.00207,0.00036
67.60000,3.01194,0.53263,0.00000,0.46242,0.00495
67.80000,3.01193,0.16673,0.00000,0.83264,0.00063
68.00000,3.01194,0.99174,0.00000,0.00734,0.00092
68.20000,3.01194,0.84088,0.00000,0.00111,0.15800
68.40000,3.01193,0.31599,0.00000,0.00132,0.68269
68.60000,3.01194,0.59743,0.00009,0.00719,0.39529
68.80000,3.01193,0.97754,0.00000,0.00757,0.01489
69.00000,3.01194,0.96950,0.00000,0.02560,0.00491
69.20000,3.01194,0.29340,0.00000,0.70592,0.00069
69.40000,3.01193,0.74276,0.00000,0.25566,0.00159
69.60000,3.01194,0.99125,0.00000,0.00475,0.00400
69.80000,3.01193,0.27995,0.00000,0.00168,0.71837
70.00000,3.01194,0.49172,0.00004,0.00145,0.50679
70.20000,3.01194,0.99730,0.00002,0.00029,0.00239
70.40000,3.01193,0.99815,0.00002,0.00129,0.00054
70.60000,3.01194,0.95618,0.00001,0.02634,0.01747
70.80000,3.01193,0.26842,0.00000,0.73085,0.00072
71.00000,3.01194,0.82235,0.00000,0.17743,0.00021
71.20000,3.01194,0.99933,0.00000,0.00008,0.00059
71.40000,3.01193,0.97088,0.00000,0.00002,0.02910
71.60000,3.01194,0.29609,0.00000,0.00100,0.70291
71.80000,3.01193,0.78920,0.00014,0.00133,0.20934
72.00000,3.01194,0.99969,0.00002,0.00008,0.00021
72.20000,3.01194,0.99872,0.00000,0.00097,0.00030
72.40000,3.01193,0.94819,0.00002,0.04501,0.00679
72.60000,3.01194,0.15437,0.00000,0.84429,0.00134
72.80000,3.01193,0.70895,0.00000,0.29066,0.00039
73.00000,3.01194,0.99973,0.00000,0.00017,0.00010
73.20000,3.01194,0.99803,0.00000,0.00002,0.00194
73.40000,3.01193,0.41004,0.00000,0.00157,0.58840
73.60000,3.01194,0.32487,0.00000,0.00552,0.66961
73.80000,3.01193,0.91093,0.00019,0.01180,0.07707
74.00000,3.01194,0.94921,0.00000,0.02261,0.02817
74.20000,3.01194,0.61965,0.00000,0.37954,0.00082
74.40000,3.01193,0.18074,0.00000,0.81845,0.00081
74.60000,3.01194,0.96924,0.00000,0.02932,0.00144
74.80000,3.01193,0.97387,0.00000,0.00186,0.02427
75.00000,3.01194,0.21022,0.00000,0.00122,0.78856
75.20000,3.01194,0.88649,0.00001,0.00114,0.11235
75.40000,3.01193,0.99967,0.00000,0.00014,0.00019
75.60000,3.01194,0.99473,0.00000,0.00349,0.00178
75.80000,3.01193,0.91182,0.00000,0.08636,0.00181
76.00000,3.01194,0.22029,0.00000,0.77860,0.00111
76.20000,3.01194,0.98831,0.00000,0.01128,0.00042
76.40000,3.01193,0.99912,0.00000,0.00002,0.00087
76.60000,3.01194,0.54285,0.00000,0.00019,0.45696
76.80000,3.01193,0.53992,0.00002,0.00152,0.45855
77.00000,3.01194,0.99566,0.00054,0.00025,0.00354
77.20000,3.01194,0.99906,0.00002,0.00070,0.00022
77.40000,3.01193,0.97113,0.00002,0.01591,0.01293
77.60000,3.01194,0.22302,0.00003,0.77181,0.00514
77.80000,3.01193,0.62683,0.00001,0.37202,0.00114
78.00000,3.01194,0.99878,0.00001,0.00057,0.00064
78.20000,3.01194,0.99115,0.00000,0.00011,0.00874
78.40000,3.01193,0.74548,0.00003,0.00229,0.25219
78.60000,3.01194,0.33475,0.00004,0.01278,0.65243
78.80000,3.01193,0.39596,0.00134,0.05089,0.55181
79.00000,3.01194,0.49375,0.00027,0.06752,0.43846
79.20000,3.01194,0.74921,0.00020,0.09199,0.15859
79.40000,3.01193,0.61897,0.00007,0.26687,0.11409
79.60000,3.01194,0.78558,0.00000,0.04647,0.16795
79.80000,3.01193,0.77470,0.00002,0.00200,0.22328
80.00000,3.01194,0.63670,0.00033,0.00207,0.36090
80.20000,3.01194,0.99832,0.00150,0.00002,0.00016
80.40000,3.01193,0.99965,0.00033,0.00001,0.00001
80.60000,3.01194,0.99212,0.00027,0.00711,0.00051
80.80000,3.01193,0.92117,0.00335,0.07470,0.00078
81.00000,3.01194,0.13268,0.00001,0.86678,0.00053
81.20000,3.01194,0.99384,0.00000,0.00611,0.00005
81.40000,3.01193,0.99930,0.00000,0.00008,0.00062
81.60000,3.01194,0.96499,0.00000,0.00003,0.03498
81.80000,3.01193,0.37526,0.00000,0.00048,0.62426
82.00000,3.01194,0.49419,0.00004,0.00344,0.50234
82.20000,3.01194,0.99864,0.00001,0.00016,0.00120
82.40000,3.01193,0.99991,0.00000,0.00006,0.00003
82.60000,3.01194,0.99168,0.00014,0.00666,0.00153
82.80000,3.01193,0.93391,0.00081,0.06447,0.00081
83.00000,3.01194,0.12390,0.00005,0.87531,0.00074
83.20000,3.01194,0.97344,0.00000,0.02646,0.00010
83.40000,3.01193,0.99910,0.00000,0.00027,0.00062
83.60000,3.01194,0.99324,0.00000,0.00002,0.00674
83.80000,3.01193,0.49047,0.00000,0.00038,0.50915
84.00000,3.01194,0.46437,0.00002,0.00208,0.53354
84.20000,3.01194,0.99652,0.00017,0.00033,0.00298
84.40000,3.01193,0.99944,0.00001,0.00034,0.00021
84.60000,3.01194,0.97593,0.00010,0.02179,0.00217
84.80000,3.01193,0.29849,0.00017,0.69757,0.00376
85.00000,3.01194,0.42611,0.00035,0.56324,0.01029
85.20000,3.01194,0.98129,0.00004,0.01478,0.00389
85.40000,3.01193,0.99738,0.00000,0.00055,0.00206
85.60000,3.01194,0.96501,0.00000,0.00155,0.03344
85.80000,3.01193,0.44407,0.00000,0.01868,0.53725
86.00000,3.01194,0.40176,0.00000,0.00851,0.58973
86.20000,3.01194,0.33160,0.00000,0.00806,0.66034
86.40000,3.01193,0.88143,0.00018,0.00748,0.11091
86.60000,3.01194,0.99915,0.00037,0.00013,0.00035
86.80000,3.01193,0.99884,0.00043,0.00066,0.00008
87.00000,3.01194,0.98178,0.00170,0.01312,0.00339
87.20000,3.01194,0.23297,0.00136,0.75609,0.00957
87.40000,3.01193,0.62234,0.00019,0.37442,0.00304
87.60000,3.01194,0.99299,0.00003,0.00540,0.00158
87.80000,3.01193,0.99970,0.00000,0.00006,0.00025
88.00000,3.01194,0.98035,0.00001,0.00076,0.01889
88.20000,3.01194,0.68402,0.00000,0.00330,0.31268
88.40000,3.01193,0.34010,0.00000,0.00301,0.65689
88.60000,3.01194,0.38232,0.00001,0.00701,0.61067
88.80000,3.01193,0.97926,0.00012,0.00123,0.01939
89.00000,3.01194,0.99981,0.00010,0.00006,0.00004
89.20000,3.01194,0.99890,0.00019,0.00082,0.00009
89.40000,3.01193,0.93797,0.01787,0.03390,0.01026
89.60000,3.01194,0.47546,0.00370,0.51170,0.00913
89.80000,3.01193,0.53635,0.00107,0.45544,0.00713
90.00000,3.01194,0.99693,0.00000,0.00260,0.00047
90.20000,3.01194,0.99941,0.00000,0.00032,0.00027
90.40000,3.01193,0.94708,0.00000,0.00104,0.05188
90.60000,3.01194,0.57355,0.00000,0.00093,0.42552
90.80000,3.01193,0.35019,0.00001,0.00161,0.64819
91.00000,3.01194,0.91573,0.00040,0.00220,0.08167
91.20000,3.01194,0.99988,0.00001,0.00006,0.00006
91.40000,3.01193,0.99957,0.00001,0.00038,0.00004
91.60000,3.01194,0.91794,0.00241,0.06975,0.00989
91.80000,3.01193,0.30838,0.00066,0.68709,0.00387
92.00000,3.01194,0.56090,0.00004,0.43787,0.00119
92.20000,3.01194,0.99804,0.00000,0.00168,0.00027
92.40000,3.01193,0.99934,0.00000,0.00007,0.00060
92.60000,3.01194,0.68912,0.00004,0.00780,0.30304
92.80000,3.01193,0.70397,0.00023,0.00701,0.28879
93.00000,3.01194,0.59385,0.00010,0.02793,0.37811
93.20000,3.01194,0.43030,0.00000,0.04674,0.52296
93.40000,3.01193,0.54539,0.00000,0.02901,0.42560
93.60000,3.01194,0.87056,0.00000,0.04802,0.08142
93.80000,3.01193,0.98790,0.00008,0.00197,0.01005
94.00000,3.01194,0.99981,0.00016,0.00002,0.00002
94.20000,3.01194,0.99966,0.00010,0.00018,0.00006
94.40000,3.01193,0.97666,0.00055,0.01730,0.00550
94.60000,3.01194,0.60815,0.00605,0.36576,0.02004
94.80000,3.01193,0.26103,0.00126,0.73325,0.00446
95.00000,3.01194,0.98866,0.00006,0.01038,0.00090
95.20000,3.01194,0.99990,0.00000,0.00006,0.00004
95.40000,3.01193,0.99086,0.00001,0.00018,0.00894
95.60000,3.01194,0.76158,0.00000,0.00065,0.23777
95.80000,3.01193,0.28184,0.00000,0.00147,0.71669
96.00000,3.01194,0.56775,0.00002,0.00588,0.42635
96.20000,3.01194,0.99715,0.00005,0.00050,0.00230
96.40000,3.01193,0.99994,0.00001,0.00004,0.00002
96.60000,3.01194,0.99726,0.00008,0.00245,0.00022
96.80000,3.01193,0.88815,0.00034,0.10751,0.00400
97.00000,3.01194,0.17358,0.00000,0.82575,0.00066
97.20000,3.01194,0.92000,0.00000,0.07921,0.00080
97.40000,3.01193,0.99945,0.00000,0.00018,0.00037
97.60000,3.01194,0.99858,0.00000,0.00001,0.00141
97.80000,3.01193,0.22003,0.00000,0.00061,0.77937
98.00000,3.01194,0.75243,0.00138,0.00108,0.24511
98.20000,3.01194,0.99834,0.00006,0.00039,0.00121
98.40000,3.01193,0.99611,0.00001,0.00227,0.00160
98.60000,3.01194,0.95198,0.00006,0.03290,0.01506
98.80000,3.01193,0.22135,0.00004,0.77025,0.00836
99.00000,3.01194,0.82948,0.00003,0.16797,0.00252
99.20000,3.01194,0.99648,0.00006,0.00141,0.00205
99.40000,3.01193,0.99877,0.00000,0.00005,0.00118
99.60000,3.01194,0.83385,0.00000,0.00150,0.16465
99.80000,3.01193,0.36230,0.00000,0.00593,0.63177
100.00000,3.01194,0.35100,0.00000,0.00636,0.64264
100.20000,3.01194,0.93660,0.00002,0.00468,0.05870
100.40000,3.01193,0.99845,0.00007,0.00057,0.00090
100.60000,3.01194,0.99921,0.00009,0.00052,0.00018
100.80000,3.01193,0.94417,0.01601,0.03678,0.00303
101.00000,3.01194,0.57199,0.01330,0.40420,0.01051
101.20000,3.01194,0.41222,0.00072,0.58075,0.00631
101.40000,3.01193,0.96928,0.00010,0.02966,0.00097
101.60000,3.01194,0.99916,0.00001,0.00044,0.00039
101.80000,3.01193,0.93360,0.00000,0.00085,0.06554
102.00000,3.01194,0.58422,0.00000,0.00238,0.41340
102.20000,3.01194,0.39261,0.00001,0.00205,0.60533
102.40000,3.01193,0.75275,0.00003,0.00420,0.24302
102.60000,3.01194,0.99924,0.00000,0.00032,0.00044
102.80000,3.01193,0.99912,0.00001,0.00078,0.00010
103.00000,3.01194,0.97564,0.00247,0.01618,0.00571
103.20000,3.01194,0.66888,0.00028,0.31539,0.01545
103.40000,3.01193,0.36836,0.00000,0.63087,0.00077
103.60000,3.01194,0.98151,0.00000,0.01808,0.00040
103.80000,3.01193,0.99940,0.00000,0.00007,0.00053
104.00000,3.01194,0.98497,0.00000,0.00004,0.01500
104.20000,3.01194,0.24237,0.00000,0.00125,0.75638
104.40000,3.01193,0.87064,0.00010,0.00111,0.12814
104.60000,3.01194,0.99990,0.00001,0.00004,0.00005
104.80000,3.01193,0.99847,0.00000,0.00112,0.00041
105.00000,3.01194,0.97101,0.00014,0.02522,0.00363
105.20000,3.01194,0.26456,0.00002,0.72477,0.01065
105.40000,3.01193,0.84842,0.00000,0.15107,0.00051
105.60000,3.01194,0.99938,0.00000,0.00048,0.00014
105.80000,3.01193,0.99938,0.00000,0.00002,0.00060
106.00000,3.01194,0.79864,0.00000,0.00026,0.20110
106.20000,3.01194,0.26977,0.00001,0.00143,0.72880
106.40000,3.01193,0.89432,0.00009,0.00260,0.10299
106.60000,3.01194,0.99895,0.00003,0.00036,0.00066
106.80000,3.01193,0.99280,0.00001,0.00599,0.00120
107.00000,3.01194,0.76757,0.00001,0.22477,0.00764
107.20000,3.01194,0.21877,0.00000,0.78103,0.00020
107.40000,3.01193,0.98692,0.00000,0.01275,0.00034
107.60000,3.01194,0.99814,0.00000,0.00003,0.00183
107.80000,3.01193,0.41731,0.00000,0.00017,0.58252
108.00000,3.01194,0.62032,0.00003,0.00102,0.37864
108.20000,3.01194,0.99942,0.00018,0.00007,0.00032
108.40000,3.01193,0.99992,0.00000,0.00007,0.00002
108.60000,3.01194,0.99395,0.00001,0.00451,0.00153
108.80000,3.01193,0.86379,0.00003,0.12661,0.00956
109.00000,3.01194,0.25362,0.00004,0.73835,0.00799
109.20000,3.01194,0.99154,0.00000,0.00838,0.00008
109.40000,3.01193,0.99948,0.00000,0.00043,0.00009
109.60000,3.01194,0.99881,0.00000,0.00002,0.00117
109.80000,3.01193,0.64423,0.00000,0.00037,0.35540
110.00000,3.01194,0.28381,0.00002,0.00169,0.71448
110.20000,3.01194,0.92370,0.00015,0.00150,0.07465
110.40000,3.01193,0.99993,0.00000,0.00004,0.00003
110.60000,3.01194,0.99856,0.00000,0.00121,0.00022
110.80000,3.01193,0.93509,0.00004,0.04893,0.01594
111.00000,3.01194,0.33195,0.00010,0.66099,0.00696
111.20000,3.01194,0.59761,0.00001,0.40182,0.00056
111.40000,3.01193,0.99878,0.00000,0.00106,0.00015
111.60000,3.01194,0.99962,0.00000,0.00002,0.00036
111.80000,3.01193,0.85915,0.00000,0.00028,0.14057
112.00000,3.01194,0.28180,0.00001,0.00106,0.71712
112.20000,3.01194,0.69087,0.00011,0.00268,0.30634
112.40000,3.01193,0.99881,0.00002,0.00037,0.00080
112.60000,3.01194,0.99864,0.00000,0.00091,0.00044
112.80000,3.01193,0.94164,0.00013,0.03874,0.01949
113.00000,3.01194,0.51353,0.00027,0.46754,0.01865
113.20000,3.01194,0.49466,0.00002,0.50295,0.00237
113.40000,3.01193,0.99278,0.00000,0.00691,0.00030
113.60000,3.01194,0.99952,0.00000,0.00020,0.00029
113.80000,3.01193,0.97640,0.00000,0.00027,0.02332
114.00000,3.01194,0.33632,0.00001,0.00319,0.66049
114.20000,3.01194,0.32980,0.00001,0.00739,0.66281
114.40000,3.01193,0.62082,0.00040,0.03621,0.34257
114.60000,3.01194,0.94531,0.00005,0.02801,0.02663
114.80000,3.01193,0.55437,0.00000,0.43989,0.00574
115.00000,3.01194,0.23262,0.00000,0.76567,0.00171
115.20000,3.01194,0.95921,0.00000,0.03181,0.00898
115.40000,3.01193,0.50461,0.00000,0.01639,0.47899
115.60000,3.01194,0.34068,0.00000,0.00315,0.65617
115.80000,3.01193,0.70006,0.00076,0.00074,0.29844
116.00000,3.01194,0.98878,0.00003,0.00091,0.01028
116.20000,3.01194,0.99869,0.00001,0.00068,0.00062
116.40000,3.01193,0.99105,0.00802,0.00085,0.00008
116.60000,3.01194,0.56514,0.01784,0.40719,0.00983
116.80000,3.01193,0.28188,0.00078,0.71379,0.00355
117.00000,3.01194,0.83218,0.00430,0.15893,0.00459
117.20000,3.01194,0.98576,0.00003,0.00336,0.01085
117.40000,3.01193,0.91685,0.00001,0.00156,0.08158
117.60000,3.01194,0.89120,0.00012,0.00125,0.10743
117.80000,3.01193,0.49532,0.00004,0.02257,0.48207
118.00000,3.01194,0.42626,0.00007,0.04096,0.53270
118.20000,3.01194,0.60989,0.00179,0.02893,0.35940
118.40000,3.01193,0.57838,0.00164,0.05146,0.36852
118.60000,3.01194,0.71493,0.00501,0.07579,0.20427
118.80000,3.01193,0.91915,0.00008,0.07396,0.00682
119.00000,3.01194,0.85401,0.00012,0.11910,0.02678
119.20000,3.01194,0.81937,0.00000,0.03085,0.14978
119.40000,3.01193,0.81953,0.00000,0.01030,0.17016
119.60000,3.01194,0.91524,0.00004,0.00743,0.07729
119.80000,3.01193,0.99894,0.00019,0.00028,0.00059
120.00000,3.01194,0.99996,0.00003,0.00001,0.00000
120.20000,3.01194,0.99735,0.00008,0.00211,0.00045
120.40000,3.01193,0.94361,0.00011,0.05357,0.00271
120.60000,3.01194,0.15807,0.00006,0.84001,0.00186
120.80000,3.01193,0.61539,0.00041,0.38217,0.00203
121.00000,3.01194,0.99573,0.00002,0.00300,0.00124
121.20000,3.01194,0.99879,0.00000,0.00007,0.00113
121.40000,3.01193,0.89310,0.00021,0.00335,0.10334
121.60000,3.01194,0.68491,0.00710,0.01283,0.29516
121.80000,3.01193,0.54193,0.00028,0.03148,0.42630
122.00000,3.01194,0.57918,0.00010,0.07517,0.34556
122.20000,3.01194,0.56242,0.00000,0.08844,0.34913
122.40000,3.01193,0.59713,0.00000,0.08341,0.31946
122.60000,3.01194,0.70629,0.00001,0.02412,0.26958
122.80000,3.01193,0.56942,0.00002,0.01297,0.41759
123.00000,3.01194,0.82063,0.00230,0.00423,0.17285
123.20000,3.01194,0.99731,0.00046,0.00055,0.00168
123.40000,3.01193,0.99559,0.00020,0.00275,0.00147
123.60000,3.01194,0.94738,0.00022,0.05096,0.00144
123.80000,3.01193,0.32989,0.00199,0.65838,0.00974
124.00000,3.01194,0.61572,0.00013,0.38024,0.00390
124.20000,3.01194,0.93916,0.00010,0.05533,0.00541
124.40000,3.01193,0.97895,0.00011,0.00277,0.01817
124.60000,3.01194,0.90766,0.00000,0.00163,0.09070
124.80000,3.01193,0.41286,0.00000,0.00982,0.57732
125.00000,3.01193,0.37127,0.00000,0.01091,0.61782
125.20000,3.01195,0.48171,0.00000,0.00954,0.50875
125.40000,3.01194,0.93810,0.00024,0.00415,0.05752
125.60000,3.01194,0.99927,0.00008,0.00052,0.00013
125.80000,3.01193,0.99942,0.00024,0.00024,0.00010
126.00000,3.01193,0.95055,0.01383,0.02314,0.01248
126.20000,3.01195,0.59087,0.00168,0.37862,0.02884
126.40000,3.01194,0.39014,0.00043,0.58486,0.02458
126.60000,3.01194,0.98390,0.00001,0.01552,0.00057
126.80000,3.01193,0.99895,0.00000,0.00099,0.00006
127.00000,3.01193,0.99488,0.00000,0.00011,0.00501
127.20000,3.01195,0.67493,0.00000,0.00036,0.32470
127.40000,3.01194,0.24545,0.00000,0.00100,0.75355
127.60000,3.01194,0.94647,0.00001,0.00183,0.05169
127.80000,3.01193,0.99989,0.00001,0.00004,0.00006
128.00000,3.01193,0.99914,0.00001,0.00084,0.00001
128.20000,3.01195,0.99122,0.00001,0.00774,0.00103
128.39999,3.01195,0.88218,0.00166,0.09890,0.01726
128.60001,3.01193,0.46569,0.00283,0.48951,0.04197
128.80000,3.01193,0.88614,0.00011,0.08935,0.02440
129.00000,3.01193,0.99730,0.00000,0.00232,0.00038
129.20000,3.01195,0.99519,0.00020,0.00318,0.00142
129.39999,3.01195,0.99733,0.00001,0.00059,0.00207
129.60001,3.01193,0.93996,0.00001,0.00204,0.05798
129.80000,3.01193,0.38034,0.00001,0.00645,0.61320
130.00000,3.01193,0.34948,0.00000,0.00428,0.64624
130.20000,3.01195,0.68610,0.00000,0.00836,0.30554
130.39999,3.01195,0.99170,0.00001,0.00293,0.00536
130.60001,3.01193,0.99925,0.00001,0.00067,0.00007
130.80000,3.01193,0.99973,0.00004,0.00021,0.00002
131.00000,3.01193,0.97795,0.00042,0.01719,0.00444
131.20000,3.01195,0.65507,0.00050,0.32234,0.02210
131.39999,3.01195,0.43153,0.00096,0.54550,0.02201
131.60001,3.01193,0.97047,0.00040,0.02735,0.00178
131.80000,3.01193,0.99755,0.00003,0.00217,0.00025
132.00000,3.01193,0.99791,0.00002,0.00036,0.00171
132.20000,3.01195,0.93623,0.00001,0.00068,0.06308
132.39999,3.01195,0.46448,0.00001,0.00591,0.52960
132.60001,3.01193,0.38663,0.00000,0.00789,0.60548
132.80000,3.01193,0.41942,0.00000,0.01176,0.56882
133.00000,3.01193,0.80716,0.00000,0.01553,0.17731
133.20000,3.01195,0.99110,0.00002,0.00497,0.00391
133.39999,3.01195,0.99899,0.00013,0.00082,0.00005
133.60001,3.01193,0.99729,0.00012,0.00142,0.00117
133.80000,3.01193,0.93041,0.00154,0.04915,0.01890
134.00000,3.01193,0.58321,0.00276,0.35456,0.05947
134.20000,3.01195,0.50680,0.00012,0.47050,0.02257
134.39999,3.01195,0.97789,0.00002,0.02138,0.00071
134.60001,3.01193,0.99854,0.00000,0.00125,0.00020
134.80000,3.01193,0.99810,0.00000,0.00012,0.00178
135.00000,3.01193,0.67294,0.00000,0.00167,0.32539
135.20000,3.01195,0.32764,0.00000,0.00251,0.66985
135.39999,3.01195,0.49523,0.00009,0.00952,0.49515
135.60001,3.01193,0.99131,0.00000,0.00295,0.00573
135.80000,3.01193,0.99441,0.00000,0.00331,0.00228
136.00000,3.01193,0.94508,0.00004,0.04099,0.01389
136.20000,3.01195,0.58691,0.00150,0.38311,0.02848
136.39999,3.01195,0.44348,0.00015,0.54873,0.00764
136.60001,3.01193,0.93919,0.00010,0.05906,0.00166
136.80000,3.01193,0.99820,0.00002,0.00144,0.00035
137.00000,3.01193,0.98826,0.00000,0.00057,0.01117
137.20000,3.01195,0.57800,0.00001,0.00302,0.41898
137.39999,3.01195,0.30631,0.00000,0.00234,0.69135
137.60001,3.01193,0.60389,0.00001,0.00614,0.38997
137.80000,3.01193,0.99485,0.00000,0.00084,0.00430
138.00000,3.01193,0.99982,0.00001,0.00015,0.00002
138.20000,3.01195,0.99835,0.00002,0.00162,0.00001
138.39999,3.01195,0.98402,0.00157,0.00973,0.00467
138.60001,3.01193,0.83077,0.00253,0.13005,0.03665
138.80000,3.01193,0.56171,0.00143,0.38786,0.04900
139.00000,3.01193,0.90066,0.00060,0.06937,0.02938
139.20000,3.01195,0.99561,0.00002,0.00398,0.00039
139.39999,3.01195,0.99465,0.00085,0.00359,0.00090
139.60001,3.01193,0.99310,0.00001,0.00066,0.00623
139.80000,3.01193,0.83894,0.00000,0.00149,0.15957
140.00000,3.01193,0.35224,0.00000,0.00290,0.64486
140.20000,3.01195,0.41708,0.00002,0.00537,0.57754
140.39999,3.01195,0.97717,0.00015,0.00147,0.02121
140.60001,3.01193,0.99855,0.00000,0.00107,0.00038
140.80000,3.01193,0.99762,0.00002,0.00198,0.00037
141.00000,3.01193,0.94960,0.00185,0.04442,0.00412
141.20000,3.01195,0.58272,0.00021,0.39769,0.01937
141.39999,3.01195,0.58918,0.00023,0.40640,0.00419
141.60001,3.01193,0.98476,0.00002,0.01448,0.00074
141.80000,3.01193,0.99932,0.00007,0.00042,0.00019
142.00000,3.01193,0.98690,0.00000,0.00024,0.01285
142.20000,3.01195,0.56288,0.00000,0.00238,0.43473
142.39999,3.01195,0.30955,0.00000,0.00223,0.68823
142.60001,3.01193,0.69777,0.00004,0.00822,0.29397
142.80000,3.01193,0.99282,0.00003,0.00181,0.00534
143.00000,3.01193,0.99835,0.00029,0.00105,0.00030
143.20000,3.01195,0.99754,0.00009,0.00206,0.00030
143.39999,3.01195,0.93265,0.00471,0.05313,0.00951
143.60001,3.01193,0.42418,0.00031,0.53054,0.04497
143.80000,3.01193,0.71634,0.00126,0.26399,0.01841
144.00000,3.01193,0.99070,0.00048,0.00755,0.00126
144.20000,3.01195,0.99757,0.00011,0.00163,0.00069
144.39999,3.01195,0.98870,0.00000,0.00052,0.01078
144.60001,3.01193,0.82159,0.00001,0.00101,0.17738
144.80000,3.01193,0.32028,0.00000,0.00300,0.67672
145.00000,3.01193,0.69660,0.00058,0.00488,0.29794
145.20000,3.01195,0.99447,0.00022,0.00150,0.00381
145.39999,3.01195,0.99529,0.00001,0.00281,0.00189
145.60001,3.01193,0.96855,0.00019,0.02263,0.00863
145.80000,3.01193,0.63004,0.00248,0.33573,0.03175
146.00000,3.01193,0.39576,0.00008,0.59494,0.00922
146.20000,3.01195,0.97625,0.00002,0.02255,0.00118
146.39999,3.01195,0.99822,0.00005,0.00110,0.00063
146.60001,3.01193,0.99530,0.00000,0.00017,0.00453
146.80000,3.01193,0.76958,0.00000,0.00105,0.22937
147.00000,3.01193,0.33745,0.00000,0.00289,0.65966
147.20000,3.01195,0.52024,0.00003,0.00696,0.47277
147.39999,3.01195,0.98679,0.00002,0.00196,0.01123
147.60001,3.01193,0.99543,0.00000,0.00273,0.00183
147.80000,3.01193,0.98787,0.00010,0.00926,0.00278
148.00000,3.01193,0.76773,0.00071,0.22075,0.01081
148.20000,3.01195,0.38659,0.00053,0.59019,0.02270
148.39999,3.01195,0.75784,0.00017,0.23853,0.00346
148.60001,3.01193,0.98447,0.00046,0.01114,0.00392
148.80000,3.01193,0.99951,0.00001,0.00019,0.00030
149.00000,3.01193,0.92209,0.00001,0.00174,0.07615
149.20000,3.01195,0.37188,0.00000,0.00484,0.62328
149.39999,3.01195,0.35084,0.00000,0.00510,0.64406
149.60001,3.01193,0.77453,0.00001,0.01407,0.21138
149.80000,3.01193,0.99552,0.00002,0.00147,0.00299
150.00000,3.01193,0.99972,0.00000,0.00026,0.00002
150.20000,3.01195,0.99907,0.00016,0.00068,0.00009
150.39999,3.01195,0.93804,0.00090,0.05519,0.00588
150.60001,3.01193,0.44465,0.00025,0.54530,0.00980
150.80000,3.01193,0.46947,0.00064,0.52618,0.00371
151.00000,3.01193,0.99275,0.00015,0.00546,0.00164
151.20000,3.01195,0.99972,0.00000,0.00013,0.00014
151.39999,3.01195,0.98924,0.00001,0.00045,0.01030
151.60001,3.01193,0.74771,0.00000,0.00271,0.24958
151.80000,3.01193,0.32853,0.00000,0.01631,0.65516
152.00000,3.01193,0.36091,0.00002,0.02911,0.60995
152.20000,3.01195,0.56361,0.00015,0.04370,0.39254
152.39999,3.01195,0.83803,0.00034,0.07951,0.08213
152.60001,3.01193,0.40009,0.00000,0.59933,0.00057
152.80000,3.01193,0.25591,0.00000,0.74343,0.00065
153.00000,3.01193,0.96010,0.00000,0.03271,0.00720
153.20000,3.01195,0.69608,0.00000,0.00410,0.29981
153.39999,3.01195,0.30543,0.00001,0.00176,0.69280
153.60001,3.01193,0.98558,0.00003,0.00053,0.01386
153.80000,3.01193,0.99967,0.00000,0.00015,0.00018
154.00000,3.01193,0.99042,0.00002,0.00646,0.00311
154.20000,3.01195,0.86167,0.00001,0.13109,0.00723
154.39999,3.01195,0.25598,0.00001,0.73783,0.00618
154.60001,3.01193,0.98973,0.00000,0.00966,0.00061
154.80000,3.01193,0.99806,0.00000,0.00008,0.00186
155.00000,3.01193,0.60908,0.00000,0.00052,0.39039
155.20000,3.01195,0.62281,0.00013,0.00254,0.37452
155.39999,3.01195,0.98132,0.00247,0.00241,0.01379
155.60001,3.01193,0.97781,0.00006,0.01170,0.01043
155.80000,3.01193,0.88296,0.00016,0.05410,0.06278
156.00000,3.01193,0.20618,0.00001,0.79122,0.00259
156.20000,3.01195,0.94426,0.00000,0.05507,0.00066
156.39999,3.01195,0.99678,0.00000,0.00043,0.00278
156.60001,3.01193,0.76034,0.00000,0.00107,0.23859
156.80000,3.01193,0.23620,0.00001,0.00500,0.75878
157.00000,3.01193,0.44441,0.00214,0.02356,0.52989
157.20000,3.01195,0.81599,0.00039,0.05246,0.13116
157.39999,3.01195,0.55455,0.00000,0.43930,0.00615
157.60001,3.01193,0.30364,0.00000,0.69275,0.00361
157.80000,3.01193,0.68811,0.00001,0.05674,0.25514
158.00000,3.01193,0.33224,0.00001,0.04569,0.62206
158.20000,3.01195,0.40430,0.00003,0.02183,0.57384
158.39999,3.01195,0.73878,0.00005,0.11379,0.14738
158.60001,3.01193,0.56967,0.00000,0.33847,0.09186
158.80000,3.01193,0.42699,0.00000,0.55063,0.02237
159.00000,3.01193,0.71636,0.00000,0.04517,0.23847
159.20000,3.01195,0.45886,0.00016,0.00657,0.53441
159.39999,3.01195,0.95508,0.00355,0.00101,0.04036
159.60001,3.01193,0.99953,0.00007,0.00019,0.00022
159.80000,3.01193,0.99543,0.00000,0.00280,0.00176
160.00000,3.01193,0.87516,0.00052,0.09929,0.02503
160.20000,3.01195,0.34500,0.00219,0.59108,0.06172
160.39999,3.01195,0.94062,0.00018,0.05654,0.00266
160.60001,3.01193,0.99945,0.00000,0.00044,0.00011
160.80000,3.01193,0.99010,0.00000,0.00090,0.00899
161.00000,3.01193,0.69864,0.00001,0.01218,0.28916
161.20000,3.01195,0.30676,0.00012,0.01265,0.68047
161.39999,3.01195,0.39138,0.00030,0.02625,0.58207
161.60001,3.01193,0.74976,0.00135,0.13610,0.11280
161.80000,3.01193,0.42851,0.00000,0.56444,0.00705
162.00000,3.01193,0.46741,0.00000,0.50438,0.02820
162.20000,3.01195,0.65211,0.00000,0.03742,0.31048
162.39999,3.01195,0.34615,0.00000,0.00514,0.64871
162.60001,3.01193,0.39898,0.00007,0.02802,0.57293
162.80000,3.01193,0.96998,0.00007,0.01565,0.01430
163.00000,3.01193,0.91740,0.00000,0.07046,0.01214
163.20000,3.01195,0.22695,0.00000,0.76944,0.00361
163.39999,3.01195,0.90884,0.00000,0.08965,0.00151
163.60001,3.01193,0.98140,0.00000,0.00446,0.01413
163.80000,3.01193,0.19275,0.00000,0.00090,0.80635
164.00000,3.01193,0.95024,0.00010,0.00029,0.04936
164.20000,3.01195,0.99938,0.00001,0.00024,0.00037
164.39999,3.01195,0.99293,0.00004,0.00417,0.00287
164.60001,3.01193,0.91887,0.00002,0.06988,0.01123
164.80000,3.01193,0.16719,0.00002,0.83068,0.00211
165.00000,3.01193,0.95150,0.00000,0.04811,0.00039
165.20000,3.01195,0.99975,0.00000,0.00009,0.00016
165.39999,3.01195,0.90923,0.00000,0.00087,0.08990
165.60001,3.01193,0.30840,0.00003,0.00531,0.68626
165.80000,3.01193,0.34001,0.00003,0.01240,0.64756
166.00000,3.01193,0.75825,0.00068,0.04867,0.19240
166.20000,3.01195,0.68061,0.00000,0.30101,0.01838
166.39999,3.01195,0.27210,0.00000,0.72619,0.00171
166.60001,3.01193,0.78195,0.00000,0.15132,0.06673
166.80000,3.01193,0.34880,0.00000,0.01209,0.63911
167.00000,3.01193,0.30401,0.00011,0.01513,0.68075
167.20000,3.01195,0.93295,0.00010,0.01687,0.05008
167.39999,3.01195,0.84456,0.00001,0.13788,0.01755
167.60001,3.01193,0.23381,0.00000,0.76572,0.00048
167.80000,3.01193,0.85285,0.00000,0.14416,0.00298
168.00000,3.01193,0.75733,0.00000,0.00980,0.23287
168.20000,3.01195,0.25761,0.00000,0.00308,0.73931
168.39999,3.01195,0.36554,0.00008,0.01049,0.62389
168.60001,3.01193,0.98108,0.00001,0.00645,0.01246
168.80000,3.01193,0.76452,0.00001,0.22506,0.01041
169.00000,3.01193,0.18285,0.00000,0.81679,0.00035
169.20000,3.01195,0.93771,0.00000,0.05974,0.00255
169.39999,3.01195,0.53807,0.00000,0.00972,0.45221
169.60001,3.01193,0.25380,0.00000,0.00893,0.73727
169.80000,3.01193,0.49100,0.00048,0.02030,0.48822
170.00000,3.01193,0.92395,0.00003,0.03808,0.03794
170.20000,3.01195,0.65020,0.00000,0.33423,0.01557
170.39999,3.01195,0.19787,0.00000,0.79963,0.00250
170.60001,3.01193,0.91492,0.00000,0.01577,0.06932
170.80000,3.01193,0.30042,0.00001,0.00724,0.69233
171.00000,3.01193,0.49784,0.00129,0.00993,0.49094
171.20000,3.01195,0.99337,0.00119,0.00293,0.00251
171.39999,3.01195,0.74625,0.00002,0.23295,0.02078
171.60001,3.01193,0.37036,0.00000,0.61686,0.01278
171.80000,3.01193,0.68937,0.00002,0.16994,0.14067
172.00000,3.01193,0.42480,0.00003,0.03604,0.53912
172.20000,3.01195,0.27991,0.00006,0.02867,0.69137
172.39999,3.01195,0.72484,0.00312,0.03121,0.24082
172.60001,3.01193,0.69929,0.00002,0.28240,0.01829
172.80000,3.01193,0.56137,0.00001,0.36657,0.07204
173.00000,3.01193,0.49470,0.00000,0.08724,0.41806
173.20000,3.01195,0.36670,0.00002,0.01118,0.62210
173.39999,3.01195,0.33481,0.00011,0.03257,0.63251
173.60001,3.01193,0.98283,0.00293,0.00562,0.00862
173.80000,3.01193,0.84612,0.00001,0.15025,0.00362
174.00000,3.01193,0.25668,0.00000,0.73865,0.00467
174.20000,3.01195,0.84563,0.00000,0.14318,0.01119
174.39999,3.01195,0.43305,0.00000,0.00493,0.56201
174.60001,3.01193,0.26277,0.00007,0.00428,0.73288
174.80000,3.01193,0.97913,0.00020,0.00254,0.01813
175.00000,3.01193,0.99563,0.00295,0.00082,0.00060
175.20000,3.01195,0.55591,0.00009,0.43553,0.00847
175.39999,3.01195,0.19532,0.00000,0.80399,0.00070
175.60001,3.01193,0.97730,0.00000,0.01685,0.00585
175.80000,3.01193,0.60409,0.00000,0.00403,0.39188
176.00000,3.01193,0.20842,0.00000,0.00555,0.78602
176.20000,3.01195,0.66250,0.00048,0.01645,0.32058
176.39999,3.01195,0.91220,0.00003,0.03778,0.04999
176.60001,3.01193,0.50890,0.00000,0.48256,0.00854
176.80000,3.01193,0.49709,0.00000,0.49716,0.00575
177.00000,3.01193,0.87417,0.00000,0.02973,0.09609
177.20000,3.01195,0.29579,0.00001,0.00498,0.69922
177.39999,3.01195,0.95179,0.00091,0.00153,0.04577
177.60001,3.01193,0.99905,0.00010,0.00055,0.00029
177.80000,3.01193,0.93639,0.00001,0.05339,0.01021
178.00000,3.01193,0.20387,0.00000,0.79530,0.00082
178.20000,3.01195,0.66428,0.00000,0.32485,0.01088
178.39999,3.01195,0.96397,0.00004,0.00454,0.03144
178.60001,3.01193,0.48958,0.00001,0.03717,0.47325
178.80000,3.01193,0.31070,0.00002,0.02059,0.66868
179.00000,3.01193,0.65804,0.00001,0.09048,0.25147
179.20000,3.01195,0.49039,0.00001,0.45694,0.05266
179.39999,3.01195,0.63380,0.00000,0.15474,0.21146
179.60001,3.01193,0.36827,0.00000,0.02690,0.60484
179.80000,3.01193,0.44866,0.00003,0.01156,0.53975
180.00000,3.01193,0.96777,0.00286,0.00279,0.02658
180.20000,3.01195,0.99579,0.00002,0.00322,0.00096
180.39999,3.01195,0.69075,0.00000,0.30283,0.00643
180.60001,3.01193,0.26103,0.00000,0.73101,0.00796
180.80000,3.01193,0.93106,0.00002,0.05270,0.01622
181.00000,3.01193,0.72801,0.00001,0.02303,0.24895
181.20000,3.01195,0.62874,0.00000,0.00532,0.36593
181.39999,3.01195,0.60410,0.00000,0.01158,0.38432
181.60001,3.01193,0.60505,0.00003,0.28801,0.10692
181.80000,3.01193,0.49021,0.00001,0.03878,0.47100
182.00000,3.01193,0.54416,0.00005,0.02867,0.42712
182.20000,3.01195,0.61513,0.00151,0.02365,0.35972
182.39999,3.01195,0.98551,0.00224,0.00312,0.00913
182.60001,3.01193,0.98770,0.00023,0.00999,0.00208
182.80000,3.01193,0.73325,0.00061,0.22076,0.04537
