Time (seconds), Duration (seconds),pred_(unlabeled),pred_imbalance,pred_working,pred_impact
0.00000,3.01194,0.65542,0.34400,0.00013,0.00045
0.20000,3.01194,0.06042,0.93950,0.00002,0.00006
0.40000,3.01194,0.01691,0.98305,0.00001,0.00003
0.60000,3.01194,0.01136,0.98861,0.00000,0.00002
0.80000,3.01194,0.01823,0.98168,0.00002,0.00007
1.00000,3.01194,0.01882,0.98116,0.00000,0.00002
1.20000,3.01194,0.02279,0.97715,0.00001,0.00005
1.40000,3.01194,0.03444,0.96546,0.00002,0.00007
1.60000,3.01194,0.03111,0.96881,0.00001,0.00007
1.80000,3.01194,0.01339,0.98658,0.00000,0.00002
2.00000,3.01194,0.01300,0.98694,0.00001,0.00004
2.20000,3.01194,0.01205,0.98788,0.00002,0.00006
2.40000,3.01194,0.01287,0.98712,0.00000,0.00001
2.60000,3.01194,0.01400,0.98596,0.00000,0.00003
2.80000,3.01194,0.02303,0.97693,0.00001,0.00004
3.00000,3.01194,0.01424,0.98570,0.00002,0.00005
3.20000,3.01194,0.01043,0.98953,0.00001,0.00004
3.40000,3.01194,0.01294,0.98701,0.00001,0.00005
3.60000,3.01194,0.02172,0.97824,0.00000,0.00003
3.80000,3.01194,0.01723,0.98272,0.00000,0.00004
4.00000,3.01194,0.02482,0.97508,0.00001,0.00009
4.20000,3.01194,0.01012,0.98986,0.00000,0.00002
4.40000,3.01194,0.01905,0.98093,0.00000,0.00002
4.60000,3.01194,0.01892,0.98103,0.00001,0.00005
4.80000,3.01194,0.02425,0.97570,0.00000,0.00004
5.00000,3.01194,0.02667,0.97326,0.00002,0.00005
5.20000,3.01194,0.02222,0.97775,0.00001,0.00003
5.40000,3.01194,0.02588,0.97404,0.00002,0.00006
5.60000,3.01194,0.01351,0.98646,0.00000,0.00002
5.80000,3.01194,0.01263,0.98735,0.00000,0.00002
6.00000,3.01194,0.00673,0.99324,0.00000,0.00002
6.20000,3.01194,0.01121,0.98875,0.00001,0.00003
6.40000,3.01194,0.01697,0.98300,0.00000,0.00003
6.60000,3.01194,0.01305,0.98692,0.00000,0.00003
6.80000,3.01194,0.01241,0.98757,0.00000,0.00002
7.00000,3.01194,0.02220,0.97771,0.00001,0.00008
7.20000,3.01194,0.01537,0.98448,0.00001,0.00013
7.40000,3.01194,0.03843,0.96148,0.00003,0.00007
7.60000,3.01194,0.02507,0.97490,0.00001,0.00002
7.80000,3.01194,0.03159,0.96834,0.00001,0.00006
8.00000,3.01194,0.04667,0.95314,0.00004,0.00015
8.20000,3.01194,0.02288,0.97707,0.00001,0.00003
8.40000,3.01194,0.01635,0.98362,0.00001,0.00003
8.60000,3.01194,0.02297,0.97690,0.00002,0.00011
8.80000,3.01194,0.02524,0.97472,0.00001,0.00003
9.00000,3.01194,0.02526,0.97468,0.00001,0.00005
9.20000,3.01194,0.04853,0.95123,0.00005,0.00019
9.40000,3.01194,0.04773,0.95216,0.00002,0.00010
9.60000,3.01194,0.01738,0.98260,0.00000,0.00002
9.80000,3.01194,0.01745,0.98250,0.00001,0.00004
10.00000,3.01194,0.02921,0.97072,0.00001,0.00006
10.20000,3.01194,0.02827,0.97170,0.00001,0.00003
10.40000,3.01194,0.02220,0.97777,0.00000,0.00002
10.60000,3.01194,0.02623,0.97365,0.00002,0.00010
10.80000,3.01194,0.01998,0.97997,0.00001,0.00004
11.00000,3.01194,0.02318,0.97677,0.00001,0.00004
11.20000,3.01194,0.01103,0.98891,0.00001,0.00005
11.40000,3.01194,0.01489,0.98505,0.00001,0.00005
11.60000,3.01194,0.02480,0.97511,0.00003,0.00007
11.80000,3.01194,0.03155,0.96829,0.00003,0.00013
12.00000,3.01194,0.03816,0.96173,0.00000,0.00011
12.20000,3.01194,0.01885,0.98109,0.00000,0.00006
12.40000,3.01194,0.01400,0.98596,0.00000,0.00004
12.60000,3.01194,0.02982,0.97011,0.00001,0.00007
12.80000,3.01194,0.04651,0.95340,0.00001,0.00008
13.00000,3.01194,0.05342,0.94647,0.00002,0.00009
13.20000,3.01194,0.03138,0.96857,0.00000,0.00004
13.40000,3.01194,0.01742,0.98255,0.00000,0.00002
13.60000,3.01194,0.02209,0.97784,0.00001,0.00005
13.80000,3.01194,0.02511,0.97486,0.00001,0.00002
14.00000,3.01194,0.02002,0.97994,0.00001,0.00003
14.20000,3.01194,0.02419,0.97570,0.00001,0.00010
14.40000,3.01194,0.02032,0.97961,0.00000,0.00006
14.60000,3.01194,0.01045,0.98952,0.00000,0.00003
14.80000,3.01194,0.01532,0.98460,0.00001,0.00007
15.00000,3.01194,0.01693,0.98302,0.00000,0.00005
15.20000,3.01194,0.01969,0.98026,0.00001,0.00004
15.40000,3.01194,0.02217,0.97779,0.00001,0.00003
15.60000,3.01194,0.03043,0.96950,0.00001,0.00006
15.80000,3.01194,0.02622,0.97367,0.00002,0.00008
16.00000,3.01194,0.02716,0.97265,0.00005,0.00014
16.20000,3.01194,0.02450,0.97545,0.00001,0.00004
16.40000,3.01194,0.01762,0.98234,0.00001,0.00004
16.60000,3.01194,0.02618,0.97375,0.00002,0.00006
16.80000,3.01194,0.04056,0.95930,0.00003,0.00010
17.00000,3.01194,0.03561,0.96434,0.00001,0.00005
17.20000,3.01194,0.04221,0.95758,0.00005,0.00015
17.40000,3.01194,0.00993,0.99005,0.00000,0.00001
17.60000,3.01194,0.00973,0.99026,0.00000,0.00001
17.80000,3.01194,0.01986,0.98009,0.00000,0.00004
18.00000,3.01194,0.03915,0.96070,0.00002,0.00013
18.20000,3.01194,0.02581,0.97416,0.00000,0.00003
18.40000,3.01194,0.02263,0.97730,0.00001,0.00006
18.60000,3.01194,0.01511,0.98486,0.00000,0.00003
18.80000,3.01194,0.01015,0.98979,0.00001,0.00006
19.00000,3.01194,0.01784,0.98211,0.00001,0.00004
19.20000,3.01194,0.03684,0.96306,0.00001,0.00009
19.40000,3.01194,0.01749,0.98245,0.00001,0.00005
19.60000,3.01194,0.01593,0.98405,0.00001,0.00002
19.80000,3.01194,0.01619,0.98378,0.00000,0.00003
20.00000,3.01194,0.01484,0.98510,0.00001,0.00005
20.20000,3.01194,0.02355,0.97631,0.00001,0.00012
20.40000,3.01194,0.02211,0.97784,0.00001,0.00004
