Time(Seconds),Length(Seconds),Label(string),Confidence(double),Comment(string)
0.026938,1.1475745000000004,working,1,
1.1771998,0.1333685999999999,impact,1,
1.3134959,1.1074314000000005,working,1,
2.4262224000000003,0.1452168999999997,impact,1,
2.5768857,1.0815041000000003,working,1,
3.6642453,0.1611761,impact,1,
3.8310379,1.0343959,working,1,
4.8692356000000006,0.1005402999999998,impact,1,
4.974409400000001,1.0454007999999997,working,1,
6.0242454,0.1338083000000007,impact,1,
6.1637297,1.0080025999999995,working,1,
7.1768385,0.1378883999999998,impact,1,
7.321326399999999,0.9901088000000002,working,1,
8.315889199999999,0.0987984999999997,impact,1,
8.4193212,0.8264152000000002,working,1,
9.2503417,0.1142871999999996,impact,1,
9.3703144,0.8208198000000002,working,1,
10.2054299,0.1390030000000004,impact,1,
10.3594819,0.6925232000000011,working,1,
11.0628956,0.1407447999999996,impact,1,
11.2162727,0.6695554000000009,working,1,
11.8902633,0.1283477000000005,impact,1,
12.0228855,0.7371168000000001,working,1,
12.7670933,0.1373394999999992,impact,1,
12.9101913,0.7059722999999993,working,1,
13.6278858,0.1091401999999995,impact,1,
13.7513217,0.6972782000000002,working,1,
14.4587371,0.1348445000000004,impact,1,
14.608709,0.6219650999999993,working,1,
15.2362812,0.1273592000000004,impact,1,
15.369427,0.6893100999999994,working,1,
16.0696276,0.1247856999999995,impact,1,
16.2053822,0.6324056000000001,working,1,
16.8503417,0.1214588999999977,impact,1,
16.982691,0.6093532999999988,working,1,
17.6037665,0.1272024000000021,impact,1,
17.7426911,0.5826603000000008,working,1,
18.3395688,0.1215373000000004,impact,1,
18.4761551,0.6667405000000011,working,1,
19.1555279,0.1603919999999994,impact,1,
19.3259787,0.6076898000000012,working,1,
19.9470541,0.1389246000000012,impact,1,
20.0985326,0.621750300000002,working,1,
20.7311734,0.1381713000000004,impact,1,
20.883562,0.5918875000000011,working,1,
21.4904985,0.1487481999999994,impact,1,
21.6526323,0.6044414000000004,working,1,
22.2704592,0.1430831999999989,impact,1,
22.4261747,0.5951358999999984,working,1,
23.0355279,0.1595602000000018,impact,1,
23.2102156,0.5560459999999985,working,1,
23.779647200000003,0.1596386999999985,impact,1,
23.9501764,0.5767600000000017,working,1,
24.5436489,0.1631223000000004,impact,1,
24.7193251,0.5452338999999984,working,1,
25.2796079,0.1529851999999997,impact,1,
25.4434836,0.5844022000000011,working,1,
26.0429348,0.1396778000000009,impact,1,
26.1985718,0.5952143000000011,working,1,
26.8080034,0.1263706999999986,impact,1,
26.9486698,0.5444021999999984,working,1,
27.508121,0.1173004000000012,impact,1,
27.6404704,0.7508206000000003,working,1,
28.4071717,0.1339344000000012,impact,1,
28.5554018,0.7716130999999967,working,1,
29.3387371,0.1532202999999995,impact,1,
29.5028479,0.698266700000002,working,1,
30.2120051,0.0998346999999977,impact,1,
30.3236404,0.7541474000000002,working,1,
31.0928368,0.1657741999999987,impact,1,
31.2687482,2.131251799999998,working,1,
