Time (seconds), Duration (seconds),pred_(unlabeled),pred_imbalance,pred_working,pred_impact
0.00000,3.01194,0.77529,0.22152,0.00067,0.00252
0.20000,3.01194,0.19329,0.80643,0.00011,0.00017
0.40000,3.01194,0.07567,0.92419,0.00007,0.00007
0.60000,3.01194,0.03832,0.96142,0.00007,0.00019
0.80000,3.01194,0.09221,0.90771,0.00003,0.00005
1.00000,3.01194,0.12965,0.87018,0.00005,0.00012
1.20000,3.01194,0.19943,0.80017,0.00014,0.00026
1.40000,3.01194,0.20549,0.79377,0.00024,0.00050
1.60000,3.01194,0.17972,0.81947,0.00022,0.00059
1.80000,3.01194,0.29254,0.70555,0.00041,0.00150
2.00000,3.01194,0.21922,0.78054,0.00006,0.00019
2.20000,3.01194,0.07009,0.92987,0.00001,0.00002
2.40000,3.01194,0.22827,0.77092,0.00017,0.00065
2.60000,3.01194,0.08176,0.91804,0.00004,0.00016
2.80000,3.01194,0.18647,0.81333,0.00004,0.00017
3.00000,3.01194,0.17142,0.82815,0.00012,0.00030
3.20000,3.01194,0.14090,0.85899,0.00003,0.00008
3.40000,3.01194,0.12969,0.87024,0.00001,0.00006
3.60000,3.01194,0.17396,0.82595,0.00004,0.00005
3.80000,3.01194,0.14347,0.85634,0.00006,0.00013
4.00000,3.01194,0.10792,0.89191,0.00004,0.00013
4.20000,3.01194,0.12455,0.87533,0.00004,0.00008
4.40000,3.01194,0.18448,0.81523,0.00005,0.00023
4.60000,3.01194,0.07036,0.92955,0.00002,0.00007
4.80000,3.01194,0.38796,0.61114,0.00019,0.00071
5.00000,3.01194,0.08033,0.91943,0.00003,0.00020
5.20000,3.01194,0.20170,0.79822,0.00004,0.00005
5.40000,3.01194,0.16531,0.83428,0.00010,0.00031
5.60000,3.01194,0.19297,0.80689,0.00005,0.00010
5.80000,3.01194,0.09676,0.90267,0.00013,0.00044
6.00000,3.01194,0.25224,0.74653,0.00042,0.00081
6.20000,3.01194,0.34206,0.65064,0.00223,0.00507
6.40000,3.01194,0.36619,0.63041,0.00052,0.00288
6.60000,3.01194,0.26195,0.73708,0.00019,0.00078
6.80000,3.01194,0.30816,0.69118,0.00015,0.00051
7.00000,3.01194,0.08429,0.91528,0.00012,0.00032
7.20000,3.01194,0.32785,0.66970,0.00049,0.00196
7.40000,3.01194,0.32421,0.67451,0.00037,0.00091
7.60000,3.01194,0.30482,0.69479,0.00011,0.00028
7.80000,3.01194,0.22028,0.77656,0.00116,0.00199
8.00000,3.01194,0.18935,0.80960,0.00013,0.00092
8.20000,3.01194,0.34909,0.64790,0.00046,0.00255
8.40000,3.01194,0.31835,0.67933,0.00041,0.00192
8.60000,3.01194,0.26640,0.73310,0.00015,0.00036
8.80000,3.01194,0.39240,0.60344,0.00112,0.00304
9.00000,3.01194,0.27252,0.72641,0.00035,0.00072
9.20000,3.01194,0.30304,0.69499,0.00048,0.00149
9.40000,3.01194,0.23624,0.75855,0.00141,0.00380
9.60000,3.01194,0.23385,0.76568,0.00015,0.00033
9.80000,3.01194,0.28163,0.71381,0.00070,0.00385
10.00000,3.01194,0.30535,0.69382,0.00026,0.00057
10.20000,3.01194,0.32961,0.66512,0.00140,0.00388
10.40000,3.01194,0.28402,0.71064,0.00130,0.00404
10.60000,3.01194,0.33028,0.66891,0.00028,0.00053
10.80000,3.01194,0.22979,0.76846,0.00043,0.00132
11.00000,3.01194,0.26180,0.73557,0.00029,0.00234
11.20000,3.01194,0.24960,0.74869,0.00056,0.00115
11.40000,3.01194,0.28096,0.71631,0.00057,0.00217
11.60000,3.01194,0.30995,0.68692,0.00094,0.00219
11.80000,3.01194,0.23469,0.76268,0.00063,0.00199
12.00000,3.01194,0.28690,0.71105,0.00061,0.00145
12.20000,3.01194,0.17296,0.82449,0.00059,0.00196
12.40000,3.01194,0.24926,0.74943,0.00029,0.00101
12.60000,3.01194,0.37114,0.62343,0.00089,0.00454
12.80000,3.01194,0.14350,0.85529,0.00012,0.00108
13.00000,3.01194,0.28459,0.71361,0.00031,0.00148
13.20000,3.01194,0.11627,0.88339,0.00010,0.00023
13.40000,3.01194,0.15436,0.84509,0.00019,0.00035
13.60000,3.01194,0.25441,0.74495,0.00020,0.00043
13.80000,3.01194,0.17033,0.82882,0.00027,0.00058
14.00000,3.01194,0.18613,0.81310,0.00040,0.00037
14.20000,3.01194,0.22411,0.77463,0.00049,0.00077
14.40000,3.01194,0.10724,0.89263,0.00002,0.00011
14.60000,3.01194,0.26643,0.73304,0.00015,0.00037
14.80000,3.01194,0.22045,0.77934,0.00008,0.00013
15.00000,3.01194,0.26006,0.73970,0.00007,0.00016
15.20000,3.01194,0.21227,0.78648,0.00045,0.00080
15.40000,3.01194,0.33729,0.66123,0.00040,0.00108
15.60000,3.01194,0.26762,0.73131,0.00021,0.00086
15.80000,3.01194,0.34545,0.65406,0.00008,0.00040
16.00000,3.01194,0.37021,0.62925,0.00010,0.00044
16.20000,3.01194,0.34686,0.64162,0.00243,0.00909
16.40000,3.01194,0.47023,0.52559,0.00092,0.00326
16.60000,3.01194,0.24115,0.75815,0.00013,0.00057
16.80000,3.01194,0.22035,0.77911,0.00012,0.00042
17.00000,3.01194,0.37611,0.61909,0.00138,0.00342
17.20000,3.01194,0.24345,0.75484,0.00032,0.00139
17.40000,3.01194,0.27451,0.71767,0.00432,0.00350
17.60000,3.01194,0.28807,0.70310,0.00475,0.00408
17.80000,3.01194,0.17858,0.82084,0.00016,0.00043
18.00000,3.01194,0.27589,0.72150,0.00062,0.00198
18.20000,3.01194,0.22615,0.77330,0.00022,0.00032
18.40000,3.01194,0.25998,0.73885,0.00039,0.00078
18.60000,3.01194,0.31437,0.68479,0.00021,0.00063
18.80000,3.01194,0.44343,0.55283,0.00109,0.00265
19.00000,3.01194,0.27350,0.72518,0.00040,0.00092
19.20000,3.01194,0.17307,0.82627,0.00029,0.00037
19.40000,3.01194,0.33262,0.66533,0.00051,0.00154
19.60000,3.01194,0.30096,0.69272,0.00208,0.00425
19.80000,3.01194,0.36290,0.63128,0.00109,0.00474
20.00000,3.01194,0.45966,0.52590,0.00357,0.01087
20.20000,3.01194,0.62801,0.37056,0.00008,0.00134
