Time(Seconds),Length(Seconds),Label(string),Confidence(double),Comment(string)
0.0278180,0.5679367,working,1,
0.5957547,0.7315171,impact,1,
1.3291017,0.5183111,impact,1,
1.9246081,0.5550707,impact,1,
2.4796788,0.3533070,working,1,
2.8329858,0.7388690,impact,1,
3.5779881,0.4539817,working,1,
4.0384248,0.4852274,impact,1,
4.5236522,0.4406937,working,1,
4.9643459,0.4135461,impact,1,
5.3795128,0.4589808,working,1,
5.8384936,0.5955064,impact,1,
6.4340000,0.0992511,working,1,
6.5332511,0.4025182,impact,1,
6.9467048,0.2445441,working,1,
7.1912489,0.4300879,impact,1,
7.6213368,0.1579741,working,1,
7.7897514,0.5366909,impact,1,
8.3264423,0.1990812,working,1,
8.5255235,0.3400267,impact,1,
8.8655502,0.4526187,working,1,
9.3323979,0.3749484,impact,1,
9.7073463,0.4125568,working,1,
10.1199031,0.2591555,impact,1,
10.3790586,0.2930774,working,1,
10.6731360,0.5753336,impact,1,
11.2484696,0.3165023,working,1,
11.5649719,0.2812113,impact,1,
11.8504787,0.2840106,working,1,
12.1344893,0.2499656,impact,1,
12.3844549,0.1341728,working,1,
12.5186277,0.2995911,impact,1,
12.8201813,0.4540542,working,1,
13.2742355,0.4337639,impact,1,
13.7079994,0.4245015,working,1,
14.1380926,0.4631716,impact,1,
14.6032642,0.1009271,working,1,
14.7041913,0.3878143,impact,1,
15.0959258,0.1955232,working,1,
15.2914490,0.4870654,impact,1,
15.7785144,0.2370998,working,1,
16.0156142,0.6028583,impact,1,
16.6204725,0.2213370,working,1,
16.8418095,0.2738594,impact,1,
17.1156689,0.1754195,working,1,
17.2921153,0.2021781,impact,1,
17.4942934,0.1157929,working,1,
17.6100863,0.1856362,impact,1,
