Time (seconds), Duration (seconds),pred_(unlabeled),pred_imbalance,pred_working,pred_impact
0.00000,3.01194,0.38080,0.00011,0.17135,0.44774
0.20000,3.01194,0.41101,0.00010,0.18926,0.39963
0.40000,3.01194,0.42218,0.00005,0.16419,0.41358
0.60000,3.01194,0.38690,0.00538,0.26208,0.34564
0.80000,3.01194,0.43594,0.00009,0.17709,0.38688
1.00000,3.01194,0.39132,0.00109,0.22213,0.38546
1.20000,3.01194,0.39861,0.00095,0.22597,0.37447
1.40000,3.01194,0.42159,0.00003,0.16448,0.41390
1.60000,3.01194,0.40754,0.00020,0.17156,0.42070
1.80000,3.01194,0.40476,0.00047,0.21044,0.38433
2.00000,3.01194,0.42047,0.00009,0.18614,0.39330
2.20000,3.01194,0.43786,0.00019,0.22728,0.33467
2.40000,3.01194,0.38189,0.00353,0.23286,0.38172
2.60000,3.01194,0.42118,0.00016,0.20296,0.37570
2.80000,3.01194,0.36210,0.00084,0.29654,0.34052
3.00000,3.01194,0.40084,0.00056,0.21665,0.38195
3.20000,3.01194,0.41481,0.00013,0.19132,0.39374
3.40000,3.01194,0.38582,0.00279,0.23327,0.37812
3.60000,3.01194,0.42935,0.00011,0.19063,0.37992
3.80000,3.01194,0.41832,0.00047,0.22801,0.35320
4.00000,3.01194,0.38656,0.00221,0.23390,0.37733
4.20000,3.01194,0.40453,0.00047,0.16200,0.43299
4.40000,3.01194,0.42883,0.00019,0.16869,0.40229
4.60000,3.01194,0.40835,0.00021,0.25774,0.33370
4.80000,3.01194,0.42194,0.00048,0.23811,0.33946
5.00000,3.01194,0.42815,0.00016,0.20303,0.36867
5.20000,3.01194,0.41382,0.00002,0.12831,0.45785
5.40000,3.01194,0.40863,0.00040,0.13765,0.45333
5.60000,3.01194,0.38574,0.00221,0.23532,0.37673
5.80000,3.01194,0.41956,0.00010,0.20067,0.37967
6.00000,3.01194,0.44043,0.00019,0.23259,0.32679
6.20000,3.01194,0.47373,0.00009,0.18444,0.34174
6.40000,3.01194,0.43105,0.00019,0.11487,0.45389
6.60000,3.01194,0.39578,0.00239,0.22042,0.38140
6.80000,3.01194,0.41339,0.00064,0.23565,0.35031
7.00000,3.01194,0.41935,0.00012,0.18865,0.39188
7.20000,3.01194,0.54951,0.00014,0.14188,0.30848
7.40000,3.01194,0.48755,0.00016,0.18356,0.32874
7.60000,3.01194,0.39938,0.00068,0.20816,0.39177
7.80000,3.01194,0.41510,0.00030,0.22081,0.36379
8.00000,3.01194,0.42802,0.00028,0.22534,0.34637
8.20000,3.01194,0.42056,0.00171,0.18502,0.39271
8.40000,3.01194,0.37146,0.00041,0.28915,0.33898
8.60000,3.01194,0.43952,0.00005,0.18714,0.37330
8.80000,3.01194,0.38257,0.00361,0.24803,0.36580
9.00000,3.01194,0.35636,0.00383,0.34970,0.29011
9.20000,3.01194,0.42341,0.00003,0.15553,0.42103
9.40000,3.01194,0.32793,0.01822,0.25898,0.39487
9.60000,3.01194,0.33527,0.00373,0.34908,0.31193
9.80000,3.01194,0.45468,0.00004,0.20565,0.33963
10.00000,3.01194,0.38474,0.00181,0.20193,0.41153
10.20000,3.01194,0.37577,0.00290,0.18110,0.44023
10.40000,3.01194,0.41890,0.00013,0.12538,0.45560
10.60000,3.01194,0.38864,0.00327,0.23942,0.36867
10.80000,3.01194,0.38872,0.00371,0.24467,0.36290
11.00000,3.01194,0.39129,0.00101,0.22444,0.38326
11.20000,3.01194,0.38338,0.00075,0.15724,0.45863
11.40000,3.01194,0.42108,0.00149,0.08126,0.49617
11.60000,3.01194,0.39332,0.00135,0.22932,0.37602
11.80000,3.01194,0.39698,0.00067,0.22296,0.37939
12.00000,3.01194,0.40951,0.00033,0.21441,0.37576
12.20000,3.01194,0.38850,0.00068,0.18560,0.42522
12.40000,3.01194,0.40037,0.00071,0.16275,0.43618
12.60000,3.01194,0.35971,0.01470,0.26172,0.36386
12.80000,3.01194,0.38241,0.00142,0.22691,0.38926
13.00000,3.01194,0.39385,0.00044,0.19280,0.41292
13.20000,3.01194,0.38178,0.00102,0.18211,0.43510
13.40000,3.01194,0.42470,0.00025,0.11332,0.46174
13.60000,3.01194,0.40108,0.00014,0.18357,0.41521
13.80000,3.01194,0.38783,0.00101,0.21552,0.39565
14.00000,3.01194,0.37971,0.00186,0.19382,0.42461
14.20000,3.01194,0.41368,0.00010,0.17109,0.41513
14.40000,3.01194,0.42438,0.00036,0.22972,0.34554
14.60000,3.01194,0.41405,0.00011,0.19909,0.38674
14.80000,3.01194,0.39695,0.00018,0.13733,0.46554
15.00000,3.01194,0.39430,0.00045,0.10830,0.49694
15.20000,3.01194,0.39872,0.00079,0.21648,0.38401
15.40000,3.01194,0.37875,0.00180,0.22753,0.39192
15.60000,3.01194,0.39637,0.00024,0.18962,0.41377
15.80000,3.01194,0.39526,0.00036,0.16376,0.44062
16.00000,3.01194,0.41575,0.00007,0.16789,0.41629
16.20000,3.01194,0.39517,0.00055,0.21037,0.39391
16.40000,3.01194,0.39518,0.00133,0.24285,0.36063
16.60000,3.01194,0.43363,0.00055,0.24191,0.32392
16.80000,3.01194,0.40138,0.00005,0.13102,0.46755
17.00000,3.01194,0.40783,0.00032,0.13441,0.45745
17.20000,3.01194,0.36048,0.01460,0.25547,0.36944
17.40000,3.01194,0.39493,0.00092,0.22240,0.38175
17.60000,3.01194,0.41024,0.00028,0.20109,0.38839
17.80000,3.01194,0.45558,0.00069,0.21737,0.32636
18.00000,3.01194,0.42876,0.00137,0.17362,0.39626
18.20000,3.01194,0.38968,0.00104,0.20343,0.40585
18.40000,3.01194,0.40792,0.00049,0.22118,0.37041
18.60000,3.01194,0.42786,0.00035,0.23529,0.33650
18.80000,3.01194,0.40612,0.00041,0.21207,0.38140
19.00000,3.01194,0.47973,0.00010,0.17426,0.34591
19.20000,3.01194,0.50103,0.00004,0.16953,0.32940
19.40000,3.01194,0.41186,0.00031,0.20861,0.37922
19.60000,3.01194,0.41117,0.00044,0.22075,0.36764
