Time (seconds), Duration (seconds),pred_(unlabeled),pred_imbalance,pred_working,pred_impact
0.00000,3.01194,0.33793,0.00006,0.13543,0.52658
0.20000,3.01194,0.40504,0.00082,0.24421,0.34993
0.40000,3.01194,0.40065,0.00044,0.21832,0.38059
0.60000,3.01194,0.34522,0.00005,0.17270,0.48202
0.80000,3.01194,0.45683,0.00019,0.20771,0.33527
1.00000,3.01194,0.51436,0.00002,0.18581,0.29981
1.20000,3.01194,0.37758,0.00000,0.11337,0.50905
1.40000,3.01194,0.43482,0.00011,0.21640,0.34867
1.60000,3.01194,0.45380,0.00003,0.16776,0.37841
1.80000,3.01194,0.41571,0.00014,0.20635,0.37780
2.00000,3.01194,0.40586,0.00018,0.12015,0.47381
2.20000,3.01194,0.44023,0.00001,0.19353,0.36623
2.40000,3.01194,0.43078,0.00002,0.20434,0.36485
2.60000,3.01194,0.46392,0.00001,0.18187,0.35420
2.80000,3.01194,0.33247,0.00058,0.11558,0.55138
3.00000,3.01194,0.31731,0.00043,0.05870,0.62356
3.20000,3.01194,0.39614,0.00017,0.18378,0.41991
3.40000,3.01194,0.49713,0.00019,0.23816,0.26452
3.60000,3.01194,0.60682,0.00004,0.23296,0.16018
3.80000,3.01194,0.56487,0.00002,0.18883,0.24628
4.00000,3.01194,0.45156,0.00002,0.15357,0.39485
4.20000,3.01194,0.25864,0.00000,0.01220,0.72916
4.40000,3.01194,0.46930,0.00001,0.20636,0.32433
4.60000,3.01194,0.57708,0.00015,0.16553,0.25725
4.80000,3.01194,0.73376,0.00004,0.06243,0.20377
5.00000,3.01194,0.39031,0.00000,0.06396,0.54573
5.20000,3.01194,0.45541,0.00001,0.09298,0.45160
5.40000,3.01194,0.42559,0.00018,0.13261,0.44162
5.60000,3.01194,0.42092,0.00001,0.19184,0.38723
5.80000,3.01194,0.69745,0.00002,0.12740,0.17513
6.00000,3.01194,0.37778,0.00005,0.11071,0.51146
6.20000,3.01194,0.44308,0.00002,0.12748,0.42942
6.40000,3.01194,0.45984,0.00001,0.07918,0.46097
6.60000,3.01194,0.54757,0.00002,0.10335,0.34906
6.80000,3.01194,0.46379,0.00002,0.08685,0.44934
7.00000,3.01194,0.43972,0.00008,0.10516,0.45504
7.20000,3.01194,0.57266,0.00010,0.15207,0.27517
7.40000,3.01194,0.44370,0.00003,0.15368,0.40260
7.60000,3.01194,0.38238,0.00033,0.14859,0.46870
7.80000,3.01194,0.52221,0.00003,0.18288,0.29489
8.00000,3.01194,0.41948,0.00007,0.14852,0.43193
8.20000,3.01194,0.43402,0.00001,0.12658,0.43939
8.40000,3.01194,0.43515,0.00000,0.11489,0.44996
8.60000,3.01194,0.47403,0.00000,0.16505,0.36092
8.80000,3.01194,0.61864,0.00004,0.14974,0.23158
9.00000,3.01194,0.38922,0.00000,0.13760,0.47318
9.20000,3.01194,0.67225,0.00001,0.09814,0.22959
9.40000,3.01194,0.41652,0.00002,0.10251,0.48096
9.60000,3.01194,0.50526,0.00001,0.17566,0.31907
9.80000,3.01194,0.56135,0.00001,0.13687,0.30177
10.00000,3.01194,0.48953,0.00006,0.20728,0.30313
10.20000,3.01194,0.52923,0.00001,0.17199,0.29878
10.40000,3.01194,0.45107,0.00002,0.11808,0.43083
10.60000,3.01194,0.50961,0.00014,0.10614,0.38411
10.80000,3.01194,0.53924,0.00001,0.15607,0.30469
11.00000,3.01194,0.54158,0.00001,0.17679,0.28163
11.20000,3.01194,0.56178,0.00001,0.17027,0.26794
11.40000,3.01194,0.53407,0.00000,0.12229,0.34365
11.60000,3.01194,0.54511,0.00001,0.12005,0.33484
11.80000,3.01194,0.51496,0.00000,0.12553,0.35951
12.00000,3.01194,0.59529,0.00002,0.11690,0.28778
12.20000,3.01194,0.51304,0.00012,0.14738,0.33946
12.40000,3.01194,0.50223,0.00005,0.15162,0.34609
12.60000,3.01194,0.58401,0.00000,0.16118,0.25481
12.80000,3.01194,0.56597,0.00000,0.10718,0.32684
13.00000,3.01194,0.43467,0.00000,0.10157,0.46376
13.20000,3.01194,0.53083,0.00000,0.09425,0.37492
13.40000,3.01194,0.52485,0.00001,0.12194,0.35320
13.60000,3.01194,0.55357,0.00001,0.11361,0.33281
13.80000,3.01194,0.46441,0.00005,0.12342,0.41213
14.00000,3.01194,0.51128,0.00005,0.12507,0.36360
14.20000,3.01194,0.59953,0.00003,0.21018,0.19026
14.40000,3.01194,0.48725,0.00001,0.11572,0.39703
14.60000,3.01194,0.50428,0.00013,0.13853,0.35706
14.80000,3.01194,0.46610,0.00002,0.12210,0.41179
15.00000,3.01194,0.47836,0.00001,0.14403,0.37760
15.20000,3.01194,0.55875,0.00000,0.12409,0.31716
15.40000,3.01194,0.60799,0.00000,0.22132,0.17070
15.60000,3.01194,0.62040,0.00000,0.15838,0.22122
15.80000,3.01194,0.53755,0.00000,0.14095,0.32149
16.00000,3.01194,0.68016,0.00000,0.11415,0.20569
16.20000,3.01194,0.37752,0.00001,0.08777,0.53470
16.40000,3.01194,0.35792,0.00001,0.07834,0.56373
16.60000,3.01194,0.47406,0.00003,0.10050,0.42541
16.80000,3.01194,0.51497,0.00000,0.12855,0.35648
17.00000,3.01194,0.58436,0.00004,0.17098,0.24461
17.20000,3.01194,0.43042,0.00001,0.16585,0.40371
17.40000,3.01194,0.47381,0.00000,0.15066,0.37553
17.60000,3.01194,0.50611,0.00001,0.14958,0.34431
17.80000,3.01194,0.51174,0.00000,0.13840,0.34986
18.00000,3.01194,0.55725,0.00000,0.11524,0.32751
18.20000,3.01194,0.60109,0.00000,0.21774,0.18116
18.40000,3.01194,0.71865,0.00000,0.14822,0.13313
18.60000,3.01194,0.55317,0.00000,0.12796,0.31887
18.80000,3.01194,0.57439,0.00002,0.17429,0.25130
19.00000,3.01194,0.53044,0.00003,0.13010,0.33943
19.20000,3.01194,0.47282,0.00000,0.12842,0.39876
19.40000,3.01194,0.48496,0.00001,0.17066,0.34437
