Time (seconds), Duration (seconds),pred_(unlabeled),pred_imbalance,pred_working,pred_impact
0.02500,0.24750,0.00045,0.00003,0.05601,0.94352
0.22500,0.24750,0.02718,0.00050,0.93984,0.03248
0.42500,0.24750,0.00111,0.00712,0.15229,0.83949
0.62500,0.24750,0.00266,0.00650,0.47125,0.51960
0.82500,0.24750,0.05708,0.00018,0.82104,0.12170
1.02500,0.24750,0.05302,0.01131,0.82885,0.10682
1.22500,0.24750,0.00123,0.00055,0.12725,0.87097
1.42500,0.24750,0.01296,0.00107,0.92769,0.05828
1.62500,0.24750,0.00012,0.00165,0.02012,0.97811
1.82500,0.24750,0.02107,0.00199,0.89911,0.07783
2.02500,0.24750,0.01722,0.00006,0.57925,0.40347
2.22500,0.24750,0.00044,0.00128,0.05909,0.93919
2.42500,0.24750,0.00032,0.00056,0.12111,0.87801
2.62500,0.24750,0.10917,0.00124,0.84724,0.04235
2.82500,0.24750,0.02037,0.00683,0.87827,0.09453
3.02500,0.24750,0.00087,0.00982,0.08274,0.90657
3.22500,0.24750,0.02771,0.00129,0.89950,0.07149
3.42500,0.24750,0.03604,0.00971,0.84681,0.10744
3.62500,0.24750,0.00385,0.01908,0.56141,0.41566
3.82500,0.24750,0.01765,0.00017,0.73753,0.24465
4.02500,0.24750,0.01491,0.00598,0.90399,0.07511
4.22500,0.24750,0.01129,0.01487,0.73081,0.24304
4.42500,0.24750,0.02108,0.00010,0.75374,0.22508
4.62500,0.24750,0.02475,0.00718,0.88550,0.08257
4.82500,0.24750,0.00009,0.00295,0.01751,0.97945
5.02500,0.24750,0.02028,0.00165,0.91213,0.06594
5.22500,0.24750,0.00068,0.00089,0.04281,0.95562
5.42500,0.24750,0.00017,0.00043,0.06114,0.93826
5.62500,0.24750,0.02949,0.00851,0.89971,0.06229
5.82500,0.24750,0.02507,0.00998,0.84642,0.11853
6.02500,0.24750,0.00012,0.01319,0.01914,0.96754
6.22500,0.24750,0.00311,0.00241,0.82690,0.16758
6.42500,0.24750,0.04896,0.00008,0.75505,0.19591
6.62500,0.24750,0.00012,0.00131,0.02844,0.97012
6.82500,0.24750,0.01745,0.00079,0.91130,0.07045
7.02500,0.24750,0.03181,0.00926,0.85213,0.10680
7.22500,0.24750,0.00017,0.00140,0.01919,0.97924
7.42500,0.24750,0.04867,0.00297,0.88208,0.06629
7.62500,0.24750,0.00010,0.00100,0.03226,0.96665
7.82500,0.24750,0.02123,0.00284,0.87636,0.09957
8.02500,0.24750,0.00465,0.00001,0.61759,0.37775
8.22500,0.24750,0.00116,0.01494,0.34964,0.63426
8.42500,0.24750,0.10371,0.00257,0.77577,0.11795
8.62500,0.24750,0.00518,0.01065,0.74345,0.24071
8.82500,0.24750,0.00610,0.00007,0.56561,0.42821
9.02500,0.24750,0.00006,0.00098,0.02387,0.97509
9.22500,0.24750,0.03153,0.00269,0.90072,0.06507
9.42500,0.24750,0.00017,0.00070,0.03582,0.96330
9.62500,0.24750,0.00032,0.00091,0.34852,0.65025
9.82500,0.24750,0.06061,0.00041,0.83990,0.09908
10.02500,0.24750,0.00031,0.00168,0.10185,0.89616
10.22500,0.24750,0.01728,0.00519,0.81851,0.15903
10.42500,0.24750,0.01321,0.00021,0.81050,0.17608
10.62500,0.24750,0.02735,0.00812,0.86733,0.09719
10.82500,0.24750,0.00030,0.00140,0.02030,0.97800
11.02500,0.24750,0.00159,0.00405,0.28088,0.71348
11.22500,0.24750,0.13275,0.01258,0.80524,0.04942
11.42500,0.24750,0.00168,0.00299,0.18617,0.80916
11.62500,0.24750,0.03975,0.00309,0.90266,0.05450
11.82500,0.24750,0.00038,0.00051,0.03870,0.96041
12.02500,0.24750,0.01364,0.00134,0.92370,0.06133
12.22500,0.24750,0.00053,0.00133,0.03675,0.96139
12.42500,0.24750,0.00014,0.00050,0.09671,0.90265
12.62500,0.24750,0.02810,0.00417,0.91943,0.04831
12.82500,0.24750,0.00030,0.00183,0.05378,0.94410
13.02500,0.24750,0.01670,0.00119,0.64518,0.33693
13.22500,0.24750,0.04031,0.00006,0.79261,0.16702
13.42500,0.24750,0.00925,0.00005,0.56478,0.42592
13.62500,0.24750,0.01249,0.00547,0.88698,0.09505
13.82500,0.24750,0.01668,0.00005,0.56620,0.41707
14.02500,0.24750,0.02410,0.00671,0.87407,0.09513
14.22500,0.24750,0.01319,0.00499,0.69522,0.28660
14.42500,0.24750,0.00036,0.00456,0.02537,0.96972
14.62500,0.24750,0.03055,0.00125,0.90887,0.05933
14.82500,0.24750,0.00108,0.01741,0.39961,0.58190
15.02500,0.24750,0.02319,0.00003,0.75356,0.22323
15.22500,0.24750,0.00864,0.00031,0.64326,0.34779
15.42500,0.24750,0.00070,0.01024,0.39721,0.59185
15.62500,0.24750,0.07448,0.00051,0.81295,0.11206
15.82500,0.24750,0.04361,0.01025,0.83801,0.10814
16.02500,0.24750,0.01866,0.01108,0.81710,0.15315
16.22500,0.24750,0.00976,0.00007,0.65756,0.33262
16.42500,0.24750,0.00065,0.00198,0.06505,0.93232
16.62500,0.24750,0.00042,0.00011,0.13133,0.86814
16.82500,0.24750,0.05267,0.00157,0.88461,0.06115
17.02500,0.24750,0.01050,0.00007,0.48543,0.50400
17.22500,0.24750,0.00144,0.00392,0.57169,0.42295
17.42500,0.24750,0.04065,0.00004,0.73508,0.22423
17.62500,0.24750,0.00387,0.00105,0.63883,0.35625
17.82500,0.24750,0.01327,0.00431,0.89543,0.08699
18.02500,0.24750,0.00030,0.00169,0.01920,0.97881
18.22500,0.24750,0.04257,0.00352,0.88763,0.06628
18.42500,0.24750,0.00036,0.00833,0.09777,0.89353
18.62500,0.24750,0.09746,0.00249,0.82952,0.07053
18.82500,0.24750,0.00336,0.00205,0.50361,0.49098
19.02500,0.24750,0.00156,0.00897,0.70511,0.28435
19.22500,0.24750,0.04900,0.00015,0.78387,0.16698
19.42500,0.24750,0.00207,0.00313,0.28485,0.70995
19.62500,0.24750,0.10304,0.00011,0.77395,0.12291
19.82500,0.24750,0.00195,0.00068,0.12395,0.87343
20.02500,0.24750,0.00111,0.00504,0.45505,0.53880
20.22500,0.24750,0.06584,0.00192,0.75704,0.17521
20.42500,0.24750,0.02592,0.00745,0.87795,0.08868
20.62500,0.24750,0.00128,0.00182,0.13259,0.86431
20.82500,0.24750,0.01455,0.00210,0.92599,0.05736
21.02500,0.24750,0.00067,0.01368,0.09799,0.88766
21.22500,0.24750,0.00205,0.00204,0.25746,0.73845
21.42500,0.24750,0.10247,0.00313,0.78772,0.10668
21.62500,0.24750,0.02291,0.00724,0.88427,0.08558
21.82500,0.24750,0.00027,0.00241,0.02842,0.96890
22.02500,0.24750,0.01601,0.00123,0.91945,0.06331
22.22500,0.24750,0.00077,0.00277,0.11892,0.87754
22.42500,0.24750,0.11437,0.00267,0.83559,0.04737
22.62500,0.24750,0.00853,0.00033,0.43359,0.55756
22.82500,0.24750,0.00061,0.00387,0.46049,0.53504
23.02500,0.24750,0.02375,0.00014,0.83613,0.13997
23.22500,0.24750,0.01149,0.00828,0.85605,0.12418
23.42500,0.24750,0.04642,0.00004,0.69514,0.25841
23.62500,0.24750,0.02497,0.00755,0.87769,0.08980
23.82500,0.24750,0.00227,0.00004,0.24989,0.74780
24.02500,0.24750,0.00011,0.00017,0.04349,0.95623
24.22500,0.24750,0.02050,0.00209,0.91010,0.06730
24.42500,0.24750,0.01609,0.00007,0.61988,0.36396
24.62500,0.24750,0.00078,0.01954,0.20596,0.77373
24.82500,0.24750,0.02416,0.00502,0.92060,0.05022
25.02500,0.24750,0.03343,0.00969,0.84806,0.10882
25.22500,0.24750,0.01488,0.00027,0.64648,0.33836
25.42500,0.24750,0.02659,0.00764,0.86329,0.10247
25.62500,0.24750,0.01352,0.01665,0.76189,0.20794
25.82500,0.24750,0.00346,0.00261,0.71597,0.27796
26.02500,0.24750,0.02126,0.00469,0.44840,0.52564
26.22500,0.24750,0.00004,0.00045,0.03418,0.96533
26.42500,0.24750,0.08028,0.00305,0.83751,0.07916
26.62500,0.24750,0.00023,0.00192,0.03856,0.95929
26.82500,0.24750,0.02272,0.00124,0.92693,0.04911
27.02500,0.24750,0.03272,0.00918,0.85433,0.10377
27.22500,0.24750,0.00025,0.00325,0.01780,0.97870
27.42500,0.24750,0.03818,0.00160,0.90336,0.05686
27.62500,0.24750,0.01043,0.00958,0.82669,0.15330
27.82500,0.24750,0.02397,0.00010,0.65979,0.31614
28.02500,0.24750,0.00439,0.00788,0.83308,0.15465
28.22500,0.24750,0.00964,0.00006,0.83060,0.15970
28.42500,0.24750,0.00652,0.01603,0.72475,0.25270
28.62500,0.24750,0.02867,0.00023,0.78858,0.18252
28.82500,0.24750,0.00031,0.00302,0.03522,0.96145
29.02500,0.24750,0.00054,0.00029,0.30773,0.69144
29.22500,0.24750,0.10095,0.00041,0.77240,0.12624
29.42500,0.24750,0.02367,0.00759,0.87848,0.09027
29.62500,0.24750,0.00008,0.00070,0.01292,0.98630
29.82500,0.24750,0.00435,0.00077,0.88231,0.11257
30.02500,0.24750,0.00868,0.00002,0.66334,0.32797
30.22500,0.24750,0.01098,0.00624,0.90161,0.08117
30.42500,0.24750,0.00014,0.00030,0.02704,0.97252
30.62500,0.24750,0.02015,0.00279,0.91343,0.06362
30.82500,0.24750,0.00536,0.00004,0.54682,0.44778
31.02500,0.24750,0.00306,0.00398,0.88949,0.10347
31.22500,0.24750,0.01793,0.00001,0.57095,0.41111
31.42500,0.24750,0.01260,0.00544,0.89104,0.09093
31.62500,0.24750,0.00887,0.00011,0.28363,0.70740
31.82500,0.24750,0.00106,0.00530,0.47000,0.52365
32.02500,0.24750,0.05307,0.00077,0.74274,0.20343
32.22500,0.24750,0.00058,0.00002,0.20715,0.79225
32.42500,0.24750,0.00188,0.00115,0.81203,0.18494
32.62500,0.24750,0.00666,0.00003,0.60267,0.39064
32.82500,0.24750,0.01698,0.00005,0.63385,0.34912
33.02500,0.24750,0.00162,0.00001,0.43331,0.56506
33.22500,0.24750,0.00003,0.00049,0.03825,0.96124
33.42500,0.24750,0.04113,0.00242,0.89465,0.06180
33.62500,0.24750,0.00597,0.00002,0.51005,0.48396
33.82500,0.24750,0.00012,0.00208,0.03783,0.95997
34.02500,0.24750,0.00014,0.00048,0.13375,0.86563
34.22500,0.24750,0.13650,0.00285,0.81538,0.04527
34.42500,0.24750,0.00044,0.00308,0.03448,0.96200
34.62500,0.24750,0.00219,0.00295,0.55399,0.44088
34.82500,0.24750,0.11998,0.00030,0.78193,0.09779
35.02500,0.24750,0.04022,0.01055,0.83687,0.11236
35.22500,0.24750,0.01457,0.00002,0.54422,0.44119
35.42500,0.24750,0.01474,0.00452,0.87551,0.10522
35.62500,0.24750,0.01341,0.00003,0.48815,0.49841
35.82500,0.24750,0.00767,0.00661,0.85925,0.12646
36.02500,0.24750,0.01028,0.00016,0.43302,0.55654
36.22500,0.24750,0.00008,0.00019,0.11012,0.88962
36.42500,0.24750,0.07141,0.00589,0.87087,0.05183
36.62500,0.24750,0.00045,0.00365,0.09902,0.89688
36.82500,0.24750,0.02382,0.00491,0.83180,0.13947
37.02500,0.24750,0.00254,0.01105,0.13154,0.85488
37.22500,0.24750,0.00713,0.00121,0.93289,0.05878
37.42500,0.24750,0.00205,0.00029,0.12644,0.87122
37.62500,0.24750,0.01495,0.00075,0.91194,0.07237
37.82500,0.24750,0.00361,0.00001,0.36346,0.63292
38.02500,0.24750,0.01132,0.00245,0.90102,0.08521
38.22500,0.24750,0.02039,0.00951,0.83465,0.13545
38.42500,0.24750,0.00663,0.00014,0.62208,0.37115
38.62500,0.24750,0.00074,0.00576,0.33929,0.65421
38.82500,0.24750,0.05073,0.00016,0.83567,0.11343
39.02500,0.24750,0.00007,0.00360,0.01953,0.97679
39.22500,0.24750,0.01869,0.00095,0.92709,0.05327
39.42500,0.24750,0.00027,0.00548,0.02417,0.97008
39.62500,0.24750,0.02301,0.00135,0.91078,0.06487
39.82500,0.24750,0.00035,0.00930,0.02974,0.96061
40.02500,0.24750,0.02402,0.00189,0.91318,0.06091
40.22500,0.24750,0.00019,0.00347,0.02229,0.97406
40.42500,0.24750,0.00070,0.00030,0.21432,0.78467
40.62500,0.24750,0.04895,0.00015,0.81457,0.13633
40.82500,0.24750,0.00125,0.01409,0.43504,0.54963
41.02500,0.24750,0.03684,0.00009,0.81106,0.15201
41.22500,0.24750,0.00269,0.01039,0.72543,0.26149
41.42500,0.24750,0.04252,0.00015,0.57292,0.38440
41.62500,0.24750,0.00404,0.00001,0.51749,0.47846
41.82500,0.24750,0.01491,0.00056,0.91177,0.07276
42.02500,0.24750,0.00012,0.00128,0.01674,0.98187
42.22500,0.24750,0.00025,0.00067,0.04150,0.95758
42.42500,0.24750,0.02690,0.00258,0.91619,0.05433
42.62500,0.24750,0.00013,0.00127,0.02753,0.97107
42.82500,0.24750,0.06255,0.00475,0.88499,0.04771
43.02500,0.24750,0.00378,0.00008,0.66106,0.33508
43.22500,0.24750,0.00052,0.00126,0.09475,0.90347
43.42500,0.24750,0.01117,0.00054,0.88899,0.09930
43.62500,0.24750,0.00043,0.00102,0.09681,0.90174
43.82500,0.24750,0.06643,0.00312,0.86545,0.06500
44.02500,0.24750,0.02061,0.00016,0.65274,0.32649
44.22500,0.24750,0.00018,0.00760,0.03234,0.95987
44.42500,0.24750,0.02273,0.00228,0.91792,0.05707
44.62500,0.24750,0.03458,0.01093,0.82924,0.12525
44.82500,0.24750,0.01886,0.00009,0.61802,0.36303
45.02500,0.24750,0.00035,0.00151,0.11882,0.87932
45.22500,0.24750,0.00980,0.00634,0.82064,0.16322
45.42500,0.24750,0.01338,0.00035,0.84396,0.14231
45.62500,0.24750,0.00677,0.00027,0.62893,0.36402
45.82500,0.24750,0.02743,0.00815,0.86618,0.09823
46.02500,0.24750,0.00025,0.00115,0.04049,0.95811
46.22500,0.24750,0.01015,0.00602,0.89392,0.08991
46.42500,0.24750,0.00424,0.00002,0.65563,0.34011
46.62500,0.24750,0.03822,0.00871,0.86078,0.09229
46.82500,0.24750,0.00029,0.00097,0.01314,0.98560
47.02500,0.24750,0.00023,0.00032,0.06928,0.93018
47.22500,0.24750,0.01483,0.00853,0.88668,0.08996
47.42500,0.24750,0.00834,0.00061,0.61999,0.37106
47.62500,0.24750,0.00323,0.00006,0.45669,0.54002
47.82500,0.24750,0.00034,0.00014,0.06608,0.93345
48.02500,0.24750,0.02842,0.00303,0.89826,0.07029
48.22500,0.24750,0.00020,0.00097,0.04487,0.95396
48.42500,0.24750,0.05724,0.00321,0.88333,0.05622
48.62500,0.24750,0.00342,0.00651,0.82287,0.16720
48.82500,0.24750,0.00675,0.00005,0.60417,0.38904
49.02500,0.24750,0.00556,0.00449,0.88421,0.10574
49.22500,0.24750,0.01496,0.00013,0.39218,0.59274
49.42500,0.24750,0.00855,0.00042,0.92286,0.06816
49.62500,0.24750,0.02086,0.00012,0.42741,0.55161
49.82500,0.24750,0.00013,0.00260,0.08172,0.91555
50.02500,0.24750,0.00637,0.00363,0.91160,0.07840
50.22500,0.24750,0.00798,0.00004,0.61038,0.38160
50.42500,0.24750,0.00006,0.00144,0.05168,0.94682
50.62500,0.24750,0.02591,0.00172,0.91571,0.05666
50.82500,0.24750,0.00099,0.00608,0.41189,0.58104
51.02500,0.24750,0.05809,0.00016,0.77444,0.16732
51.22500,0.24750,0.00038,0.00051,0.07466,0.92445
51.42500,0.24750,0.01233,0.00100,0.93058,0.05609
51.62500,0.24750,0.00053,0.00431,0.05621,0.93895
51.82500,0.24750,0.00103,0.00186,0.20485,0.79226
52.02500,0.24750,0.00217,0.00073,0.24111,0.75599
52.22500,0.24750,0.08534,0.00028,0.85790,0.05648
52.42500,0.24750,0.00181,0.00044,0.21042,0.78733
52.62500,0.24750,0.00005,0.00008,0.03314,0.96673
52.82500,0.24750,0.00617,0.00396,0.83302,0.15685
53.02500,0.24750,0.04115,0.00058,0.70310,0.25517
53.22500,0.24750,0.00686,0.00504,0.90835,0.07975
53.42500,0.24750,0.01282,0.00827,0.85036,0.12854
53.62500,0.24750,0.03493,0.00011,0.59628,0.36868
53.82500,0.24750,0.00069,0.00017,0.08199,0.91715
54.02500,0.24750,0.01467,0.00211,0.91057,0.07265
54.22500,0.24750,0.00716,0.00003,0.52430,0.46851
54.42500,0.24750,0.00433,0.00227,0.90042,0.09298
54.62500,0.24750,0.00779,0.00008,0.77364,0.21848
54.82500,0.24750,0.06490,0.01214,0.81427,0.10869
55.02500,0.24750,0.00895,0.00403,0.63256,0.35446
55.22500,0.24750,0.00155,0.00430,0.54921,0.44493
55.42500,0.24750,0.01086,0.00333,0.91913,0.06668
55.62500,0.24750,0.00058,0.01355,0.09654,0.88933
55.82500,0.24750,0.00303,0.00069,0.40899,0.58728
56.02500,0.24750,0.01930,0.00003,0.76405,0.21663
56.22500,0.24750,0.00010,0.00260,0.03860,0.95870
56.42500,0.24750,0.01370,0.00152,0.92271,0.06207
56.62500,0.24750,0.00025,0.00125,0.02688,0.97162
56.82500,0.24750,0.00419,0.00066,0.91942,0.07573
57.02500,0.24750,0.00844,0.00002,0.57010,0.42144
57.22500,0.24750,0.00005,0.00076,0.03716,0.96203
57.42500,0.24750,0.05410,0.00575,0.87414,0.06601
57.62500,0.24750,0.02152,0.00776,0.86645,0.10427
57.82500,0.24750,0.03220,0.01221,0.82081,0.13477
58.02500,0.24750,0.00572,0.00002,0.57720,0.41707
58.22500,0.24750,0.00039,0.00145,0.05868,0.93947
58.42500,0.24750,0.00486,0.00100,0.91334,0.08080
58.62500,0.24750,0.00366,0.00004,0.41310,0.58321
58.82500,0.24750,0.00062,0.00268,0.74443,0.25227
59.02500,0.24750,0.07006,0.00065,0.75115,0.17813
59.22500,0.24750,0.03629,0.01276,0.82557,0.12538
59.42500,0.24750,0.01020,0.00005,0.53303,0.45672
59.62500,0.24750,0.00010,0.00025,0.11150,0.88815
59.82500,0.24750,0.08626,0.00175,0.81123,0.10076
60.02500,0.24750,0.01057,0.00006,0.79357,0.19580
60.22500,0.24750,0.01398,0.00004,0.41142,0.57456
60.42500,0.24750,0.01478,0.00480,0.89404,0.08638
60.62500,0.24750,0.00076,0.00311,0.12280,0.87333
60.82500,0.24750,0.02391,0.00148,0.81982,0.15479
61.02500,0.24750,0.04332,0.00005,0.75438,0.20225
61.22500,0.24750,0.02936,0.01007,0.84778,0.11280
61.42500,0.24750,0.04089,0.00004,0.59437,0.36470
61.62500,0.24750,0.00015,0.00084,0.04793,0.95108
61.82500,0.24750,0.03504,0.00063,0.91310,0.05123
62.02500,0.24750,0.00036,0.00297,0.05432,0.94235
62.22500,0.24750,0.10036,0.00728,0.84687,0.04549
62.42500,0.24750,0.01337,0.00495,0.58654,0.39513
62.62500,0.24750,0.00029,0.00119,0.05193,0.94659
62.82500,0.24750,0.00031,0.00002,0.08260,0.91707
63.02500,0.24750,0.00029,0.00028,0.07405,0.92538
63.22500,0.24750,0.03662,0.00469,0.90838,0.05032
63.42500,0.24750,0.02056,0.01228,0.81343,0.15372
63.62500,0.24750,0.02012,0.00003,0.60308,0.37678
63.82500,0.24750,0.00011,0.00064,0.02999,0.96926
64.02500,0.24750,0.00475,0.00269,0.75802,0.23454
64.22500,0.24751,0.01366,0.00004,0.72574,0.26056
64.42500,0.24750,0.00376,0.00033,0.43534,0.56057
64.62500,0.24750,0.00059,0.00218,0.50828,0.48894
64.82500,0.24751,0.01791,0.00008,0.72985,0.25216
65.02500,0.24750,0.04784,0.00146,0.70564,0.24506
65.22500,0.24751,0.00012,0.00129,0.02332,0.97526
65.42500,0.24750,0.00166,0.00465,0.52966,0.46402
65.62500,0.24750,0.02005,0.00006,0.85135,0.12853
65.82500,0.24751,0.00731,0.00705,0.85278,0.13286
66.02500,0.24750,0.00300,0.01756,0.14443,0.83501
66.22500,0.24751,0.00027,0.00362,0.30807,0.68804
66.42500,0.24750,0.04468,0.00092,0.84989,0.10450
66.62500,0.24750,0.00045,0.00033,0.11959,0.87963
66.82500,0.24751,0.00013,0.00039,0.05190,0.94758
67.02500,0.24750,0.00628,0.00570,0.80245,0.18557
67.22500,0.24751,0.03063,0.00015,0.73056,0.23865
67.42500,0.24750,0.00028,0.00213,0.04352,0.95406
67.62500,0.24750,0.00717,0.00475,0.85313,0.13494
67.82500,0.24751,0.01727,0.00006,0.74865,0.23402
68.02500,0.24750,0.00023,0.00128,0.02825,0.97024
68.22500,0.24751,0.00545,0.00075,0.92000,0.07380
68.42500,0.24750,0.00026,0.00604,0.04793,0.94577
68.62500,0.24750,0.03985,0.00414,0.90536,0.05065
68.82500,0.24751,0.00027,0.00808,0.04095,0.95069
69.02500,0.24750,0.01274,0.00283,0.92522,0.05921
69.22500,0.24751,0.02199,0.00026,0.66544,0.31230
69.42500,0.24750,0.00035,0.01323,0.05635,0.93007
69.62500,0.24750,0.01219,0.00306,0.92333,0.06143
69.82500,0.24751,0.00203,0.00066,0.19561,0.80169
70.02500,0.24750,0.00062,0.00070,0.71912,0.27956
70.22500,0.24751,0.01596,0.00002,0.71545,0.26857
70.42500,0.24750,0.01819,0.00683,0.88708,0.08790
70.62500,0.24750,0.00015,0.00158,0.01980,0.97847
70.82500,0.24751,0.04999,0.00370,0.86207,0.08423
71.02500,0.24750,0.05318,0.01100,0.83065,0.10517
71.22500,0.24751,0.00049,0.00582,0.15546,0.83823
71.42500,0.24750,0.06217,0.00023,0.79721,0.14039
71.62500,0.24750,0.01957,0.00953,0.82313,0.14777
71.82500,0.24751,0.00904,0.00001,0.60877,0.38217
72.02500,0.24750,0.01499,0.00605,0.88044,0.09852
72.22500,0.24751,0.00011,0.00178,0.01702,0.98109
72.42500,0.24750,0.00872,0.00070,0.93051,0.06007
72.62500,0.24750,0.02513,0.00004,0.59815,0.37668
72.82500,0.24751,0.00038,0.00192,0.11900,0.87870
73.02500,0.24750,0.03813,0.00158,0.75906,0.20123
73.22500,0.24751,0.04743,0.00002,0.79582,0.15673
73.42500,0.24750,0.01418,0.00667,0.87403,0.10513
73.62500,0.24750,0.00305,0.00021,0.14242,0.85432
73.82500,0.24751,0.00038,0.00198,0.04904,0.94860
74.02500,0.24750,0.01543,0.00120,0.91243,0.07094
74.22500,0.24751,0.04087,0.01001,0.84409,0.10502
74.42500,0.24750,0.00033,0.01429,0.03205,0.95332
74.62500,0.24750,0.02045,0.00186,0.92494,0.05275
74.82500,0.24751,0.00106,0.02541,0.25897,0.71455
75.02500,0.24750,0.06128,0.00217,0.79063,0.14592
75.22500,0.24751,0.00054,0.02382,0.03515,0.94049
75.42500,0.24750,0.01442,0.00179,0.91177,0.07201
75.62500,0.24750,0.04696,0.01258,0.81634,0.12412
75.82500,0.24751,0.00636,0.00063,0.37957,0.61343
76.02500,0.24750,0.01852,0.00191,0.91578,0.06379
76.22500,0.24751,0.00273,0.00002,0.19799,0.79926
76.42500,0.24750,0.00005,0.00026,0.05400,0.94569
76.62500,0.24750,0.01828,0.00095,0.89835,0.08241
76.82500,0.24751,0.00733,0.00010,0.61707,0.37550
77.02500,0.24750,0.00016,0.00056,0.03867,0.96061
77.22500,0.24751,0.00053,0.00180,0.10531,0.89235
77.42500,0.24750,0.00122,0.00114,0.39097,0.60667
77.62500,0.24750,0.03250,0.00010,0.79819,0.16920
77.82500,0.24751,0.01439,0.00597,0.89312,0.08651
78.02500,0.24750,0.00072,0.00167,0.07491,0.92269
78.22500,0.24751,0.19384,0.00509,0.74859,0.05247
78.42500,0.24750,0.03029,0.00885,0.85388,0.10697
78.62500,0.24750,0.00021,0.00273,0.01890,0.97816
78.82500,0.24751,0.00024,0.00071,0.04636,0.95269
79.02500,0.24750,0.04568,0.00405,0.89377,0.05650
79.22500,0.24751,0.00050,0.00377,0.14557,0.85016
79.42500,0.24750,0.07549,0.00072,0.83313,0.09067
79.62500,0.24750,0.00125,0.00250,0.15322,0.84303
79.82500,0.24751,0.01423,0.00013,0.73540,0.25024
80.02500,0.24750,0.04124,0.00127,0.62219,0.33530
80.22500,0.24751,0.00637,0.00335,0.85234,0.13794
80.42500,0.24750,0.01778,0.00012,0.72998,0.25212
80.62500,0.24750,0.00411,0.00004,0.37160,0.62424
80.82500,0.24751,0.02585,0.00042,0.89594,0.07780
81.02500,0.24750,0.00904,0.00005,0.67559,0.31532
81.22500,0.24751,0.00691,0.00693,0.83719,0.14897
81.42500,0.24750,0.00953,0.00006,0.61408,0.37632
81.62500,0.24750,0.00137,0.00135,0.17214,0.82514
81.82500,0.24751,0.00212,0.00315,0.80682,0.18790
82.02500,0.24750,0.00715,0.00001,0.67717,0.31567
82.22500,0.24751,0.01417,0.00584,0.88890,0.09109
82.42500,0.24750,0.01292,0.00957,0.80588,0.17162
82.62500,0.24750,0.00397,0.00002,0.57880,0.41721
82.82500,0.24751,0.00951,0.00518,0.90300,0.08231
83.02500,0.24750,0.00025,0.00463,0.02875,0.96636
83.22500,0.24751,0.01310,0.00192,0.91733,0.06765
83.42500,0.24750,0.00014,0.00076,0.02391,0.97520
83.62500,0.24750,0.00247,0.00077,0.82964,0.16712
83.82500,0.24751,0.02140,0.00023,0.78206,0.19632
84.02500,0.24750,0.00346,0.00024,0.59059,0.40572
84.22500,0.24751,0.00497,0.00419,0.89702,0.09382
84.42500,0.24750,0.03283,0.00926,0.85231,0.10561
84.62500,0.24750,0.00034,0.00015,0.03589,0.96362
84.82500,0.24751,0.00245,0.00415,0.63253,0.36087
85.02500,0.24750,0.05844,0.00018,0.78888,0.15249
85.22500,0.24751,0.00010,0.00087,0.02762,0.97141
85.42500,0.24750,0.01097,0.00192,0.91294,0.07417
85.62500,0.24750,0.04704,0.00006,0.62130,0.33160
85.82500,0.24751,0.01825,0.00489,0.88971,0.08716
86.02500,0.24750,0.00016,0.00193,0.01609,0.98182
86.22500,0.24751,0.01617,0.00077,0.90573,0.07732
86.42500,0.24750,0.00111,0.00046,0.09958,0.89885
86.62500,0.24750,0.00037,0.00169,0.65349,0.34444
86.82500,0.24751,0.08181,0.00232,0.70737,0.20850
87.02500,0.24750,0.00200,0.00504,0.82760,0.16536
87.22500,0.24751,0.00453,0.00005,0.53696,0.45846
87.42500,0.24750,0.01367,0.00583,0.90712,0.07338
87.62500,0.24750,0.00066,0.00111,0.15242,0.84581
87.82500,0.24751,0.04522,0.00046,0.82301,0.13131
88.02500,0.24750,0.02577,0.00757,0.88124,0.08541
88.22500,0.24751,0.00049,0.00245,0.10259,0.89447
88.42500,0.24750,0.10443,0.00186,0.81213,0.08158
88.62500,0.24750,0.00030,0.00143,0.04762,0.95065
88.82500,0.24751,0.00005,0.00008,0.02029,0.97958
89.02500,0.24750,0.01364,0.00207,0.88848,0.09580
89.22500,0.24751,0.02287,0.00826,0.86180,0.10707
89.42500,0.24750,0.00076,0.00249,0.06604,0.93071
89.62500,0.24750,0.00020,0.00175,0.09058,0.90746
89.82500,0.24751,0.00818,0.00650,0.85275,0.13257
90.02500,0.24750,0.03406,0.00032,0.67048,0.29515
90.22500,0.24751,0.00180,0.00005,0.18611,0.81204
90.42500,0.24750,0.00037,0.00099,0.09202,0.90661
90.62500,0.24750,0.00558,0.00084,0.93114,0.06244
90.82500,0.24751,0.00607,0.00045,0.54511,0.44838
91.02500,0.24750,0.00315,0.00418,0.83707,0.15559
91.22500,0.24751,0.02301,0.00009,0.70007,0.27683
91.42500,0.24750,0.00803,0.00440,0.89376,0.09381
91.62500,0.24750,0.00171,0.00536,0.25543,0.73750
91.82500,0.24751,0.10124,0.00046,0.80300,0.09530
92.02500,0.24750,0.00052,0.00406,0.15070,0.84472
92.22500,0.24751,0.07152,0.00109,0.80105,0.12634
92.42500,0.24750,0.02222,0.00725,0.88975,0.08079
92.62500,0.24750,0.06557,0.01238,0.81318,0.10887
92.82500,0.24751,0.00047,0.02046,0.03253,0.94653
93.02500,0.24750,0.02577,0.00225,0.92085,0.05114
93.22500,0.24751,0.00108,0.00133,0.17564,0.82194
93.42500,0.24750,0.07177,0.00012,0.83846,0.08965
93.62500,0.24750,0.04438,0.00980,0.84362,0.10220
93.82500,0.24751,0.00011,0.00409,0.01609,0.97970
94.02500,0.24750,0.04517,0.00392,0.87060,0.08032
94.22500,0.24751,0.00010,0.00206,0.03330,0.96455
94.42500,0.24750,0.02852,0.01276,0.87606,0.08266
94.62500,0.24750,0.01231,0.00016,0.46114,0.52639
94.82500,0.24751,0.00032,0.00107,0.23071,0.76791
95.02500,0.24750,0.00148,0.00012,0.26730,0.73109
95.22500,0.24751,0.14789,0.00134,0.74460,0.10618
95.42500,0.24750,0.01798,0.01002,0.82221,0.14979
95.62500,0.24750,0.00206,0.00002,0.60645,0.39148
95.82500,0.24751,0.00615,0.00004,0.55777,0.43604
96.02500,0.24750,0.00241,0.00478,0.85999,0.13282
96.22500,0.24751,0.00883,0.00709,0.30217,0.68191
96.42500,0.24750,0.00010,0.00085,0.12564,0.87341
96.62500,0.24750,0.02398,0.00012,0.88457,0.09132
96.82500,0.24751,0.00086,0.00171,0.05804,0.93939
97.02500,0.24750,0.00013,0.00109,0.05228,0.94650
97.22500,0.24751,0.02794,0.00300,0.90878,0.06028
97.42500,0.24750,0.00046,0.00599,0.18734,0.80621
97.62500,0.24750,0.07955,0.00068,0.81770,0.10207
97.82500,0.24751,0.01356,0.00007,0.54885,0.43752
98.02500,0.24750,0.00811,0.00561,0.87049,0.11579
98.22500,0.24751,0.00167,0.00013,0.62478,0.37342
98.42500,0.24750,0.13403,0.00150,0.74636,0.11811
98.62500,0.24750,0.00072,0.00028,0.09047,0.90853
98.82500,0.24751,0.00033,0.00087,0.33798,0.66082
99.02500,0.24750,0.12273,0.00361,0.75080,0.12286
99.22500,0.24751,0.02491,0.00734,0.88642,0.08133
99.42500,0.24750,0.00442,0.00005,0.17963,0.81591
99.62500,0.24750,0.01856,0.00581,0.90932,0.06631
99.82500,0.24751,0.00056,0.00019,0.06377,0.93548
100.02500,0.24750,0.00925,0.00112,0.92497,0.06465
100.22500,0.24751,0.01023,0.00074,0.63088,0.35815
100.42500,0.24750,0.00103,0.00121,0.67789,0.31987
100.62500,0.24750,0.00961,0.00001,0.67804,0.31234
100.82500,0.24751,0.01802,0.00704,0.88254,0.09240
101.02500,0.24750,0.00890,0.00002,0.62878,0.36230
101.22500,0.24751,0.00085,0.01613,0.48337,0.49965
101.42500,0.24750,0.04984,0.00011,0.73556,0.21448
101.62500,0.24750,0.02245,0.00142,0.67340,0.30273
101.82500,0.24751,0.03330,0.00770,0.86183,0.09717
102.02500,0.24750,0.00007,0.00233,0.01542,0.98219
102.22500,0.24751,0.02178,0.00117,0.91697,0.06007
102.42500,0.24750,0.00051,0.00789,0.05780,0.93380
102.62500,0.24750,0.09103,0.00121,0.83528,0.07247
102.82500,0.24751,0.00023,0.00373,0.01651,0.97953
103.02500,0.24750,0.01607,0.00161,0.89105,0.09127
103.22500,0.24751,0.00511,0.00026,0.39123,0.60340
103.42500,0.24750,0.01144,0.00146,0.92211,0.06499
103.62500,0.24750,0.00497,0.01122,0.58178,0.40203
103.82500,0.24751,0.05298,0.00005,0.75893,0.18804
104.02500,0.24750,0.00101,0.00011,0.06519,0.93369
104.22500,0.24751,0.00721,0.00448,0.87626,0.11205
104.42500,0.24750,0.02966,0.00033,0.61108,0.35893
104.62500,0.24750,0.00633,0.00084,0.91864,0.07418
104.82500,0.24751,0.00539,0.00026,0.25855,0.73580
105.02500,0.24750,0.00085,0.00320,0.39747,0.59847
105.22500,0.24751,0.02182,0.00003,0.81768,0.16047
105.42500,0.24750,0.02192,0.00755,0.86848,0.10206
105.62500,0.24750,0.00009,0.00042,0.02395,0.97554
105.82500,0.24751,0.00015,0.00046,0.06820,0.93119
106.02500,0.24750,0.09493,0.00394,0.84946,0.05166
106.22500,0.24751,0.02257,0.00741,0.86987,0.10015
106.42500,0.24750,0.00134,0.01133,0.31906,0.66828
106.62500,0.24750,0.02701,0.00012,0.80015,0.17272
106.82500,0.24751,0.02631,0.00760,0.88105,0.08505
107.02500,0.24750,0.00004,0.00022,0.01314,0.98660
107.22500,0.24751,0.00717,0.00034,0.91940,0.07309
107.42500,0.24750,0.00357,0.00004,0.37349,0.62290
107.62500,0.24750,0.01938,0.00116,0.91250,0.06696
107.82500,0.24751,0.00066,0.00171,0.02814,0.96949
108.02500,0.24750,0.00013,0.00031,0.05229,0.94728
108.22500,0.24751,0.09101,0.00283,0.87198,0.03418
108.42500,0.24750,0.00131,0.00004,0.27891,0.71975
108.62500,0.24750,0.00007,0.00012,0.10174,0.89806
108.82500,0.24751,0.03084,0.00033,0.86992,0.09890
109.02500,0.24750,0.00053,0.00277,0.03683,0.95986
109.22500,0.24751,0.00015,0.00012,0.09566,0.90407
109.42500,0.24750,0.09790,0.00898,0.83192,0.06120
109.62500,0.24750,0.02520,0.00795,0.87449,0.09236
109.82500,0.24751,0.00017,0.00209,0.02217,0.97557
110.02500,0.24750,0.02009,0.00121,0.91039,0.06830
110.22500,0.24751,0.06166,0.01188,0.81996,0.10650
110.42500,0.24750,0.00034,0.00244,0.03776,0.95945
110.62500,0.24750,0.00024,0.00110,0.11900,0.87966
110.82500,0.24751,0.10020,0.00079,0.84360,0.05541
111.02500,0.24750,0.00032,0.00245,0.03756,0.95968
111.22500,0.24751,0.03548,0.00343,0.87282,0.08827
111.42500,0.24750,0.00928,0.01149,0.68754,0.29170
111.62500,0.24750,0.02749,0.00001,0.74030,0.23219
111.82500,0.24751,0.01853,0.01164,0.82517,0.14466
112.02500,0.24750,0.01944,0.00005,0.56825,0.41227
112.22500,0.24751,0.00254,0.00545,0.52474,0.46727
112.42500,0.24750,0.07719,0.00007,0.76982,0.15292
112.62500,0.24750,0.00799,0.00002,0.70640,0.28559
112.82500,0.24751,0.00152,0.01330,0.47795,0.50723
113.02500,0.24750,0.02619,0.00013,0.75158,0.22210
113.22500,0.24751,0.00021,0.00110,0.09929,0.89940
113.42500,0.24750,0.12118,0.00393,0.82320,0.05169
113.62500,0.24750,0.00059,0.00003,0.14493,0.85444
113.82500,0.24751,0.00009,0.00037,0.06230,0.93723
114.02500,0.24750,0.03214,0.00288,0.90707,0.05790
114.22500,0.24751,0.00247,0.00045,0.22767,0.76941
114.42500,0.24750,0.00010,0.00013,0.08561,0.91416
114.62500,0.24750,0.08068,0.00560,0.86083,0.05289
114.82500,0.24751,0.00007,0.00064,0.05561,0.94368
115.02500,0.24750,0.09807,0.00089,0.86424,0.03681
115.22500,0.24751,0.00890,0.00065,0.72630,0.26414
115.42500,0.24750,0.00020,0.00043,0.06382,0.93556
115.62500,0.24750,0.02459,0.00390,0.88576,0.08575
115.82500,0.24751,0.00591,0.00018,0.73304,0.26087
116.02500,0.24750,0.00020,0.00801,0.05087,0.94093
116.22500,0.24751,0.00294,0.00269,0.83801,0.15635
116.42500,0.24750,0.04210,0.00002,0.77375,0.18413
116.62500,0.24750,0.01673,0.00669,0.87774,0.09884
116.82500,0.24751,0.00067,0.00047,0.11009,0.88878
117.02500,0.24750,0.00029,0.00262,0.10964,0.88745
117.22500,0.24751,0.08101,0.00207,0.86458,0.05233
117.42500,0.24750,0.00020,0.00627,0.04622,0.94731
117.62500,0.24750,0.01409,0.00334,0.91403,0.06854
117.82500,0.24751,0.02021,0.00002,0.71412,0.26565
118.02500,0.24750,0.00030,0.00884,0.12213,0.86873
118.22500,0.24751,0.07911,0.00226,0.85457,0.06406
118.42500,0.24750,0.00799,0.00018,0.25925,0.73258
118.62500,0.24750,0.02415,0.00080,0.92939,0.04565
118.82500,0.24751,0.00055,0.00025,0.07029,0.92891
119.02500,0.24750,0.02094,0.00168,0.91966,0.05772
119.22500,0.24751,0.00030,0.00179,0.02852,0.96939
119.42500,0.24750,0.05667,0.00584,0.86718,0.07032
119.62500,0.24750,0.00028,0.00611,0.04044,0.95317
119.82500,0.24751,0.04316,0.00274,0.90651,0.04758
120.02500,0.24750,0.06562,0.01223,0.81320,0.10895
120.22500,0.24751,0.00065,0.00777,0.05136,0.94022
120.42500,0.24750,0.02425,0.00246,0.93124,0.04205
120.62500,0.24750,0.01860,0.00726,0.86994,0.10420
120.82500,0.24751,0.00072,0.00102,0.06187,0.93639
121.02500,0.24750,0.06183,0.00118,0.89120,0.04579
121.22500,0.24751,0.00020,0.00420,0.02253,0.97307
121.42500,0.24750,0.00690,0.00273,0.88418,0.10619
121.62500,0.24750,0.00609,0.00005,0.44900,0.54486
121.82500,0.24751,0.00133,0.00015,0.45821,0.54031
122.02500,0.24750,0.00022,0.00224,0.06707,0.93047
122.22500,0.24751,0.03666,0.00446,0.90436,0.05452
122.42500,0.24750,0.00020,0.00107,0.04603,0.95270
122.62500,0.24750,0.05359,0.00512,0.89474,0.04655
122.82500,0.24751,0.03375,0.00991,0.84170,0.11464
123.02500,0.24750,0.00612,0.00003,0.61991,0.37394
123.22500,0.24751,0.00385,0.00003,0.57870,0.41743
123.42500,0.24750,0.00252,0.00001,0.50565,0.49183
123.62500,0.24750,0.00291,0.01304,0.75726,0.22679
123.82500,0.24751,0.06780,0.00070,0.72340,0.20810
124.02500,0.24750,0.00009,0.00337,0.02951,0.96703
124.22500,0.24751,0.00667,0.00263,0.89625,0.09445
124.42500,0.24750,0.02688,0.00005,0.63061,0.34246
124.62500,0.24750,0.00050,0.01455,0.03867,0.94628
124.82500,0.24751,0.01554,0.00138,0.92313,0.05994
125.02500,0.24750,0.03027,0.01328,0.80825,0.14820
125.22500,0.24751,0.00123,0.00401,0.13059,0.86417
125.42500,0.24750,0.01879,0.00206,0.92423,0.05491
125.62500,0.24750,0.00016,0.00426,0.01627,0.97930
125.82500,0.24751,0.00012,0.00010,0.04903,0.95075
126.02500,0.24750,0.01249,0.00132,0.90972,0.07647
126.22500,0.24751,0.00057,0.00348,0.08430,0.91165
126.42500,0.24750,0.03387,0.00496,0.91533,0.04583
126.62500,0.24750,0.00893,0.00008,0.63567,0.35533
126.82500,0.24751,0.01534,0.00596,0.88302,0.09567
127.02500,0.24750,0.03841,0.01229,0.81829,0.13101
127.22500,0.24751,0.00839,0.00027,0.65549,0.33585
127.42500,0.24750,0.00369,0.00030,0.18000,0.81601
127.62500,0.24750,0.00007,0.00009,0.05484,0.94500
127.82500,0.24750,0.00014,0.00038,0.08358,0.91589
128.02499,0.24751,0.04400,0.00047,0.88998,0.06555
128.22501,0.24750,0.00154,0.01707,0.35039,0.63100
128.42500,0.24750,0.01622,0.00044,0.81359,0.16974
128.62500,0.24750,0.01354,0.00003,0.67340,0.31302
128.82500,0.24750,0.01804,0.00758,0.86235,0.11203
129.02499,0.24751,0.00988,0.00229,0.65979,0.32803
129.22501,0.24750,0.00011,0.00040,0.03315,0.96634
129.42500,0.24750,0.01187,0.00052,0.93187,0.05574
129.62500,0.24750,0.02398,0.00978,0.84133,0.12490
129.82500,0.24750,0.01049,0.00002,0.54479,0.44469
130.02499,0.24751,0.00037,0.00004,0.08304,0.91656
130.22501,0.24750,0.01203,0.00313,0.92553,0.05931
130.42500,0.24750,0.00064,0.00170,0.05909,0.93858
130.62500,0.24750,0.00011,0.00007,0.14694,0.85288
130.82500,0.24750,0.08100,0.00125,0.84998,0.06778
131.02499,0.24751,0.00242,0.00621,0.82985,0.16152
131.22501,0.24750,0.00768,0.00001,0.74360,0.24871
131.42500,0.24750,0.01145,0.00010,0.59138,0.39706
131.62500,0.24750,0.00647,0.00514,0.89493,0.09346
131.82500,0.24750,0.00448,0.00065,0.25829,0.73659
132.02499,0.24751,0.00321,0.00446,0.86021,0.13212
132.22501,0.24750,0.01697,0.00022,0.79113,0.19168
132.42500,0.24750,0.00022,0.00300,0.06921,0.92756
132.62500,0.24750,0.04859,0.00032,0.89344,0.05766
132.82500,0.24750,0.00036,0.00137,0.10019,0.89809
133.02499,0.24751,0.05979,0.00597,0.88746,0.04678
133.22501,0.24750,0.00032,0.00139,0.04914,0.94915
133.42500,0.24750,0.07742,0.00398,0.87457,0.04403
133.62500,0.24750,0.03455,0.00953,0.84849,0.10744
133.82500,0.24750,0.03377,0.01558,0.79716,0.15349
134.02499,0.24751,0.00212,0.00943,0.05937,0.92908
134.22501,0.24750,0.00583,0.00020,0.92320,0.07078
134.42500,0.24750,0.00069,0.00118,0.18191,0.81622
134.62500,0.24750,0.03311,0.00041,0.79600,0.17048
134.82500,0.24750,0.02172,0.00697,0.88579,0.08552
135.02499,0.24751,0.00616,0.01814,0.57893,0.39676
135.22501,0.24750,0.01323,0.00015,0.52535,0.46127
135.42500,0.24750,0.02630,0.00814,0.89122,0.07434
135.62500,0.24750,0.00006,0.00364,0.02089,0.97541
135.82500,0.24750,0.04315,0.00261,0.90553,0.04870
136.02499,0.24751,0.00517,0.00716,0.81667,0.17099
136.22501,0.24750,0.00299,0.00001,0.52816,0.46884
136.42500,0.24750,0.00017,0.00340,0.04034,0.95610
136.62500,0.24750,0.04473,0.00223,0.88522,0.06783
136.82500,0.24750,0.01394,0.01562,0.76093,0.20952
137.02499,0.24751,0.00519,0.02865,0.16352,0.80263
137.22501,0.24750,0.00544,0.00091,0.91554,0.07811
137.42500,0.24750,0.02889,0.00895,0.85619,0.10597
137.62500,0.24750,0.00066,0.00099,0.13255,0.86580
137.82500,0.24750,0.13854,0.00140,0.78084,0.07922
138.02499,0.24751,0.00066,0.00383,0.09042,0.90509
138.22501,0.24750,0.01093,0.00581,0.88453,0.09873
138.42500,0.24750,0.01195,0.00003,0.61068,0.37734
138.62500,0.24750,0.01104,0.00452,0.88765,0.09679
138.82500,0.24750,0.00120,0.00091,0.12774,0.87015
139.02499,0.24751,0.00407,0.00127,0.87582,0.11884
139.22501,0.24750,0.00186,0.00043,0.15757,0.84015
139.42500,0.24750,0.00035,0.00041,0.06856,0.93069
139.62500,0.24750,0.00390,0.00096,0.88607,0.10906
139.82500,0.24750,0.02805,0.00026,0.70292,0.26877
140.02499,0.24751,0.00018,0.00568,0.02969,0.96445
140.22501,0.24750,0.00072,0.00036,0.34341,0.65551
140.42500,0.24750,0.02102,0.00010,0.69539,0.28349
140.62500,0.24750,0.04740,0.00018,0.72241,0.23001
140.82500,0.24750,0.00050,0.00251,0.18140,0.81559
141.02499,0.24751,0.11849,0.00047,0.79695,0.08410
141.22501,0.24750,0.00710,0.00097,0.45170,0.54024
141.42500,0.24750,0.00027,0.00085,0.06070,0.93817
141.62500,0.24750,0.00571,0.00159,0.84367,0.14902
141.82500,0.24750,0.01532,0.00005,0.73973,0.24490
142.02499,0.24751,0.01361,0.00620,0.88793,0.09226
142.22501,0.24750,0.00033,0.00735,0.07703,0.91529
142.42500,0.24750,0.07601,0.00698,0.85021,0.06681
142.62500,0.24750,0.00003,0.00048,0.01646,0.98303
142.82500,0.24750,0.00034,0.00068,0.38164,0.61734
143.02499,0.24751,0.02720,0.00011,0.80654,0.16615
143.22501,0.24750,0.00003,0.00025,0.02467,0.97505
143.42500,0.24750,0.04573,0.00385,0.89184,0.05859
143.62500,0.24750,0.00011,0.00026,0.02159,0.97804
143.82500,0.24750,0.00974,0.00111,0.90676,0.08239
144.02499,0.24751,0.01064,0.01179,0.78770,0.18987
144.22501,0.24750,0.04450,0.00019,0.66074,0.29457
144.42500,0.24750,0.01322,0.00626,0.87931,0.10121
144.62500,0.24750,0.00072,0.00321,0.06352,0.93255
144.82500,0.24750,0.00034,0.00091,0.17611,0.82264
145.02499,0.24751,0.05817,0.00166,0.88608,0.05409
145.22501,0.24750,0.00220,0.02641,0.55561,0.41578
145.42500,0.24750,0.02365,0.00037,0.79644,0.17955
145.62500,0.24750,0.00511,0.00013,0.37999,0.61477
145.82500,0.24750,0.00332,0.00051,0.91322,0.08295
146.02499,0.24751,0.00022,0.00308,0.02196,0.97474
146.22501,0.24750,0.00277,0.00262,0.71409,0.28052
146.42500,0.24750,0.01423,0.00001,0.73130,0.25446
146.62500,0.24750,0.00222,0.00182,0.21141,0.78455
146.82500,0.24750,0.00011,0.00099,0.03812,0.96078
147.02499,0.24751,0.01446,0.00140,0.89655,0.08759
147.22501,0.24750,0.02203,0.00002,0.64294,0.33501
147.42500,0.24750,0.00046,0.00059,0.07112,0.92783
147.62500,0.24750,0.01481,0.00061,0.92630,0.05828
147.82500,0.24750,0.00016,0.00480,0.01820,0.97685
148.02499,0.24751,0.00596,0.00070,0.91887,0.07446
148.22501,0.24750,0.00183,0.00000,0.38004,0.61813
148.42500,0.24750,0.01633,0.00745,0.88904,0.08718
148.62500,0.24750,0.00019,0.01003,0.02087,0.96890
148.82500,0.24750,0.01288,0.00124,0.91545,0.07042
149.02499,0.24751,0.00052,0.00314,0.12869,0.86766
149.22501,0.24750,0.10743,0.00081,0.80623,0.08553
149.42500,0.24750,0.00309,0.00347,0.74092,0.25252
149.62500,0.24750,0.01501,0.00462,0.89711,0.08327
149.82500,0.24750,0.00665,0.01057,0.77462,0.20816
150.02499,0.24751,0.00775,0.00001,0.67560,0.31664
150.22501,0.24750,0.00776,0.00001,0.48042,0.51181
150.42500,0.24750,0.00029,0.00204,0.06433,0.93334
150.62500,0.24750,0.01769,0.00329,0.91564,0.06338
150.82500,0.24750,0.00989,0.00002,0.59541,0.39468
151.02499,0.24751,0.00511,0.01342,0.75025,0.23122
151.22501,0.24750,0.02587,0.00155,0.82985,0.14272
151.42500,0.24750,0.00859,0.00008,0.69923,0.29210
151.62500,0.24750,0.00059,0.01212,0.17581,0.81148
151.82500,0.24750,0.01413,0.02642,0.79934,0.16011
152.02499,0.24751,0.00970,0.00012,0.63631,0.35386
152.22501,0.24750,0.00286,0.00688,0.26057,0.72969
152.42500,0.24750,0.00172,0.00286,0.66655,0.32887
152.62500,0.24750,0.04134,0.00023,0.80998,0.14846
152.82500,0.24750,0.00108,0.01075,0.34778,0.64040
153.02499,0.24751,0.01770,0.00014,0.77748,0.20467
153.22501,0.24750,0.00003,0.00107,0.01989,0.97901
153.42500,0.24750,0.00212,0.00121,0.35887,0.63781
153.62500,0.24750,0.06687,0.00008,0.84579,0.08726
153.82500,0.24750,0.02953,0.00725,0.87049,0.09274
154.02499,0.24751,0.03190,0.00003,0.62712,0.34095
154.22501,0.24750,0.00104,0.00878,0.32598,0.66420
154.42500,0.24750,0.06447,0.00057,0.82887,0.10609
154.62500,0.24750,0.00052,0.00007,0.06961,0.92980
154.82500,0.24750,0.00007,0.00008,0.04963,0.95022
155.02499,0.24751,0.03272,0.00500,0.89037,0.07190
155.22501,0.24750,0.00584,0.00003,0.43231,0.56182
155.42500,0.24750,0.00009,0.00177,0.03162,0.96652
155.62500,0.24750,0.01741,0.00137,0.89935,0.08186
155.82500,0.24750,0.00038,0.00008,0.05401,0.94553
156.02499,0.24751,0.00034,0.00027,0.15331,0.84608
156.22501,0.24750,0.05261,0.00021,0.86801,0.07917
156.42500,0.24750,0.02045,0.01211,0.82142,0.14602
156.62500,0.24750,0.00252,0.00048,0.22753,0.76947
156.82500,0.24750,0.00019,0.00067,0.03318,0.96596
157.02499,0.24751,0.01812,0.00189,0.89037,0.08962
157.22501,0.24750,0.01374,0.00013,0.45647,0.52967
157.42500,0.24750,0.00021,0.00022,0.19702,0.80255
157.62500,0.24750,0.09007,0.00021,0.85250,0.05722
157.82500,0.24750,0.00052,0.00022,0.12670,0.87257
158.02499,0.24751,0.00181,0.00039,0.91601,0.08179
158.22501,0.24750,0.00280,0.00001,0.65746,0.33972
158.42500,0.24750,0.01507,0.00603,0.89921,0.07969
158.62500,0.24750,0.00016,0.00103,0.03166,0.96715
158.82500,0.24750,0.03922,0.00417,0.88208,0.07453
159.02499,0.24751,0.00874,0.00025,0.59833,0.39268
159.22501,0.24750,0.00005,0.00208,0.03357,0.96430
159.42500,0.24750,0.03757,0.00251,0.88243,0.07748
159.62500,0.24750,0.00024,0.00089,0.02016,0.97871
159.82500,0.24750,0.05469,0.00521,0.87197,0.06813
160.02499,0.24751,0.00604,0.00404,0.71358,0.27634
160.22501,0.24750,0.00623,0.00003,0.45634,0.53740
160.42500,0.24750,0.01254,0.00047,0.92543,0.06157
160.62500,0.24750,0.00031,0.00394,0.03725,0.95850
160.82500,0.24750,0.00355,0.00920,0.64042,0.34683
161.02499,0.24751,0.10925,0.00147,0.74807,0.14121
161.22501,0.24750,0.00023,0.00929,0.05458,0.93590
161.42500,0.24750,0.03174,0.00086,0.91476,0.05264
161.62500,0.24750,0.01628,0.00069,0.70435,0.27868
161.82500,0.24750,0.00014,0.00139,0.04654,0.95192
162.02499,0.24751,0.00285,0.00816,0.60802,0.38096
162.22501,0.24750,0.06244,0.00035,0.77408,0.16313
162.42500,0.24750,0.00143,0.02024,0.45883,0.51949
162.62500,0.24750,0.01912,0.00654,0.89075,0.08359
162.82500,0.24750,0.01203,0.00008,0.53722,0.45067
163.02499,0.24751,0.00900,0.00454,0.90134,0.08511
163.22501,0.24750,0.00029,0.00166,0.02273,0.97531
163.42500,0.24750,0.02953,0.00165,0.91813,0.05069
163.62500,0.24750,0.01380,0.00007,0.53777,0.44836
163.82500,0.24750,0.00807,0.00329,0.89162,0.09702
164.02499,0.24751,0.00832,0.00031,0.60187,0.38950
164.22501,0.24750,0.00043,0.00552,0.16183,0.83221
164.42500,0.24750,0.03313,0.00488,0.91581,0.04618
164.62500,0.24750,0.00695,0.00543,0.56488,0.42274
164.82500,0.24750,0.00032,0.01784,0.19676,0.78508
165.02499,0.24751,0.06211,0.00311,0.83232,0.10245
165.22501,0.24750,0.00039,0.00452,0.02776,0.96734
165.42500,0.24750,0.00284,0.01123,0.51356,0.47237
165.62500,0.24750,0.01874,0.00017,0.79093,0.19016
165.82500,0.24750,0.01962,0.00723,0.88371,0.08943
166.02499,0.24751,0.00791,0.00003,0.61555,0.37651
166.22501,0.24750,0.01152,0.00018,0.59791,0.39039
166.42500,0.24750,0.00020,0.00234,0.03060,0.96686
166.62500,0.24750,0.00088,0.00175,0.22783,0.76955
166.82500,0.24750,0.07178,0.00105,0.85217,0.07499
167.02499,0.24751,0.04138,0.01035,0.84009,0.10819
167.22501,0.24750,0.00014,0.00103,0.04506,0.95377
167.42500,0.24750,0.06181,0.00083,0.85729,0.08007
167.62500,0.24750,0.00582,0.01585,0.71982,0.25850
167.82500,0.24750,0.05283,0.00045,0.76266,0.18406
168.02499,0.24751,0.00010,0.00486,0.01996,0.97507
168.22501,0.24750,0.04048,0.00239,0.88785,0.06927
168.42500,0.24750,0.03134,0.01277,0.81503,0.14086
168.62500,0.24750,0.01299,0.00006,0.41695,0.56999
168.82500,0.24750,0.00420,0.00023,0.92365,0.07193
169.02499,0.24751,0.01010,0.00001,0.51370,0.47618
169.22501,0.24750,0.00006,0.00108,0.03116,0.96770
169.42500,0.24750,0.02302,0.00119,0.91848,0.05730
169.62500,0.24750,0.00045,0.00303,0.06039,0.93613
169.82500,0.24750,0.09140,0.00643,0.86006,0.04211
170.02499,0.24751,0.01787,0.00818,0.84910,0.12485
170.22501,0.24750,0.01371,0.00022,0.49456,0.49151
170.42500,0.24750,0.00017,0.00131,0.03308,0.96543
170.62500,0.24750,0.01759,0.00149,0.90288,0.07804
170.82500,0.24750,0.00050,0.02404,0.02044,0.95503
171.02499,0.24751,0.02029,0.00152,0.90670,0.07149
171.22501,0.24750,0.00683,0.00030,0.51673,0.47615
171.42500,0.24750,0.00766,0.00707,0.86480,0.12046
171.62500,0.24750,0.00422,0.00736,0.10732,0.88111
171.82500,0.24750,0.00976,0.00078,0.91687,0.07259
172.02499,0.24751,0.00029,0.00309,0.02270,0.97392
172.22501,0.24750,0.00082,0.00072,0.18446,0.81400
172.42500,0.24750,0.02705,0.00016,0.87109,0.10170
172.62500,0.24750,0.00026,0.00194,0.10887,0.88894
172.82500,0.24750,0.10667,0.00495,0.80941,0.07897
173.02499,0.24751,0.00011,0.00120,0.02891,0.96978
173.22501,0.24750,0.00014,0.00045,0.04962,0.94980
173.42500,0.24750,0.01709,0.00055,0.91736,0.06500
173.62500,0.24750,0.00779,0.00022,0.68418,0.30781
173.82500,0.24750,0.00043,0.00118,0.04006,0.95833
174.02499,0.24751,0.04252,0.00087,0.88784,0.06876
174.22501,0.24750,0.02507,0.00004,0.60764,0.36724
174.42500,0.24750,0.01552,0.00586,0.87834,0.10028
174.62500,0.24750,0.02178,0.01492,0.79140,0.17190
174.82500,0.24750,0.00120,0.00220,0.10496,0.89164
175.02499,0.24751,0.00806,0.00064,0.92624,0.06505
175.22501,0.24750,0.01354,0.00045,0.39363,0.59239
175.42500,0.24750,0.00006,0.00035,0.05332,0.94627
175.62500,0.24750,0.04310,0.00056,0.91749,0.03886
175.82500,0.24750,0.00039,0.00173,0.10044,0.89744
176.02499,0.24751,0.02830,0.00078,0.88335,0.08757
176.22501,0.24750,0.00355,0.00892,0.71772,0.26981
176.42500,0.24750,0.00139,0.00002,0.44658,0.55201
176.62500,0.24750,0.01045,0.00001,0.75192,0.23762
176.82500,0.24750,0.05246,0.01057,0.83306,0.10391
177.02499,0.24751,0.00520,0.00001,0.37148,0.62331
177.22501,0.24750,0.01497,0.00531,0.88928,0.09045
177.42500,0.24750,0.00088,0.00033,0.11225,0.88655
177.62500,0.24750,0.00313,0.00036,0.92740,0.06911
177.82500,0.24750,0.00858,0.00004,0.49213,0.49926
178.02499,0.24751,0.01851,0.00557,0.87422,0.10169
178.22501,0.24750,0.00789,0.00296,0.65727,0.33187
178.42500,0.24750,0.01706,0.00474,0.89265,0.08554
178.62500,0.24750,0.00064,0.00127,0.05926,0.93884
178.82500,0.24750,0.00013,0.00106,0.10601,0.89281
179.02499,0.24751,0.07403,0.00338,0.87973,0.04285
179.22501,0.24750,0.00869,0.00001,0.58021,0.41109
179.42500,0.24750,0.00042,0.00104,0.05852,0.94002
179.62500,0.24750,0.04047,0.00333,0.90624,0.04996
179.82500,0.24750,0.00340,0.00671,0.20669,0.78320
180.02499,0.24751,0.01739,0.00544,0.90836,0.06881
180.22501,0.24750,0.00005,0.00034,0.01796,0.98166
180.42500,0.24750,0.00907,0.00104,0.90995,0.07994
180.62500,0.24750,0.01880,0.00018,0.60139,0.37964
180.82500,0.24750,0.01841,0.00674,0.88065,0.09420
181.02499,0.24751,0.00441,0.00583,0.39735,0.59241
181.22501,0.24750,0.02295,0.00002,0.79000,0.18703
181.42500,0.24750,0.00021,0.00109,0.03439,0.96431
181.62500,0.24750,0.01562,0.00195,0.91242,0.07000
181.82500,0.24750,0.00359,0.00015,0.34257,0.65369
182.02499,0.24751,0.00009,0.00025,0.05732,0.94234
182.22501,0.24750,0.03414,0.00450,0.89079,0.07057
182.42500,0.24750,0.00933,0.00006,0.41321,0.57740
182.62500,0.24750,0.00037,0.00077,0.09279,0.90608
182.82500,0.24750,0.04548,0.00376,0.88960,0.06116
183.02499,0.24751,0.01821,0.00016,0.43100,0.55062
183.22501,0.24750,0.00048,0.00157,0.26464,0.73331
183.42500,0.24750,0.07647,0.00038,0.78179,0.14137
183.62500,0.24750,0.01410,0.00934,0.85679,0.11977
183.82500,0.24750,0.00116,0.00059,0.21132,0.78693
184.02499,0.24751,0.00704,0.00098,0.92882,0.06315
184.22501,0.24750,0.01132,0.00005,0.43245,0.55619
184.42500,0.24750,0.01793,0.00611,0.88166,0.09429
184.62500,0.24750,0.00562,0.00020,0.32480,0.66938
184.82500,0.24750,0.01471,0.00073,0.90916,0.07540
185.02499,0.24751,0.03350,0.01093,0.83483,0.12074
185.22501,0.24750,0.00227,0.00005,0.22116,0.77652
185.42500,0.24750,0.01164,0.00043,0.93384,0.05409
185.62500,0.24750,0.03102,0.01386,0.81156,0.14356
185.82500,0.24750,0.00772,0.00175,0.33705,0.65348
186.02499,0.24751,0.00731,0.00216,0.91345,0.07707
186.22501,0.24750,0.00515,0.00041,0.29763,0.69682
186.42500,0.24750,0.00017,0.00214,0.04246,0.95523
186.62500,0.24750,0.02654,0.00256,0.90629,0.06461
186.82500,0.24750,0.00020,0.00071,0.08989,0.90919
187.02499,0.24751,0.08011,0.00490,0.86754,0.04744
187.22501,0.24750,0.00583,0.00038,0.35302,0.64077
187.42500,0.24750,0.01528,0.00301,0.90369,0.07802
187.62500,0.24750,0.01699,0.00029,0.54974,0.43298
187.82500,0.24750,0.01368,0.00338,0.90249,0.08045
188.02499,0.24751,0.02945,0.01400,0.80760,0.14894
188.22501,0.24750,0.00605,0.00007,0.47231,0.52156
188.42500,0.24750,0.00467,0.00029,0.59196,0.40309
188.62500,0.24750,0.01813,0.00690,0.90189,0.07308
188.82500,0.24750,0.00020,0.00598,0.02479,0.96904
189.02499,0.24751,0.00962,0.00023,0.92256,0.06759
189.22501,0.24750,0.03083,0.00947,0.84973,0.10997
189.42500,0.24750,0.00624,0.00013,0.62107,0.37256
189.62500,0.24750,0.02177,0.00714,0.87841,0.09268
189.82500,0.24750,0.00043,0.00306,0.02183,0.97467
190.02499,0.24751,0.00553,0.00300,0.72443,0.26704
190.22501,0.24750,0.00713,0.00002,0.69905,0.29380
190.42500,0.24750,0.00478,0.00001,0.69388,0.30133
190.62500,0.24750,0.00691,0.00735,0.84752,0.13822
190.82500,0.24750,0.01324,0.00107,0.51880,0.46689
191.02499,0.24751,0.01161,0.00278,0.90627,0.07934
191.22501,0.24750,0.00009,0.00212,0.02879,0.96899
191.42500,0.24750,0.00854,0.00082,0.89435,0.09629
191.62500,0.24750,0.00824,0.00014,0.56785,0.42377
191.82500,0.24750,0.00013,0.00043,0.10574,0.89370
192.02499,0.24751,0.02785,0.00168,0.89831,0.07217
192.22501,0.24750,0.01075,0.00003,0.65612,0.33310
192.42500,0.24750,0.00013,0.00278,0.05258,0.94451
192.62500,0.24750,0.00393,0.00258,0.89437,0.09913
192.82500,0.24750,0.01184,0.00003,0.58208,0.40606
193.02499,0.24751,0.00394,0.00011,0.45361,0.54234
193.22501,0.24750,0.00006,0.00009,0.03314,0.96671
193.42500,0.24750,0.00128,0.00297,0.53848,0.45727
193.62500,0.24750,0.02401,0.00013,0.84180,0.13406
193.82500,0.24750,0.00029,0.00076,0.04279,0.95615
194.02499,0.24751,0.01069,0.00114,0.88751,0.10066
194.22501,0.24750,0.01091,0.00008,0.46096,0.52805
194.42500,0.24750,0.00007,0.00372,0.04955,0.94666
194.62500,0.24750,0.00089,0.00060,0.27106,0.72746
194.82500,0.24750,0.06339,0.00045,0.86391,0.07226
195.02499,0.24751,0.04253,0.01216,0.82633,0.11898
195.22501,0.24750,0.00053,0.00532,0.02559,0.96855
195.42500,0.24750,0.01146,0.00147,0.91735,0.06972
195.62500,0.24750,0.00976,0.00129,0.72648,0.26248
195.82500,0.24750,0.00017,0.00574,0.02687,0.96722
196.02499,0.24751,0.01952,0.00209,0.90192,0.07647
196.22501,0.24750,0.00720,0.00012,0.76367,0.22901
196.42500,0.24750,0.02276,0.00002,0.62102,0.35620
196.62500,0.24750,0.00880,0.00665,0.86069,0.12386
196.82500,0.24750,0.00576,0.00001,0.54389,0.45033
197.02499,0.24751,0.01309,0.00613,0.87683,0.10395
197.22501,0.24750,0.00035,0.01749,0.02757,0.95460
197.42500,0.24750,0.00007,0.00006,0.03278,0.96709
197.62500,0.24750,0.03100,0.00410,0.90043,0.06447
197.82500,0.24750,0.00672,0.00083,0.51288,0.47957
198.02499,0.24751,0.00042,0.00399,0.40388,0.59172
198.22501,0.24750,0.06611,0.00020,0.83024,0.10346
198.42500,0.24750,0.00007,0.00215,0.02355,0.97422
198.62500,0.24750,0.00201,0.00114,0.33461,0.66223
198.82500,0.24750,0.02681,0.00015,0.77664,0.19641
199.02499,0.24751,0.00023,0.00225,0.04861,0.94891
199.22501,0.24750,0.00951,0.00119,0.90195,0.08735
199.42500,0.24750,0.02904,0.00890,0.85626,0.10580
199.62500,0.24750,0.00090,0.00946,0.16281,0.82682
199.82500,0.24750,0.12778,0.02183,0.80266,0.04773
200.02499,0.24751,0.03275,0.01120,0.83096,0.12509
200.22501,0.24750,0.00396,0.00027,0.65851,0.33725
200.42500,0.24750,0.00007,0.00190,0.05513,0.94290
200.62500,0.24750,0.02161,0.00293,0.89278,0.08268
200.82500,0.24750,0.00886,0.00012,0.55116,0.43986
201.02499,0.24751,0.01722,0.00298,0.90230,0.07750
201.22501,0.24750,0.00010,0.00046,0.02211,0.97732
201.42500,0.24750,0.02620,0.00135,0.90345,0.06900
201.62500,0.24750,0.00026,0.00284,0.04011,0.95678
201.82500,0.24750,0.04762,0.00267,0.88696,0.06275
202.02499,0.24751,0.02188,0.00674,0.88013,0.09125
202.22501,0.24750,0.05354,0.01277,0.81464,0.11906
202.42500,0.24750,0.00627,0.00014,0.59118,0.40241
202.62500,0.24750,0.03628,0.00922,0.85520,0.09930
202.82500,0.24750,0.00024,0.00268,0.04197,0.95511
203.02499,0.24751,0.07368,0.00694,0.87203,0.04735
203.22501,0.24750,0.02111,0.01050,0.83870,0.12969
203.42500,0.24750,0.00578,0.00004,0.47429,0.51989
203.62500,0.24750,0.01172,0.00004,0.68730,0.30095
203.82500,0.24750,0.00017,0.00371,0.07734,0.91878
204.02499,0.24751,0.04066,0.00239,0.89868,0.05826
204.22501,0.24750,0.00421,0.00007,0.35067,0.64505
204.42500,0.24750,0.00009,0.00054,0.03393,0.96544
204.62500,0.24750,0.01096,0.00142,0.90756,0.08006
204.82500,0.24750,0.01580,0.00012,0.56151,0.42257
205.02499,0.24751,0.00037,0.01293,0.54775,0.43895
205.22501,0.24750,0.01819,0.00012,0.79571,0.18598
205.42500,0.24750,0.03000,0.00771,0.88031,0.08198
205.62500,0.24750,0.00008,0.00167,0.01835,0.97989
205.82500,0.24750,0.01131,0.00092,0.91639,0.07138
206.02499,0.24751,0.00668,0.00937,0.80111,0.18283
206.22501,0.24750,0.02043,0.00017,0.68364,0.29577
206.42500,0.24750,0.00864,0.00427,0.88026,0.10682
206.62500,0.24750,0.00023,0.00279,0.03551,0.96148
206.82500,0.24750,0.01458,0.00224,0.90862,0.07457
207.02499,0.24751,0.00480,0.00004,0.58484,0.41032
207.22501,0.24750,0.00901,0.00489,0.90302,0.08308
207.42500,0.24750,0.00060,0.00021,0.06964,0.92955
207.62500,0.24750,0.00013,0.00022,0.11839,0.88125
207.82500,0.24750,0.01800,0.00191,0.90392,0.07617
208.02499,0.24751,0.00151,0.00012,0.46936,0.52901
208.22501,0.24750,0.00846,0.00008,0.61467,0.37680
208.42500,0.24750,0.00029,0.00117,0.32181,0.67674
208.62500,0.24750,0.02011,0.00006,0.73919,0.24064
208.82500,0.24750,0.00047,0.00215,0.11761,0.87977
209.02499,0.24751,0.00294,0.00208,0.84252,0.15246
209.22501,0.24750,0.01001,0.00005,0.67582,0.31412
209.42500,0.24750,0.00273,0.00551,0.61583,0.37593
209.62500,0.24750,0.00803,0.00478,0.90537,0.08182
209.82500,0.24750,0.00124,0.00035,0.13080,0.86761
210.02499,0.24751,0.00008,0.00090,0.04800,0.95102
210.22501,0.24750,0.00668,0.00214,0.84745,0.14372
210.42500,0.24750,0.03225,0.00020,0.73858,0.22897
210.62500,0.24750,0.01618,0.00647,0.89290,0.08445
210.82500,0.24750,0.00140,0.00148,0.08222,0.91490
211.02499,0.24751,0.00564,0.00193,0.91501,0.07742
211.22501,0.24750,0.00486,0.00002,0.53688,0.45824
211.42500,0.24750,0.02315,0.00733,0.88156,0.08795
211.62500,0.24750,0.02382,0.00016,0.54893,0.42708
211.82500,0.24750,0.00869,0.00663,0.85021,0.13447
212.02499,0.24751,0.01350,0.00002,0.59375,0.39273
212.22501,0.24750,0.00004,0.00050,0.01868,0.98078
212.42500,0.24750,0.00919,0.00149,0.90241,0.08692
212.62500,0.24750,0.00017,0.00142,0.03987,0.95854
212.82500,0.24750,0.06391,0.00423,0.87494,0.05691
213.02499,0.24751,0.00732,0.00019,0.70334,0.28915
213.22501,0.24750,0.04262,0.01023,0.84372,0.10343
213.42500,0.24750,0.01461,0.00006,0.48678,0.49855
213.62500,0.24750,0.01708,0.00505,0.89457,0.08330
213.82500,0.24750,0.00574,0.00044,0.14632,0.84750
214.02499,0.24751,0.00607,0.00170,0.83702,0.15521
214.22501,0.24750,0.01450,0.00009,0.72913,0.25628
214.42500,0.24750,0.00042,0.00039,0.07314,0.92605
214.62500,0.24750,0.00039,0.00020,0.38750,0.61191
214.82500,0.24750,0.03181,0.00001,0.86661,0.10156
215.02499,0.24751,0.01388,0.00580,0.88285,0.09747
215.22501,0.24750,0.00058,0.03897,0.07524,0.88520
215.42500,0.24750,0.05464,0.00231,0.89693,0.04611
215.62500,0.24750,0.01699,0.00001,0.50493,0.47807
215.82500,0.24750,0.00024,0.00668,0.03654,0.95653
216.02499,0.24751,0.00636,0.00200,0.88317,0.10847
216.22501,0.24750,0.00446,0.00001,0.63137,0.36415
216.42500,0.24750,0.00238,0.01053,0.71940,0.26768
216.62500,0.24750,0.01135,0.00004,0.63543,0.35318
216.82500,0.24750,0.01035,0.00015,0.45564,0.53386
217.02499,0.24751,0.01223,0.00025,0.93007,0.05745
217.22501,0.24750,0.00022,0.00850,0.02141,0.96987
217.42500,0.24750,0.02310,0.00213,0.89793,0.07683
217.62500,0.24750,0.00034,0.00794,0.02748,0.96424
217.82500,0.24750,0.02799,0.00236,0.90092,0.06873
218.02499,0.24751,0.01262,0.00046,0.60941,0.37751
218.22501,0.24750,0.02307,0.00636,0.87873,0.09184
218.42500,0.24750,0.00163,0.00380,0.27636,0.71821
218.62500,0.24750,0.16921,0.00029,0.72544,0.10505
218.82500,0.24750,0.00284,0.00751,0.82938,0.16028
219.02499,0.24751,0.01018,0.00026,0.72117,0.26839
219.22501,0.24750,0.00010,0.00137,0.02578,0.97275
219.42500,0.24750,0.01823,0.00218,0.91527,0.06432
219.62500,0.24750,0.00019,0.00419,0.02831,0.96731
219.82500,0.24750,0.07763,0.00460,0.84764,0.07013
220.02499,0.24751,0.00381,0.00009,0.25721,0.73889
220.22501,0.24750,0.00018,0.00054,0.11194,0.88734
220.42500,0.24750,0.01058,0.00067,0.81091,0.17784
220.62500,0.24750,0.02258,0.00012,0.64113,0.33617
220.82500,0.24750,0.00032,0.00670,0.03546,0.95752
221.02499,0.24751,0.00119,0.00243,0.28881,0.70757
221.22501,0.24750,0.14454,0.02804,0.77257,0.05485
221.42500,0.24750,0.00702,0.00006,0.33617,0.65675
221.62500,0.24750,0.00064,0.00042,0.59659,0.40236
221.82500,0.24750,0.06579,0.00073,0.77821,0.15527
222.02499,0.24751,0.00020,0.00505,0.17561,0.81914
222.22501,0.24750,0.06291,0.00186,0.83986,0.09538
222.42500,0.24750,0.00383,0.00007,0.40288,0.59322
222.62500,0.24750,0.00008,0.00008,0.07798,0.92187
222.82500,0.24750,0.00141,0.01340,0.53155,0.45363
223.02499,0.24751,0.06340,0.00128,0.79343,0.14189
223.22501,0.24750,0.00547,0.00026,0.61980,0.37447
223.42500,0.24750,0.00351,0.00435,0.85467,0.13746
223.62500,0.24750,0.00412,0.00004,0.47820,0.51764
223.82500,0.24750,0.00285,0.00619,0.84635,0.14461
224.02499,0.24751,0.03197,0.00006,0.70878,0.25918
224.22501,0.24750,0.00006,0.00132,0.04375,0.95487
224.42500,0.24750,0.03072,0.00504,0.91084,0.05340
224.62500,0.24750,0.00024,0.00304,0.02462,0.97210
224.82500,0.24750,0.04635,0.00122,0.88007,0.07235
225.02499,0.24751,0.00036,0.01572,0.02355,0.96038
225.22501,0.24750,0.00258,0.00168,0.79122,0.20452
225.42500,0.24750,0.03647,0.00161,0.62440,0.33753
225.62500,0.24750,0.00019,0.00381,0.03682,0.95918
225.82500,0.24750,0.00133,0.00128,0.41728,0.58011
226.02499,0.24751,0.05173,0.00055,0.86712,0.08060
226.22501,0.24750,0.00010,0.00670,0.01842,0.97478
226.42500,0.24750,0.02621,0.00112,0.91535,0.05733
226.62500,0.24750,0.02648,0.01176,0.81517,0.14659
226.82500,0.24750,0.01702,0.00004,0.59640,0.38653
227.02499,0.24751,0.01351,0.00471,0.88575,0.09604
227.22501,0.24750,0.00042,0.00574,0.05625,0.93759
227.42500,0.24750,0.01448,0.00411,0.84340,0.13800
227.62500,0.24750,0.02894,0.00072,0.81693,0.15340
227.82500,0.24750,0.03472,0.01011,0.84358,0.11159
228.02499,0.24751,0.00212,0.00032,0.08802,0.90954
228.22501,0.24750,0.00110,0.00069,0.74279,0.25541
228.42500,0.24750,0.02120,0.00002,0.76468,0.21410
228.62500,0.24750,0.05447,0.01073,0.83171,0.10309
228.82500,0.24750,0.00170,0.00016,0.11009,0.88805
229.02499,0.24751,0.00005,0.00035,0.03542,0.96418
229.22501,0.24750,0.00434,0.00089,0.89440,0.10037
229.42500,0.24750,0.00547,0.00004,0.64059,0.35390
229.62500,0.24750,0.00005,0.00037,0.02516,0.97442
229.82500,0.24750,0.04051,0.00391,0.88987,0.06572
230.02499,0.24751,0.00531,0.00511,0.68003,0.30955
230.22501,0.24750,0.00930,0.00543,0.89741,0.08786
230.42500,0.24750,0.00067,0.00253,0.15223,0.84458
230.62500,0.24750,0.10190,0.00092,0.83223,0.06495
230.82500,0.24750,0.02109,0.00844,0.85801,0.11246
231.02499,0.24751,0.01426,0.00003,0.57570,0.41000
231.22501,0.24750,0.00003,0.00057,0.02001,0.97939
