Time(Seconds),Length(Seconds),Label(string),Confidence(double),Comment(string)
0.08742339999999998,0.35995790000000005,impact,1,
0.421009,0.436802,working,1,
0.8307359,0.4820975,impact,1,
1.3053558,0.3675268,working,1,
1.6643569,0.2405251,impact,1,
1.8979669,0.4117983,working,1,
2.2515777,0.4007146,impact,1,
2.6337133,0.4749407,working,1,
3.0584628,0.3045789,impact,1,
3.3443465,0.5646511,working,1,
3.8636209,0.4298551,impact,1,
4.2798134,0.3581742,working,1,
4.6125439,0.7555701,impact,1,
5.3164118,0.2233321,working,1,
5.4259303,0.7081739,impact,1,
6.1071448,0.1695448,working,1,
6.2331427,0.781411,impact,1,
7.0013573,0.1148529,working,1,
7.1214449,0.3759619,impact,1,
7.4456603,0.6133884,working,1,
8.0396012,0.1722426,impact,1,
8.2017398,0.487122,working,1,
8.6993881,0.6262832,impact,1,
9.2620317,0.2693299,working,1,
9.4774244,0.2454391,impact,1,
9.7337949,0.3659575,working,1,
10.0068249,0.5134005,impact,1,
10.5147494,0.3351695,working,1,
10.8318529,0.410272,impact,1,
11.2560791,0.4234235,working,1,
11.6321735,0.661333,impact,1,
12.2836558,0.154911,working,1,
12.3950058,0.7098822,impact,1,
13.0820572,0.5153315,working,1,
13.5571195,0.4100206,impact,1,
13.970934,0.4305129,working,1,
14.3856952,0.4552794,impact,1,
14.8187282,0.2210497,working,1,
15.0117044,0.4371716,impact,1,
15.4423441,0.308821,working,1,
15.7273957,0.3150609,impact,1,
16.0328099,0.3434089,working,1,
16.3662611,0.5813953,impact,1,
16.8542937,0.7256832,impact,1,
17.4920607,0.3167116,working,1,
17.7709462,0.4922763,impact,1,
