Time(Seconds),Length(Seconds),Label(string),Confidence(double),Comment(string)
0.035083100000000006,0.4997593,impact,1,
0.5661548,0.9901308,working,1,
1.5562856,0.3526295,impact,1,
1.9387148,0.5214943,impact,1,
2.4658332,0.4959275,working,1,
2.9617607,0.41519,impact,1,
3.3769507,0.0979663,working,1,
3.474917,0.6157875,impact,1,
4.1046997,0.5458116,impact,1,
4.6505113,0.6997586,impact,1,
5.3502699,0.3773179,working,1,
5.7275878,0.3812175,impact,1,
6.1088053,0.091018,working,1,
6.2008233,0.2234723,impact,1,
6.4287467,0.6297805,working,1,
7.0585272,0.4407519,impact,1,
7.5012791,1.0473528,working,1,
8.5486319,0.2857636,impact,1,
8.8420616,0.0912522,working,1,
8.9333138,0.3077455,impact,1,
9.2654309,0.7904974,working,1,
10.0569283,0.4325353,impact,1,
10.4894636,0.1706411,working,1,
10.6611047,0.3638789,impact,1,
11.0249836,0.229999,working,1,
11.2549826,0.3261179,impact,1,
11.5811005,0.8321892,working,1,
12.4132897,0.4833446,impact,1,
12.8966343,1.0495995,working,1,
13.9462338,0.4043517,impact,1,
14.3505855,0.9896072,working,1,
15.3401927,0.2231671,impact,1,
15.5633598,0.1529195,working,1,
15.7219664,0.1679402,impact,1,
15.8899066,0.0593935,working,1,
15.9493001,0.4771959,impact,1,
16.426496,0.2550065,working,1,
16.6825025,0.5365894,impact,1,
17.2190919,0.3156076,working,1,
17.5346995,0.2544415,impact,1,
17.809084,0.5392984,working,1,
18.3483824,0.2862467,impact,1,
18.6346291,0.3335291,working,1,
18.9681582,0.693964,impact,1,
19.6641222,0.5001644,working,1,
20.1642866,0.3645064,impact,1,
20.528793,0.1744187,working,1,
20.7042117,0.594601,impact,1,
