Time (seconds), Duration (seconds),pred_(unlabeled),pred_imbalance,pred_working,pred_impact
0.00000,3.01194,0.37426,0.00000,0.08484,0.54090
0.20000,3.01194,0.47456,0.00000,0.10788,0.41755
0.40000,3.01194,0.43867,0.00001,0.16412,0.39720
0.60000,3.01194,0.45896,0.00001,0.16116,0.37987
0.80000,3.01194,0.52492,0.00000,0.10941,0.36567
1.00000,3.01194,0.47687,0.00000,0.12167,0.40146
1.20000,3.01194,0.42350,0.00000,0.12832,0.44818
1.40000,3.01194,0.43446,0.00003,0.18462,0.38089
1.60000,3.01194,0.47278,0.00001,0.18722,0.34000
1.80000,3.01194,0.48917,0.00000,0.14269,0.36813
2.00000,3.01194,0.48401,0.00000,0.13854,0.37745
2.20000,3.01194,0.43931,0.00000,0.12989,0.43080
2.40000,3.01194,0.44591,0.00002,0.18259,0.37148
2.60000,3.01194,0.47961,0.00001,0.18940,0.33098
2.80000,3.01194,0.51032,0.00000,0.17939,0.31029
3.00000,3.01194,0.54590,0.00000,0.13891,0.31518
3.20000,3.01194,0.46029,0.00001,0.14606,0.39364
3.40000,3.01194,0.40542,0.00035,0.20952,0.38471
3.60000,3.01194,0.44422,0.00006,0.17377,0.38195
3.80000,3.01194,0.54852,0.00003,0.15049,0.30096
4.00000,3.01194,0.64868,0.00000,0.10888,0.24243
4.20000,3.01194,0.59603,0.00000,0.12325,0.28072
4.40000,3.01194,0.41246,0.00050,0.19907,0.38797
4.60000,3.01194,0.37371,0.00051,0.20607,0.41971
4.80000,3.01194,0.53268,0.00001,0.17277,0.29454
5.00000,3.01194,0.50904,0.00011,0.20557,0.28528
5.20000,3.01194,0.57040,0.00004,0.12388,0.30568
5.40000,3.01194,0.56978,0.00001,0.08019,0.35002
5.60000,3.01194,0.42491,0.00464,0.13392,0.43653
5.80000,3.01194,0.51415,0.00236,0.18345,0.30004
6.00000,3.01194,0.51305,0.00000,0.14134,0.34561
6.20000,3.01194,0.59561,0.00002,0.14448,0.25990
6.40000,3.01194,0.60147,0.00002,0.08576,0.31276
6.60000,3.01194,0.51611,0.00000,0.05290,0.43099
6.80000,3.01194,0.53698,0.00532,0.10867,0.34904
7.00000,3.01194,0.43010,0.00262,0.22581,0.34147
7.20000,3.01194,0.57940,0.00000,0.15761,0.26298
7.40000,3.01194,0.57850,0.00004,0.17702,0.24444
7.60000,3.01194,0.52002,0.00001,0.12366,0.35632
7.80000,3.01194,0.47347,0.00000,0.08512,0.44141
8.00000,3.01194,0.42052,0.00051,0.13839,0.44059
8.20000,3.01194,0.41425,0.00085,0.22024,0.36466
8.40000,3.01194,0.50689,0.00001,0.16665,0.32646
8.60000,3.01194,0.55757,0.00002,0.15380,0.28861
8.80000,3.01194,0.53270,0.00000,0.11405,0.35325
9.00000,3.01194,0.42372,0.00006,0.16647,0.40975
9.20000,3.01194,0.38936,0.00352,0.21919,0.38794
9.40000,3.01194,0.47209,0.00002,0.18169,0.34619
9.60000,3.01194,0.52646,0.00000,0.14136,0.33217
9.80000,3.01194,0.46823,0.00007,0.19919,0.33252
10.00000,3.01194,0.48515,0.00000,0.15328,0.36157
10.20000,3.01194,0.48238,0.00000,0.15331,0.36431
10.40000,3.01194,0.47878,0.00002,0.19305,0.32815
10.60000,3.01194,0.64671,0.00000,0.12231,0.23097
10.80000,3.01194,0.47524,0.00001,0.14860,0.37615
11.00000,3.01194,0.42288,0.00005,0.16661,0.41046
11.20000,3.01194,0.47357,0.00000,0.09844,0.42799
11.40000,3.01194,0.47950,0.00011,0.15787,0.36253
11.60000,3.01194,0.45302,0.00022,0.18367,0.36309
11.80000,3.01194,0.53608,0.00000,0.12246,0.34146
12.00000,3.01194,0.47629,0.00000,0.12648,0.39723
12.20000,3.01194,0.44819,0.00006,0.20081,0.35093
12.40000,3.01194,0.41871,0.00001,0.20757,0.37371
12.60000,3.01194,0.49264,0.00001,0.18044,0.32691
12.80000,3.01194,0.44831,0.00002,0.16307,0.38860
13.00000,3.01194,0.42908,0.00004,0.17113,0.39975
13.20000,3.01194,0.36923,0.00023,0.25558,0.37496
13.40000,3.01194,0.48149,0.00001,0.21122,0.30727
13.60000,3.01194,0.52912,0.00000,0.21895,0.25192
13.80000,3.01194,0.52390,0.00000,0.14657,0.32954
14.00000,3.01194,0.35987,0.00001,0.17850,0.46162
14.20000,3.01194,0.49095,0.00001,0.17369,0.33535
14.40000,3.01194,0.49229,0.00001,0.18826,0.31944
14.60000,3.01194,0.44579,0.00002,0.15964,0.39454
14.80000,3.01194,0.53419,0.00001,0.15140,0.31440
15.00000,3.01194,0.47478,0.00000,0.17078,0.35443
15.20000,3.01194,0.42644,0.00007,0.18073,0.39276
15.40000,3.01194,0.42213,0.00028,0.22425,0.35335
15.60000,3.01194,0.43643,0.00000,0.22163,0.34194
15.80000,3.01194,0.52371,0.00002,0.18164,0.29463
16.00000,3.01194,0.42468,0.00002,0.20180,0.37351
16.20000,3.01194,0.50049,0.00000,0.12155,0.37796
16.40000,3.01194,0.47832,0.00005,0.16731,0.35431
16.60000,3.01194,0.51706,0.00009,0.18316,0.29969
16.80000,3.01194,0.60313,0.00008,0.14875,0.24804
17.00000,3.01194,0.49788,0.00005,0.17014,0.33193
17.20000,3.01194,0.46232,0.00044,0.21068,0.32655
17.40000,3.01194,0.41795,0.00037,0.17058,0.41110
17.60000,3.01194,0.48592,0.00006,0.12426,0.38976
17.80000,3.01194,0.54176,0.00014,0.14540,0.31270
18.00000,3.01194,0.41935,0.00022,0.21349,0.36694
18.20000,3.01194,0.50574,0.00120,0.11768,0.37538
18.40000,3.01194,0.52625,0.00026,0.15507,0.31843
18.60000,3.01194,0.51214,0.00007,0.19268,0.29510
18.80000,3.01194,0.67955,0.00022,0.14259,0.17764
19.00000,3.01194,0.58459,0.00046,0.16647,0.24849
19.20000,3.01194,0.47957,0.00127,0.23377,0.28540
19.40000,3.01194,0.43756,0.00009,0.12422,0.43814
19.60000,3.01194,0.51684,0.00015,0.09729,0.38572
19.80000,3.01194,0.54841,0.00047,0.16414,0.28697
20.00000,3.01194,0.57858,0.00008,0.14954,0.27180
20.20000,3.01194,0.54813,0.00004,0.15741,0.29442
20.40000,3.01194,0.43481,0.00013,0.21839,0.34667
