Time (seconds), Duration (seconds),pred_(unlabeled),pred_imbalance,pred_working,pred_impact
0.00000,3.01194,0.82621,0.00003,0.03660,0.13716
0.20000,3.01194,0.66156,0.00007,0.11767,0.22069
0.40000,3.01194,0.95423,0.00449,0.02290,0.01838
0.60000,3.01194,0.99618,0.00006,0.00352,0.00024
0.80000,3.01194,0.99834,0.00000,0.00031,0.00135
1.00000,3.01194,0.96772,0.00006,0.00054,0.03168
1.20000,3.01194,0.62355,0.00002,0.01344,0.36299
1.40000,3.01194,0.41551,0.00010,0.09737,0.48702
1.60000,3.01194,0.92766,0.00288,0.00458,0.06487
1.80000,3.01194,0.98074,0.00003,0.00217,0.01706
2.00000,3.01194,0.96421,0.00007,0.01983,0.01589
2.20000,3.01194,0.72760,0.01515,0.23414,0.02310
2.40000,3.01194,0.83247,0.00002,0.15344,0.01408
2.60000,3.01194,0.75336,0.00010,0.21129,0.03525
2.80000,3.01194,0.63507,0.00153,0.14724,0.21616
3.00000,3.01194,0.76655,0.01122,0.10529,0.11694
3.20000,3.01194,0.52307,0.00105,0.19500,0.28088
3.40000,3.01194,0.81886,0.00669,0.02555,0.14890
3.60000,3.01194,0.62980,0.00007,0.10171,0.26842
3.80000,3.01194,0.76861,0.00080,0.12613,0.10446
4.00000,3.01194,0.98760,0.00166,0.01021,0.00053
4.20000,3.01194,0.99861,0.00001,0.00078,0.00060
4.40000,3.01194,0.99936,0.00001,0.00004,0.00059
4.60000,3.01194,0.92721,0.00000,0.00161,0.07119
4.80000,3.01194,0.48712,0.00011,0.07393,0.43885
5.00000,3.01194,0.90627,0.00002,0.00873,0.08497
5.20000,3.01194,0.99855,0.00014,0.00007,0.00124
5.40000,3.01194,0.98733,0.00007,0.00723,0.00537
5.60000,3.01194,0.89963,0.00019,0.09857,0.00161
5.80000,3.01194,0.75882,0.00175,0.23653,0.00289
6.00000,3.01194,0.61199,0.00019,0.35698,0.03084
6.20000,3.01194,0.72614,0.00045,0.22185,0.05156
6.40000,3.01194,0.75485,0.00042,0.03798,0.20675
6.60000,3.01194,0.91260,0.00015,0.02920,0.05805
6.80000,3.01194,0.63139,0.00045,0.16274,0.20542
7.00000,3.01194,0.78081,0.00078,0.15338,0.06503
7.20000,3.01194,0.95362,0.00017,0.04530,0.00091
7.40000,3.01194,0.99900,0.00000,0.00090,0.00009
7.60000,3.01194,0.99823,0.00001,0.00020,0.00156
7.80000,3.01194,0.88797,0.00000,0.00065,0.11138
8.00000,3.01194,0.72366,0.00000,0.03810,0.23824
8.20000,3.01194,0.56157,0.00002,0.13778,0.30064
8.40000,3.01194,0.96821,0.00003,0.00374,0.02803
8.60000,3.01194,0.98667,0.00001,0.00284,0.01048
8.80000,3.01194,0.98640,0.00003,0.01094,0.00262
9.00000,3.01194,0.91094,0.00001,0.08816,0.00089
9.20000,3.01194,0.70806,0.00013,0.28900,0.00280
9.40000,3.01194,0.68578,0.00000,0.30753,0.00669
9.60000,3.01194,0.73076,0.00005,0.21751,0.05167
9.80000,3.01194,0.63767,0.00000,0.10286,0.25947
10.00000,3.01194,0.90341,0.00069,0.02826,0.06764
10.20000,3.01194,0.60563,0.00001,0.16035,0.23401
10.40000,3.01194,0.55957,0.00044,0.34986,0.09012
10.60000,3.01194,0.90919,0.00080,0.08842,0.00158
10.80000,3.01194,0.99774,0.00020,0.00201,0.00005
11.00000,3.01194,0.99942,0.00000,0.00005,0.00052
11.20000,3.01194,0.56532,0.00000,0.00046,0.43422
11.40000,3.01194,0.30509,0.00001,0.01721,0.67769
11.60000,3.01194,0.96176,0.00000,0.00271,0.03554
11.80000,3.01194,0.99895,0.00002,0.00043,0.00059
12.00000,3.01194,0.99398,0.00041,0.00387,0.00174
12.20000,3.01194,0.61873,0.00009,0.38076,0.00042
12.40000,3.01194,0.47334,0.00008,0.52494,0.00165
12.60000,3.01194,0.65455,0.00000,0.33331,0.01214
12.80000,3.01194,0.80836,0.00000,0.14981,0.04183
13.00000,3.01194,0.71487,0.00005,0.18553,0.09955
13.20000,3.01194,0.71011,0.07274,0.05626,0.16089
13.40000,3.01194,0.73310,0.00458,0.04178,0.22054
13.60000,3.01194,0.70777,0.00014,0.03168,0.26041
13.80000,3.01194,0.48439,0.00003,0.14655,0.36903
14.00000,3.01194,0.87255,0.00015,0.08103,0.04627
14.20000,3.01194,0.95878,0.00044,0.04046,0.00032
14.40000,3.01194,0.99476,0.00001,0.00092,0.00431
14.60000,3.01194,0.27270,0.00000,0.00444,0.72286
14.80000,3.01194,0.19142,0.00002,0.00118,0.80738
15.00000,3.01194,0.93705,0.00006,0.00751,0.05538
15.20000,3.01194,0.93399,0.00017,0.06108,0.00476
15.40000,3.01194,0.95484,0.04437,0.00078,0.00001
15.60000,3.01194,0.83225,0.00007,0.15812,0.00956
15.80000,3.01194,0.16723,0.12855,0.68156,0.02265
16.00000,3.01194,0.87451,0.00010,0.08547,0.03992
16.20000,3.01194,0.80994,0.00017,0.15259,0.03730
16.40000,3.01194,0.99781,0.00052,0.00023,0.00145
16.60000,3.01194,0.86788,0.10487,0.00489,0.02235
16.80000,3.01194,0.60283,0.00008,0.11494,0.28215
17.00000,3.01194,0.71472,0.00052,0.23104,0.05372
17.20000,3.01194,0.59172,0.00028,0.28150,0.12650
17.40000,3.01194,0.99830,0.00002,0.00099,0.00068
17.60000,3.01194,0.99971,0.00000,0.00025,0.00004
17.80000,3.01194,0.70865,0.00000,0.00008,0.29127
18.00000,3.01194,0.18370,0.00000,0.00405,0.81226
18.20000,3.01194,0.95646,0.00001,0.00486,0.03868
18.40000,3.01194,0.99134,0.00032,0.00161,0.00673
18.60000,3.01194,0.99787,0.00002,0.00133,0.00077
18.80000,3.01194,0.94842,0.00002,0.05046,0.00110
19.00000,3.01194,0.63440,0.00002,0.36478,0.00080
19.20000,3.01194,0.46487,0.00125,0.50717,0.02671
19.40000,3.01194,0.70678,0.00014,0.21080,0.08227
19.60000,3.01194,0.88026,0.00064,0.08580,0.03331
19.80000,3.01194,0.94591,0.04169,0.00084,0.01156
20.00000,3.01194,0.86603,0.09261,0.00572,0.03564
20.20000,3.01194,0.84416,0.00685,0.04837,0.10061
20.40000,3.01194,0.68295,0.00120,0.09486,0.22099
20.60000,3.01194,0.83115,0.03885,0.03902,0.09099
20.80000,3.01194,0.99634,0.00001,0.00070,0.00295
21.00000,3.01194,0.99990,0.00001,0.00001,0.00009
21.20000,3.01194,0.84185,0.00001,0.00171,0.15642
21.40000,3.01194,0.10391,0.00001,0.00202,0.89405
21.60000,3.01194,0.60482,0.00018,0.00311,0.39189
21.80000,3.01194,0.98644,0.00483,0.00265,0.00607
22.00000,3.01194,0.99569,0.00005,0.00280,0.00146
22.20000,3.01194,0.99586,0.00130,0.00229,0.00054
22.40000,3.01194,0.74529,0.00306,0.24752,0.00413
22.60000,3.01194,0.32680,0.00365,0.66469,0.00487
22.80000,3.01194,0.47184,0.00978,0.46510,0.05328
23.00000,3.01194,0.79224,0.00405,0.10520,0.09851
23.20000,3.01194,0.94263,0.05046,0.00177,0.00515
23.40000,3.01194,0.97853,0.01513,0.00341,0.00293
23.60000,3.01194,0.53950,0.43051,0.01789,0.01210
23.80000,3.01194,0.90569,0.00861,0.06610,0.01959
24.00000,3.01194,0.94942,0.00115,0.02580,0.02363
24.20000,3.01194,0.99824,0.00000,0.00024,0.00151
24.40000,3.01194,0.99990,0.00000,0.00000,0.00010
24.60000,3.01194,0.47677,0.00000,0.00076,0.52248
24.80000,3.01194,0.27213,0.00005,0.01363,0.71418
25.00000,3.01194,0.97792,0.00023,0.00094,0.02091
25.20000,3.01194,0.99743,0.00002,0.00059,0.00196
25.40000,3.01194,0.99605,0.00000,0.00385,0.00010
25.60000,3.01194,0.99771,0.00066,0.00155,0.00009
25.80000,3.01194,0.59094,0.00001,0.40869,0.00036
26.00000,3.01194,0.58125,0.00075,0.40939,0.00861
26.20000,3.01194,0.71762,0.00009,0.25438,0.02790
26.40000,3.01194,0.90638,0.00011,0.05335,0.04016
26.60000,3.01194,0.89917,0.00350,0.03564,0.06168
26.80000,3.01194,0.89755,0.05206,0.00519,0.04520
27.00000,3.01194,0.68308,0.00117,0.12088,0.19487
27.20000,3.01194,0.56252,0.00075,0.26615,0.17058
27.40000,3.01194,0.92071,0.00149,0.02166,0.05614
27.60000,3.01194,0.98959,0.00283,0.00572,0.00185
27.80000,3.01194,0.99215,0.00000,0.00036,0.00749
28.00000,3.01194,0.99500,0.00065,0.00129,0.00307
28.20000,3.01194,0.40632,0.00005,0.00354,0.59009
28.40000,3.01194,0.98103,0.00009,0.00343,0.01545
28.60000,3.01194,0.99679,0.00012,0.00167,0.00142
28.80000,3.01194,0.99031,0.00389,0.00415,0.00166
29.00000,3.01194,0.91088,0.00004,0.08647,0.00261
29.20000,3.01194,0.64112,0.05405,0.29837,0.00646
29.40000,3.01194,0.63980,0.00063,0.30976,0.04981
29.60000,3.01194,0.96151,0.00001,0.02829,0.01019
29.80000,3.01194,0.98665,0.00191,0.00683,0.00462
30.00000,3.01194,0.91340,0.00639,0.01499,0.06523
30.20000,3.01194,0.90266,0.00041,0.05050,0.04643
30.40000,3.01194,0.90315,0.00068,0.07659,0.01958
30.60000,3.01194,0.86088,0.00380,0.08281,0.05251
30.80000,3.01194,0.90232,0.00925,0.03839,0.05003
31.00000,3.01194,0.96041,0.00023,0.02430,0.01507
31.20000,3.01194,0.99685,0.00025,0.00218,0.00072
31.40000,3.01194,0.99368,0.00272,0.00123,0.00237
31.60000,3.01194,0.81828,0.00005,0.01696,0.16471
31.80000,3.01194,0.90520,0.00182,0.00263,0.09035
32.00000,3.01194,0.99464,0.00089,0.00080,0.00368
32.20000,3.01194,0.58035,0.00000,0.05686,0.36279
32.40000,3.01194,0.44792,0.00009,0.13618,0.41581
32.60000,3.01194,0.97655,0.00000,0.00248,0.02097
32.80000,3.01194,0.98771,0.00000,0.00494,0.00734
33.00000,3.01194,0.98870,0.00000,0.01054,0.00076
33.20000,3.01194,0.98548,0.00001,0.01202,0.00249
33.40000,3.01194,0.92769,0.00000,0.07200,0.00031
33.60000,3.01194,0.56068,0.00014,0.43571,0.00347
33.80000,3.01194,0.72527,0.00080,0.24904,0.02488
34.00000,3.01194,0.85890,0.00003,0.11415,0.02692
34.20000,3.01194,0.96010,0.01901,0.01588,0.00502
34.40000,3.01194,0.97449,0.01534,0.00218,0.00799
34.60000,3.01194,0.78899,0.01278,0.11162,0.08661
34.80000,3.01194,0.64381,0.20748,0.11814,0.03056
35.00000,3.01194,0.79019,0.10800,0.05710,0.04471
35.20000,3.01194,0.84674,0.02380,0.08575,0.04372
35.40000,3.01194,0.88272,0.00493,0.03377,0.07858
35.60000,3.01194,0.64046,0.00054,0.04765,0.31135
35.80000,3.01194,0.72544,0.00302,0.06839,0.20314
36.00000,3.01194,0.90518,0.00944,0.03040,0.05498
36.20000,3.01194,0.97886,0.01137,0.00508,0.00469
36.40000,3.01194,0.99241,0.00003,0.00261,0.00495
36.60000,3.01194,0.97455,0.00001,0.00839,0.01705
36.80000,3.01194,0.90769,0.00001,0.03679,0.05552
37.00000,3.01194,0.81611,0.00011,0.09943,0.08435
37.20000,3.01194,0.61007,0.00025,0.18960,0.20007
37.40000,3.01194,0.55980,0.00029,0.26472,0.17520
37.60000,3.01194,0.66010,0.00005,0.11708,0.22278
37.80000,3.01194,0.90872,0.00017,0.03055,0.06055
38.00000,3.01194,0.96372,0.00001,0.01707,0.01921
38.20000,3.01194,0.90086,0.00010,0.07835,0.02069
38.40000,3.01194,0.86823,0.00000,0.11935,0.01241
38.60000,3.01194,0.90856,0.00003,0.08619,0.00522
38.80000,3.01194,0.88921,0.00002,0.09165,0.01912
39.00000,3.01194,0.84269,0.00072,0.06532,0.09127
39.20000,3.01194,0.77293,0.00153,0.11806,0.10748
39.40000,3.01194,0.61947,0.00356,0.11755,0.25941
39.60000,3.01194,0.60319,0.04620,0.13029,0.22033
39.80000,3.01194,0.77483,0.13925,0.03759,0.04832
40.00000,3.01194,0.79186,0.01555,0.03123,0.16136
40.20000,3.01194,0.82829,0.03484,0.02042,0.11645
40.40000,3.01194,0.79304,0.00196,0.06192,0.14308
40.60000,3.01194,0.47746,0.26867,0.15335,0.10052
40.80000,3.01194,0.82602,0.14082,0.02894,0.00422
41.00000,3.01194,0.99935,0.00003,0.00054,0.00008
41.20000,3.01194,0.99187,0.00002,0.00060,0.00751
41.40000,3.01194,0.16911,0.00013,0.00799,0.82277
41.60000,3.01194,0.59896,0.00216,0.02835,0.37052
41.80000,3.01194,0.97649,0.00365,0.00210,0.01775
42.00000,3.01194,0.89123,0.10769,0.00055,0.00053
42.20000,3.01194,0.79501,0.00539,0.19625,0.00335
42.40000,3.01194,0.50520,0.00400,0.48873,0.00208
42.60000,3.01194,0.71959,0.04988,0.21917,0.01136
42.80000,3.01194,0.76286,0.00246,0.10441,0.13027
43.00000,3.01194,0.90039,0.05281,0.01652,0.03028
43.20000,3.01194,0.94832,0.02243,0.01462,0.01464
43.40000,3.01194,0.72308,0.00036,0.22508,0.05149
43.60000,3.01194,0.82958,0.00055,0.12414,0.04573
43.80000,3.01194,0.93072,0.00376,0.06087,0.00465
44.00000,3.01194,0.99991,0.00000,0.00008,0.00001
44.20000,3.01194,0.99746,0.00000,0.00005,0.00249
44.40000,3.01194,0.19835,0.00000,0.00304,0.79861
44.60000,3.01194,0.65874,0.00023,0.03003,0.31101
44.80000,3.01194,0.99078,0.00148,0.00040,0.00733
45.00000,3.01194,0.99344,0.00282,0.00256,0.00118
45.20000,3.01194,0.93190,0.00144,0.06482,0.00184
45.40000,3.01194,0.36871,0.00184,0.62841,0.00104
45.60000,3.01194,0.68204,0.00178,0.30660,0.00958
45.80000,3.01194,0.82103,0.00109,0.11092,0.06696
46.00000,3.01194,0.75356,0.00318,0.06301,0.18025
46.20000,3.01194,0.84472,0.00517,0.07777,0.07234
46.40000,3.01194,0.84658,0.00109,0.08710,0.06523
46.60000,3.01194,0.81707,0.00298,0.10958,0.07037
46.80000,3.01194,0.90652,0.01330,0.07825,0.00193
47.00000,3.01194,0.99919,0.00017,0.00058,0.00006
47.20000,3.01194,0.99967,0.00003,0.00006,0.00024
47.40000,3.01194,0.91551,0.00001,0.00105,0.08344
47.60000,3.01194,0.81027,0.00010,0.00078,0.18886
47.80000,3.01194,0.94348,0.00033,0.00693,0.04926
48.00000,3.01194,0.75655,0.00043,0.00538,0.23764
48.20000,3.01194,0.48008,0.00028,0.12343,0.39621
48.40000,3.01194,0.95710,0.00046,0.01667,0.02577
48.60000,3.01194,0.98334,0.00002,0.00999,0.00665
48.80000,3.01194,0.98166,0.00005,0.01471,0.00358
49.00000,3.01194,0.98822,0.00068,0.00987,0.00124
49.20000,3.01194,0.97166,0.00548,0.02239,0.00047
49.40000,3.01194,0.51516,0.00698,0.46706,0.01079
49.60000,3.01194,0.44040,0.01508,0.51734,0.02718
49.80000,3.01194,0.90011,0.00142,0.06447,0.03400
50.00000,3.01194,0.64913,0.34622,0.00274,0.00192
50.20000,3.01194,0.96682,0.03167,0.00044,0.00108
50.40000,3.01194,0.70713,0.20685,0.04817,0.03786
50.60000,3.01194,0.77925,0.00071,0.13344,0.08660
50.80000,3.01194,0.85237,0.00146,0.07726,0.06891
51.00000,3.01194,0.99945,0.00000,0.00006,0.00049
51.20000,3.01194,0.99890,0.00000,0.00013,0.00097
51.40000,3.01194,0.58893,0.00000,0.00113,0.40994
51.60000,3.01194,0.33351,0.00028,0.04288,0.62333
51.80000,3.01194,0.97831,0.00001,0.00017,0.02152
52.00000,3.01194,0.99731,0.00023,0.00115,0.00131
52.20000,3.01194,0.96981,0.00022,0.02947,0.00051
52.40000,3.01194,0.98695,0.00032,0.01229,0.00044
52.60000,3.01194,0.72724,0.00042,0.26627,0.00606
52.80000,3.01194,0.43597,0.03554,0.50392,0.02457
53.00000,3.01194,0.90072,0.00004,0.09066,0.00858
53.20000,3.01194,0.86081,0.10261,0.02652,0.01006
53.40000,3.01194,0.98448,0.00775,0.00193,0.00584
53.60000,3.01194,0.96248,0.00589,0.02015,0.01149
53.80000,3.01194,0.85153,0.03191,0.09966,0.01690
54.00000,3.01194,0.92205,0.00565,0.07053,0.00177
54.20000,3.01194,0.99514,0.00003,0.00466,0.00017
54.40000,3.01194,0.99252,0.00184,0.00552,0.00012
54.60000,3.01194,0.99911,0.00000,0.00041,0.00048
54.80000,3.01194,0.97122,0.00000,0.00259,0.02619
55.00000,3.01194,0.91884,0.00024,0.00385,0.07707
55.20000,3.01194,0.96783,0.00023,0.00139,0.03055
55.40000,3.01194,0.59581,0.00009,0.15356,0.25054
55.60000,3.01194,0.68448,0.00010,0.12631,0.18910
55.80000,3.01194,0.91724,0.00002,0.02243,0.06031
56.00000,3.01194,0.98017,0.00001,0.00860,0.01122
56.20000,3.01194,0.95932,0.00004,0.02875,0.01188
56.40000,3.01194,0.97046,0.00059,0.02223,0.00672
56.60000,3.01194,0.85674,0.00079,0.14046,0.00201
56.80000,3.01194,0.65504,0.00213,0.33988,0.00295
57.00000,3.01194,0.52743,0.02536,0.44010,0.00711
57.20000,3.01194,0.71562,0.00047,0.17311,0.11081
57.40000,3.01194,0.83424,0.05188,0.06950,0.04438
57.60000,3.01194,0.80811,0.02143,0.08111,0.08935
57.80000,3.01194,0.65343,0.00442,0.17868,0.16348
58.00000,3.01194,0.90747,0.00002,0.09232,0.00019
58.20000,3.01194,0.98120,0.00000,0.01689,0.00190
58.40000,3.01194,0.96735,0.00000,0.01828,0.01436
58.60000,3.01194,0.31004,0.00014,0.01254,0.67729
58.80000,3.01194,0.67897,0.00154,0.03258,0.28691
59.00000,3.01194,0.97136,0.01265,0.00344,0.01255
59.20000,3.01194,0.98320,0.00048,0.01566,0.00066
59.40000,3.01194,0.86446,0.00059,0.13008,0.00487
59.60000,3.01194,0.46594,0.00746,0.51691,0.00970
59.80000,3.01194,0.92190,0.02348,0.02496,0.02967
60.00000,3.01194,0.90277,0.00168,0.03808,0.05747
60.20000,3.01194,0.46100,0.52941,0.00751,0.00207
60.40000,3.01194,0.92456,0.00191,0.05963,0.01390
60.60000,3.01194,0.98960,0.00135,0.00884,0.00020
60.80000,3.01194,0.99929,0.00000,0.00058,0.00012
61.00000,3.01194,0.99866,0.00000,0.00006,0.00128
61.20000,3.01194,0.75325,0.00000,0.00810,0.23865
61.40000,3.01193,0.47912,0.00017,0.07327,0.44744
61.60000,3.01194,0.81927,0.00172,0.02063,0.15838
61.80000,3.01194,0.96010,0.00213,0.00158,0.03619
62.00000,3.01194,0.98657,0.00001,0.00643,0.00699
62.20000,3.01194,0.99361,0.00010,0.00484,0.00145
62.40000,3.01193,0.85139,0.00583,0.13112,0.01166
62.60000,3.01194,0.86477,0.00011,0.11058,0.02454
62.80000,3.01194,0.91791,0.00001,0.06581,0.01627
63.00000,3.01194,0.85313,0.00005,0.14028,0.00653
63.20000,3.01194,0.97820,0.00105,0.01876,0.00200
63.40000,3.01193,0.98902,0.00641,0.00428,0.00029
63.60000,3.01194,0.99987,0.00000,0.00013,0.00000
63.80000,3.01194,0.99869,0.00000,0.00009,0.00121
64.00000,3.01194,0.26421,0.00000,0.00132,0.73447
64.20000,3.01194,0.51607,0.00018,0.06257,0.42117
64.40000,3.01193,0.81722,0.00017,0.12380,0.05880
64.60000,3.01194,0.85203,0.12653,0.00749,0.01395
64.80000,3.01193,0.55364,0.00012,0.44083,0.00541
65.00000,3.01194,0.88031,0.00201,0.08133,0.03636
65.20000,3.01194,0.70612,0.00141,0.08395,0.20852
65.40000,3.01193,0.97933,0.00054,0.00747,0.01267
65.60000,3.01194,0.90205,0.00114,0.09316,0.00365
65.80000,3.01193,0.81801,0.00413,0.17334,0.00452
66.00000,3.01194,0.89951,0.00005,0.07681,0.02362
66.20000,3.01194,0.95502,0.00052,0.03983,0.00463
66.40000,3.01193,0.97616,0.00016,0.02128,0.00241
66.60000,3.01194,0.96692,0.00029,0.02018,0.01261
66.80000,3.01193,0.98514,0.00424,0.00948,0.00115
67.00000,3.01194,0.99527,0.00006,0.00278,0.00189
67.20000,3.01194,0.99999,0.00000,0.00000,0.00001
67.40000,3.01193,0.99993,0.00000,0.00000,0.00006
67.60000,3.01194,0.42964,0.00000,0.00065,0.56971
67.80000,3.01193,0.20550,0.00000,0.00936,0.78514
68.00000,3.01194,0.99759,0.00014,0.00008,0.00219
68.20000,3.01194,0.99559,0.00012,0.00259,0.00170
68.40000,3.01193,0.99454,0.00002,0.00522,0.00022
68.60000,3.01194,0.99701,0.00004,0.00257,0.00038
68.80000,3.01193,0.90061,0.00001,0.09844,0.00094
69.00000,3.01194,0.42696,0.00019,0.57184,0.00101
69.20000,3.01194,0.60924,0.00156,0.37189,0.01731
69.40000,3.01193,0.97449,0.00035,0.00996,0.01521
69.60000,3.01194,0.98423,0.00932,0.00279,0.00366
69.80000,3.01193,0.98916,0.00663,0.00122,0.00298
70.00000,3.01194,0.95206,0.00502,0.03366,0.00926
70.20000,3.01194,0.93855,0.00006,0.05705,0.00434
70.40000,3.01193,0.99665,0.00007,0.00319,0.00008
70.60000,3.01194,0.99995,0.00000,0.00005,0.00000
70.80000,3.01193,0.99967,0.00000,0.00004,0.00030
71.00000,3.01194,0.96889,0.00000,0.00029,0.03082
71.20000,3.01194,0.85588,0.00000,0.00401,0.14011
71.40000,3.01193,0.85890,0.00009,0.01003,0.13098
71.60000,3.01194,0.61275,0.00004,0.04785,0.33935
71.80000,3.01193,0.94556,0.00000,0.03618,0.01826
72.00000,3.01194,0.94012,0.00000,0.03160,0.02828
72.20000,3.01194,0.97446,0.00001,0.01434,0.01119
72.40000,3.01193,0.99243,0.00001,0.00544,0.00212
72.60000,3.01194,0.97456,0.00001,0.02458,0.00085
72.80000,3.01193,0.69474,0.00009,0.30440,0.00078
73.00000,3.01194,0.79042,0.00009,0.20742,0.00207
73.20000,3.01194,0.87811,0.00004,0.10961,0.01225
73.40000,3.01193,0.91986,0.00181,0.04773,0.03060
73.60000,3.01194,0.92475,0.06055,0.01081,0.00389
73.80000,3.01193,0.67413,0.07512,0.14108,0.10966
74.00000,3.01194,0.81454,0.00355,0.03671,0.14519
74.20000,3.01194,0.77181,0.00828,0.03408,0.18583
74.40000,3.01193,0.66707,0.06964,0.15283,0.11046
74.60000,3.01194,0.76023,0.01676,0.22261,0.00041
74.80000,3.01193,0.99841,0.00007,0.00150,0.00003
75.00000,3.01194,0.99970,0.00020,0.00007,0.00002
75.20000,3.01194,0.99870,0.00002,0.00045,0.00083
75.40000,3.01193,0.95484,0.00000,0.00025,0.04491
75.60000,3.01194,0.94858,0.00002,0.00030,0.05111
75.80000,3.01193,0.86545,0.00003,0.00463,0.12989
76.00000,3.01194,0.34091,0.00001,0.04357,0.61552
76.20000,3.01194,0.87766,0.00003,0.02547,0.09684
76.40000,3.01193,0.98409,0.00001,0.00591,0.00999
76.60000,3.01194,0.99043,0.00003,0.00855,0.00098
76.80000,3.01193,0.96779,0.00001,0.02824,0.00396
77.00000,3.01194,0.87155,0.00003,0.12764,0.00077
77.20000,3.01194,0.59054,0.00014,0.40860,0.00071
77.40000,3.01193,0.58043,0.00220,0.40688,0.01049
77.60000,3.01194,0.71197,0.00034,0.25202,0.03567
77.80000,3.01193,0.91428,0.04157,0.03401,0.01015
78.00000,3.01194,0.71851,0.27295,0.00159,0.00696
78.20000,3.01194,0.55434,0.24634,0.08273,0.11658
78.40000,3.01193,0.93871,0.00514,0.02479,0.03136
78.60000,3.01194,0.88854,0.00863,0.03686,0.06596
78.80000,3.01193,0.83662,0.04880,0.02114,0.09344
79.00000,3.01194,0.96108,0.03309,0.00516,0.00067
79.20000,3.01194,0.99937,0.00003,0.00057,0.00003
79.40000,3.01193,0.99897,0.00082,0.00013,0.00008
79.60000,3.01194,0.99897,0.00015,0.00016,0.00073
79.80000,3.01193,0.98596,0.00004,0.00252,0.01148
80.00000,3.01194,0.90626,0.00014,0.01662,0.07697
80.20000,3.01194,0.74474,0.00015,0.03088,0.22423
80.40000,3.01193,0.57816,0.00013,0.11805,0.30367
80.60000,3.01194,0.95188,0.00002,0.01075,0.03734
80.80000,3.01193,0.96707,0.00000,0.01531,0.01761
81.00000,3.01194,0.99390,0.00001,0.00501,0.00107
81.20000,3.01194,0.98142,0.00000,0.01815,0.00043
81.40000,3.01193,0.81416,0.00065,0.18389,0.00130
81.60000,3.01194,0.61632,0.00189,0.38099,0.00079
81.80000,3.01193,0.80206,0.00013,0.16311,0.03470
82.00000,3.01194,0.91476,0.00568,0.05424,0.02532
82.20000,3.01194,0.94665,0.01061,0.02655,0.01619
82.40000,3.01193,0.68556,0.02978,0.20877,0.07588
82.60000,3.01194,0.76639,0.04650,0.15780,0.02931
82.80000,3.01193,0.80448,0.04630,0.06469,0.08454
83.00000,3.01194,0.88472,0.03606,0.01418,0.06504
83.20000,3.01194,0.90929,0.02599,0.01957,0.04514
83.40000,3.01193,0.90000,0.01127,0.02035,0.06837
83.60000,3.01194,0.90805,0.01107,0.06905,0.01182
83.80000,3.01193,0.95393,0.03710,0.00654,0.00242
84.00000,3.01194,0.99867,0.00086,0.00033,0.00014
84.20000,3.01194,0.99997,0.00001,0.00000,0.00002
84.40000,3.01193,0.98473,0.00000,0.00079,0.01448
84.60000,3.01194,0.27099,0.00000,0.00415,0.72486
84.80000,3.01193,0.63641,0.00071,0.01885,0.34403
85.00000,3.01194,0.99599,0.00002,0.00040,0.00359
85.20000,3.01194,0.99548,0.00001,0.00228,0.00223
85.40000,3.01193,0.99485,0.00001,0.00445,0.00069
85.60000,3.01194,0.97474,0.00001,0.02499,0.00026
85.80000,3.01193,0.77481,0.00059,0.22170,0.00290
86.00000,3.01194,0.49420,0.00502,0.48033,0.02045
86.20000,3.01194,0.91634,0.00001,0.06366,0.01999
86.40000,3.01193,0.89223,0.01248,0.06250,0.03279
86.60000,3.01194,0.81373,0.17890,0.00272,0.00466
86.80000,3.01193,0.51187,0.42845,0.02714,0.03254
87.00000,3.01194,0.81688,0.11346,0.04476,0.02490
87.20000,3.01194,0.75205,0.02754,0.03833,0.18207
87.40000,3.01193,0.74378,0.14944,0.01089,0.09589
87.60000,3.01194,0.92339,0.00190,0.00713,0.06757
87.80000,3.01193,0.94691,0.00351,0.01857,0.03101
88.00000,3.01194,0.90858,0.07831,0.00696,0.00615
88.20000,3.01194,0.67434,0.32488,0.00062,0.00016
88.40000,3.01193,0.99749,0.00201,0.00042,0.00009
88.60000,3.01194,0.99880,0.00016,0.00012,0.00093
88.80000,3.01193,0.80902,0.00002,0.00688,0.18408
89.00000,3.01194,0.34306,0.00062,0.03787,0.61846
89.20000,3.01194,0.94546,0.00568,0.01466,0.03420
89.40000,3.01193,0.97937,0.01369,0.00328,0.00366
89.60000,3.01194,0.94876,0.00267,0.04250,0.00607
89.80000,3.01193,0.95654,0.00081,0.04118,0.00147
90.00000,3.01194,0.91100,0.00032,0.08695,0.00173
90.20000,3.01194,0.79754,0.01077,0.18897,0.00272
90.40000,3.01193,0.80317,0.00863,0.17915,0.00905
90.60000,3.01194,0.83956,0.01338,0.14049,0.00657
90.80000,3.01193,0.82655,0.03496,0.11275,0.02574
91.00000,3.01194,0.86709,0.06233,0.04429,0.02630
91.20000,3.01194,0.81016,0.12373,0.04228,0.02383
91.40000,3.01193,0.58006,0.25957,0.06850,0.09186
91.60000,3.01194,0.72884,0.07155,0.08646,0.11314
91.80000,3.01193,0.71279,0.11882,0.06395,0.10445
92.00000,3.01194,0.44673,0.53312,0.00555,0.01460
92.20000,3.01194,0.71959,0.00809,0.07990,0.19242
92.40000,3.01193,0.68214,0.06164,0.19889,0.05733
92.60000,3.01194,0.85973,0.11497,0.01503,0.01027
92.80000,3.01193,0.81548,0.17715,0.00272,0.00465
93.00000,3.01194,0.99956,0.00034,0.00001,0.00009
93.20000,3.01194,0.99995,0.00003,0.00000,0.00002
93.40000,3.01193,0.37394,0.00000,0.00335,0.62270
93.60000,3.01194,0.35867,0.00207,0.05898,0.58027
93.80000,3.01193,0.94379,0.00145,0.00268,0.05207
94.00000,3.01194,0.97540,0.01575,0.00400,0.00485
94.20000,3.01194,0.98557,0.00063,0.01168,0.00212
94.40000,3.01193,0.99511,0.00234,0.00220,0.00035
94.60000,3.01194,0.82808,0.02543,0.14065,0.00584
94.80000,3.01193,0.50083,0.17408,0.30747,0.01763
95.00000,3.01194,0.71393,0.01656,0.24988,0.01962
95.20000,3.01194,0.73197,0.00768,0.24295,0.01740
95.40000,3.01193,0.26564,0.72918,0.00291,0.00228
95.60000,3.01194,0.91821,0.05812,0.00536,0.01831
95.80000,3.01193,0.77128,0.15195,0.05884,0.01793
96.00000,3.01194,0.72964,0.09105,0.12600,0.05331
96.20000,3.01194,0.82807,0.01153,0.07199,0.08842
96.40000,3.01193,0.51457,0.33985,0.02984,0.11573
96.60000,3.01194,0.37678,0.58296,0.01256,0.02770
96.80000,3.01193,0.64888,0.03231,0.17266,0.14615
97.00000,3.01194,0.80107,0.08739,0.08326,0.02828
97.20000,3.01194,0.89263,0.09062,0.01616,0.00058
97.40000,3.01193,0.99401,0.00523,0.00063,0.00014
97.60000,3.01194,0.99823,0.00146,0.00024,0.00007
97.80000,3.01193,0.99377,0.00030,0.00024,0.00570
98.00000,3.01194,0.87126,0.00003,0.00214,0.12657
98.20000,3.01194,0.86482,0.00605,0.02176,0.10737
98.40000,3.01193,0.38042,0.00002,0.02036,0.59920
98.60000,3.01194,0.82682,0.00008,0.02411,0.14899
98.80000,3.01193,0.99683,0.00004,0.00154,0.00159
99.00000,3.01194,0.98940,0.00009,0.00951,0.00100
99.20000,3.01194,0.97283,0.00001,0.02466,0.00251
99.40000,3.01193,0.95420,0.00063,0.04429,0.00089
99.60000,3.01194,0.83050,0.00046,0.16735,0.00168
99.80000,3.01193,0.65989,0.06012,0.27261,0.00739
100.00000,3.01194,0.73671,0.00001,0.22494,0.03833
100.20000,3.01194,0.94499,0.02005,0.02845,0.00651
100.40000,3.01193,0.82771,0.16840,0.00085,0.00304
100.60000,3.01194,0.84997,0.14320,0.00272,0.00411
100.80000,3.01193,0.79784,0.01165,0.11415,0.07636
101.00000,3.01194,0.74142,0.15016,0.02349,0.08494
101.20000,3.01194,0.80523,0.02560,0.01856,0.15061
101.40000,3.01193,0.53162,0.19685,0.17564,0.09588
101.60000,3.01194,0.71172,0.08022,0.14412,0.06394
101.80000,3.01193,0.99880,0.00085,0.00025,0.00010
102.00000,3.01194,0.99987,0.00004,0.00008,0.00001
102.20000,3.01194,0.99900,0.00014,0.00003,0.00083
102.40000,3.01193,0.10649,0.00004,0.00174,0.89173
102.60000,3.01194,0.95689,0.00002,0.00095,0.04214
102.80000,3.01193,0.99777,0.00018,0.00109,0.00097
103.00000,3.01194,0.99498,0.00220,0.00265,0.00017
103.20000,3.01194,0.95641,0.00009,0.04289,0.00061
103.40000,3.01193,0.87065,0.00027,0.12340,0.00568
103.60000,3.01194,0.41946,0.02481,0.51820,0.03752
103.80000,3.01193,0.80615,0.00007,0.12493,0.06884
104.00000,3.01194,0.95438,0.00004,0.02898,0.01659
104.20000,3.01194,0.98715,0.01109,0.00061,0.00116
104.40000,3.01193,0.95263,0.04327,0.00070,0.00341
104.60000,3.01194,0.93405,0.00101,0.01970,0.04523
104.80000,3.01193,0.78464,0.00084,0.08398,0.13054
105.00000,3.01194,0.78663,0.08360,0.05072,0.07905
105.20000,3.01194,0.50288,0.01033,0.13043,0.35635
105.40000,3.01193,0.52866,0.14778,0.01409,0.30948
105.60000,3.01194,0.37237,0.00004,0.03192,0.59566
105.80000,3.01193,0.69145,0.00003,0.17175,0.13677
106.00000,3.01194,0.90531,0.00086,0.07152,0.02230
106.20000,3.01194,0.99285,0.00383,0.00304,0.00028
106.40000,3.01193,0.99635,0.00012,0.00329,0.00024
106.60000,3.01194,0.99262,0.00006,0.00014,0.00718
106.80000,3.01193,0.81172,0.00000,0.00060,0.18768
107.00000,3.01194,0.45877,0.00001,0.05653,0.48469
107.20000,3.01194,0.41455,0.00033,0.04412,0.54100
107.40000,3.01193,0.98146,0.00229,0.00128,0.01498
107.60000,3.01194,0.98810,0.00002,0.00850,0.00338
107.80000,3.01193,0.98555,0.00008,0.01112,0.00325
108.00000,3.01194,0.94683,0.00088,0.04449,0.00780
108.20000,3.01194,0.83448,0.00011,0.16380,0.00161
108.40000,3.01193,0.59965,0.00004,0.39964,0.00067
108.60000,3.01194,0.64280,0.00009,0.33940,0.01772
108.80000,3.01193,0.97642,0.00001,0.01628,0.00729
109.00000,3.01194,0.97091,0.00290,0.01438,0.01182
109.20000,3.01194,0.94279,0.04947,0.00083,0.00692
109.40000,3.01193,0.66013,0.00337,0.08519,0.25131
109.60000,3.01194,0.56428,0.00048,0.14970,0.28555
109.80000,3.01193,0.74510,0.01048,0.06272,0.18170
110.00000,3.01194,0.61438,0.00436,0.03807,0.34319
110.20000,3.01194,0.59544,0.00164,0.11916,0.28376
110.40000,3.01193,0.69354,0.00925,0.09378,0.20343
110.60000,3.01194,0.97967,0.00285,0.01461,0.00287
110.80000,3.01193,0.99717,0.00014,0.00185,0.00084
111.00000,3.01194,0.99306,0.00000,0.00027,0.00667
111.20000,3.01194,0.76179,0.00011,0.00388,0.23422
111.40000,3.01193,0.41854,0.00482,0.01693,0.55972
111.60000,3.01194,0.97493,0.00045,0.00236,0.02227
111.80000,3.01193,0.99197,0.00249,0.00143,0.00411
112.00000,3.01194,0.97871,0.00467,0.00765,0.00897
112.20000,3.01194,0.93805,0.00008,0.05618,0.00569
112.40000,3.01193,0.55591,0.00476,0.41048,0.02886
112.60000,3.01194,0.58136,0.00010,0.39404,0.02450
112.80000,3.01193,0.89730,0.00093,0.04784,0.05394
113.00000,3.01194,0.91118,0.01158,0.03235,0.04489
113.20000,3.01194,0.66859,0.32116,0.00148,0.00877
113.40000,3.01193,0.81506,0.01813,0.05110,0.11571
113.60000,3.01194,0.89175,0.00604,0.03180,0.07041
113.80000,3.01193,0.94072,0.00537,0.01503,0.03888
114.00000,3.01194,0.71339,0.00188,0.07183,0.21290
114.20000,3.01194,0.75941,0.05015,0.03239,0.15805
114.40000,3.01193,0.81903,0.01772,0.07442,0.08884
114.60000,3.01194,0.99150,0.00019,0.00221,0.00610
114.80000,3.01193,0.99955,0.00011,0.00014,0.00020
115.00000,3.01194,0.61151,0.00001,0.00014,0.38833
115.20000,3.01194,0.40411,0.00033,0.01852,0.57703
115.40000,3.01193,0.83184,0.00331,0.00319,0.16167
115.60000,3.01194,0.98554,0.00209,0.00207,0.01029
115.80000,3.01193,0.98780,0.00006,0.00446,0.00768
116.00000,3.01194,0.99707,0.00018,0.00220,0.00056
116.20000,3.01194,0.98272,0.00029,0.01428,0.00271
116.40000,3.01193,0.49829,0.02762,0.41166,0.06243
116.60000,3.01194,0.63278,0.00079,0.29241,0.07402
116.80000,3.01193,0.85337,0.00020,0.09263,0.05380
117.00000,3.01194,0.69940,0.29878,0.00096,0.00086
117.20000,3.01194,0.72533,0.27218,0.00065,0.00185
117.40000,3.01193,0.60203,0.37784,0.01189,0.00825
117.60000,3.01194,0.75703,0.17924,0.02965,0.03408
117.80000,3.01193,0.71585,0.02027,0.14923,0.11465
118.00000,3.01194,0.55840,0.05217,0.08982,0.29960
118.20000,3.01194,0.71113,0.03931,0.01924,0.23032
118.40000,3.01193,0.84085,0.05621,0.02744,0.07550
118.60000,3.01194,0.76697,0.09147,0.07972,0.06184
118.80000,3.01193,0.79273,0.04057,0.05850,0.10819
119.00000,3.01194,0.94554,0.00034,0.02597,0.02815
119.20000,3.01194,0.99977,0.00005,0.00005,0.00012
119.40000,3.01193,0.99731,0.00050,0.00185,0.00034
119.60000,3.01194,0.45616,0.00012,0.00174,0.54198
119.80000,3.01193,0.16870,0.00159,0.00658,0.82314
120.00000,3.01194,0.95396,0.00463,0.00274,0.03866
120.20000,3.01194,0.97081,0.00226,0.00792,0.01901
120.40000,3.01193,0.99892,0.00021,0.00053,0.00035
120.60000,3.01194,0.99382,0.00034,0.00432,0.00152
120.80000,3.01193,0.77810,0.00166,0.20126,0.01898
121.00000,3.01194,0.48591,0.07738,0.38632,0.05038
121.20000,3.01194,0.68108,0.00089,0.21668,0.10134
121.40000,3.01193,0.84745,0.05517,0.07936,0.01802
121.60000,3.01194,0.68705,0.31117,0.00042,0.00135
121.80000,3.01193,0.10630,0.89326,0.00009,0.00035
122.00000,3.01194,0.50059,0.45909,0.02910,0.01122
122.20000,3.01194,0.36221,0.61710,0.01678,0.00391
122.40000,3.01193,0.78662,0.13954,0.02702,0.04682
122.60000,3.01194,0.90503,0.01520,0.02714,0.05262
122.80000,3.01193,0.74213,0.15013,0.03967,0.06806
123.00000,3.01194,0.30459,0.67768,0.01256,0.00518
123.20000,3.01194,0.94662,0.04116,0.00587,0.00635
123.40000,3.01193,0.98691,0.00407,0.00452,0.00450
123.60000,3.01194,0.96177,0.00126,0.00703,0.02993
123.80000,3.01193,0.99299,0.00000,0.00020,0.00680
124.00000,3.01194,0.97146,0.00409,0.00814,0.01631
124.20000,3.01194,0.36020,0.00005,0.00160,0.63816
124.40000,3.01193,0.40329,0.00035,0.00640,0.58996
124.60000,3.01194,0.93846,0.00363,0.00793,0.04998
124.80000,3.01193,0.97290,0.00277,0.01119,0.01313
125.00000,3.01193,0.99077,0.00000,0.00552,0.00370
125.20000,3.01195,0.98258,0.00076,0.01410,0.00256
125.40000,3.01194,0.89379,0.00018,0.10176,0.00427
125.60000,3.01194,0.51658,0.00861,0.44116,0.03365
125.80000,3.01193,0.52445,0.00236,0.39798,0.07520
126.00000,3.01193,0.92231,0.00030,0.05424,0.02316
126.20000,3.01195,0.96729,0.01720,0.00779,0.00772
126.40000,3.01194,0.63852,0.34692,0.00591,0.00865
126.60000,3.01194,0.84147,0.03851,0.06784,0.05219
126.80000,3.01193,0.94308,0.00239,0.03717,0.01735
127.00000,3.01193,0.84303,0.00089,0.06804,0.08804
127.20000,3.01195,0.80493,0.00003,0.11871,0.07633
127.40000,3.01194,0.62421,0.09255,0.23386,0.04938
127.60000,3.01194,0.98515,0.00043,0.00819,0.00623
127.80000,3.01193,0.99572,0.00004,0.00166,0.00258
128.00000,3.01193,0.85685,0.00002,0.07398,0.06914
128.20000,3.01195,0.74653,0.00003,0.02185,0.23159
128.39999,3.01195,0.49118,0.00001,0.06026,0.44855
128.60001,3.01193,0.52847,0.02081,0.08422,0.36650
128.80000,3.01193,0.75857,0.01059,0.02878,0.20206
129.00000,3.01193,0.97528,0.00003,0.00201,0.02269
129.20000,3.01195,0.94814,0.00009,0.01702,0.03476
129.39999,3.01195,0.96037,0.00318,0.02568,0.01078
129.60001,3.01193,0.72846,0.00121,0.26132,0.00900
129.80000,3.01193,0.52382,0.00089,0.31494,0.16036
130.00000,3.01193,0.69647,0.00077,0.16587,0.13688
130.20000,3.01195,0.90455,0.00173,0.05553,0.03819
130.39999,3.01195,0.95777,0.00019,0.03247,0.00957
130.60001,3.01193,0.96463,0.00051,0.02556,0.00929
130.80000,3.01193,0.99172,0.00000,0.00709,0.00119
131.00000,3.01193,0.99510,0.00000,0.00064,0.00426
131.20000,3.01195,0.95125,0.00000,0.00081,0.04794
131.39999,3.01195,0.57951,0.00001,0.03567,0.38481
131.60001,3.01193,0.49347,0.00055,0.02459,0.48139
131.80000,3.01193,0.85212,0.00021,0.04524,0.10243
132.00000,3.01193,0.56199,0.00004,0.41651,0.02145
132.20000,3.01195,0.66991,0.00017,0.30387,0.02604
132.39999,3.01195,0.88438,0.00007,0.09536,0.02019
132.60001,3.01193,0.87191,0.00021,0.10073,0.02715
132.80000,3.01193,0.83693,0.00118,0.15296,0.00893
133.00000,3.01193,0.72607,0.00117,0.26032,0.01244
133.20000,3.01195,0.81017,0.00001,0.18015,0.00968
133.39999,3.01195,0.81851,0.00006,0.16433,0.01710
133.60001,3.01193,0.92546,0.00130,0.04547,0.02777
133.80000,3.01193,0.91600,0.00605,0.03763,0.04032
134.00000,3.01193,0.74435,0.02420,0.12163,0.10983
134.20000,3.01195,0.70510,0.02295,0.14602,0.12593
134.39999,3.01195,0.64140,0.01122,0.12873,0.21866
134.60001,3.01193,0.77840,0.11168,0.03385,0.07607
134.80000,3.01193,0.84920,0.00189,0.02286,0.12605
135.00000,3.01193,0.90456,0.00442,0.03069,0.06034
135.20000,3.01195,0.77230,0.15935,0.04738,0.02097
135.39999,3.01195,0.75609,0.00294,0.07232,0.16865
135.60001,3.01193,0.99331,0.00068,0.00536,0.00065
135.80000,3.01193,0.59985,0.29091,0.03380,0.07543
136.00000,3.01193,0.78932,0.00129,0.07609,0.13331
136.20000,3.01195,0.67855,0.00176,0.21525,0.10444
136.39999,3.01195,0.90841,0.07222,0.00422,0.01515
136.60001,3.01193,0.95934,0.01637,0.02254,0.00176
136.80000,3.01193,0.49005,0.03213,0.31698,0.16084
137.00000,3.01193,0.69750,0.02491,0.26103,0.01656
137.20000,3.01195,0.76004,0.00027,0.16578,0.07391
137.39999,3.01195,0.82485,0.00038,0.11329,0.06148
137.60001,3.01193,0.77679,0.15285,0.04475,0.02561
137.80000,3.01193,0.87372,0.01312,0.06303,0.05013
138.00000,3.01193,0.91318,0.01027,0.04912,0.02744
138.20000,3.01195,0.81190,0.00562,0.10873,0.07375
138.39999,3.01195,0.63777,0.00440,0.13944,0.21839
138.60001,3.01193,0.79012,0.00671,0.03522,0.16794
138.80000,3.01193,0.73428,0.00049,0.06148,0.20375
139.00000,3.01193,0.65495,0.00163,0.18820,0.15522
139.20000,3.01195,0.76302,0.00636,0.16542,0.06519
139.39999,3.01195,0.99923,0.00004,0.00042,0.00031
139.60001,3.01193,0.98144,0.00003,0.01130,0.00724
139.80000,3.01193,0.40359,0.00000,0.00337,0.59304
140.00000,3.01193,0.17016,0.00191,0.00996,0.81797
140.20000,3.01195,0.98489,0.00065,0.00531,0.00915
140.39999,3.01195,0.96569,0.00067,0.03269,0.00095
140.60001,3.01193,0.80224,0.00052,0.19245,0.00478
140.80000,3.01193,0.73150,0.00666,0.26077,0.00107
141.00000,3.01193,0.79081,0.00009,0.19017,0.01893
141.20000,3.01195,0.55197,0.02316,0.20772,0.21715
141.39999,3.01195,0.91707,0.00003,0.05352,0.02939
141.60001,3.01193,0.90918,0.00026,0.07982,0.01074
141.80000,3.01193,0.84810,0.00028,0.13417,0.01745
142.00000,3.01193,0.70812,0.00448,0.18222,0.10519
142.20000,3.01195,0.80494,0.00028,0.07303,0.12175
142.39999,3.01195,0.85908,0.00214,0.05400,0.08479
142.60001,3.01193,0.78843,0.00088,0.10721,0.10348
142.80000,3.01193,0.71674,0.00122,0.11673,0.16531
143.00000,3.01193,0.56997,0.00070,0.16444,0.26489
143.20000,3.01195,0.54147,0.00337,0.16561,0.28954
143.39999,3.01195,0.56743,0.00872,0.08568,0.33816
143.60001,3.01193,0.56102,0.00264,0.10076,0.33559
143.80000,3.01193,0.58146,0.00453,0.24630,0.16771
144.00000,3.01193,0.69783,0.00167,0.26471,0.03579
144.20000,3.01195,0.92755,0.00229,0.03972,0.03044
144.39999,3.01195,0.82831,0.00063,0.16464,0.00642
144.60001,3.01193,0.89171,0.00024,0.01845,0.08960
144.80000,3.01193,0.59430,0.00891,0.02614,0.37065
145.00000,3.01193,0.98040,0.00110,0.00540,0.01309
145.20000,3.01195,0.99477,0.00030,0.00204,0.00289
145.39999,3.01195,0.84757,0.00147,0.11597,0.03498
145.60001,3.01193,0.68191,0.00028,0.28373,0.03408
145.80000,3.01193,0.82129,0.00008,0.17144,0.00718
146.00000,3.01193,0.69979,0.08628,0.21201,0.00192
146.20000,3.01195,0.97009,0.00074,0.02546,0.00371
146.39999,3.01195,0.90021,0.00035,0.06220,0.03723
146.60001,3.01193,0.78862,0.00285,0.05120,0.15734
146.80000,3.01193,0.76947,0.00025,0.04589,0.18440
147.00000,3.01193,0.60578,0.00001,0.10511,0.28909
147.20000,3.01195,0.26498,0.00004,0.43941,0.29557
147.39999,3.01195,0.46310,0.00001,0.12310,0.41378
147.60001,3.01193,0.82294,0.00018,0.05881,0.11807
147.80000,3.01193,0.90671,0.00003,0.03469,0.05857
148.00000,3.01193,0.97302,0.00020,0.00429,0.02249
148.20000,3.01195,0.89548,0.00085,0.07296,0.03072
148.39999,3.01195,0.25742,0.00001,0.03877,0.70380
148.60001,3.01193,0.37835,0.00390,0.07210,0.54565
148.80000,3.01193,0.97558,0.00092,0.00247,0.02103
149.00000,3.01193,0.99251,0.00198,0.00197,0.00353
149.20000,3.01195,0.99699,0.00160,0.00089,0.00052
149.39999,3.01195,0.96908,0.00068,0.03014,0.00010
149.60001,3.01193,0.64130,0.00026,0.35791,0.00053
149.80000,3.01193,0.69414,0.07628,0.22402,0.00556
150.00000,3.01193,0.83555,0.00004,0.13380,0.03061
150.20000,3.01195,0.93834,0.00073,0.03964,0.02129
150.39999,3.01195,0.81582,0.18139,0.00063,0.00217
150.60001,3.01193,0.59889,0.39833,0.00080,0.00199
150.80000,3.01193,0.61897,0.34693,0.02414,0.00996
151.00000,3.01193,0.70851,0.24001,0.03875,0.01273
151.20000,3.01195,0.43914,0.50790,0.02744,0.02553
151.39999,3.01195,0.50664,0.05453,0.07536,0.36346
151.60001,3.01193,0.57601,0.03161,0.06713,0.32525
151.80000,3.01193,0.63338,0.14563,0.01636,0.20464
152.00000,3.01193,0.89231,0.04647,0.01327,0.04796
152.20000,3.01195,0.79511,0.15081,0.02441,0.02966
152.39999,3.01195,0.73870,0.19648,0.03767,0.02714
152.60001,3.01193,0.97892,0.02033,0.00016,0.00059
152.80000,3.01193,0.99861,0.00077,0.00053,0.00009
153.00000,3.01193,0.86555,0.00003,0.00025,0.13417
153.20000,3.01195,0.31696,0.00157,0.00623,0.67524
153.39999,3.01195,0.81165,0.00171,0.00225,0.18438
153.60001,3.01193,0.96286,0.01371,0.00127,0.02216
153.80000,3.01193,0.97176,0.02223,0.00218,0.00382
154.00000,3.01193,0.98825,0.00715,0.00398,0.00063
154.20000,3.01195,0.94446,0.00122,0.05038,0.00394
154.39999,3.01195,0.59066,0.14230,0.24142,0.02562
154.60001,3.01193,0.83299,0.00033,0.13635,0.03033
154.80000,3.01193,0.80709,0.00238,0.13904,0.05149
155.00000,3.01193,0.58688,0.40829,0.00260,0.00224
155.20000,3.01195,0.77274,0.20320,0.01042,0.01364
155.39999,3.01195,0.74186,0.08720,0.10512,0.06581
155.60001,3.01193,0.77641,0.05183,0.10241,0.06935
155.80000,3.01193,0.77455,0.02587,0.06733,0.13225
156.00000,3.01193,0.69044,0.00695,0.07378,0.22884
156.20000,3.01195,0.79843,0.00320,0.05478,0.14359
156.39999,3.01195,0.60951,0.00801,0.08640,0.29607
156.60001,3.01193,0.67017,0.03501,0.14081,0.15400
156.80000,3.01193,0.99862,0.00016,0.00055,0.00067
157.00000,3.01193,0.99870,0.00013,0.00103,0.00015
157.20000,3.01195,0.25029,0.00000,0.00068,0.74903
157.39999,3.01195,0.12979,0.00025,0.00535,0.86461
157.60001,3.01193,0.71022,0.00004,0.00132,0.28842
157.80000,3.01193,0.95744,0.02410,0.00341,0.01505
158.00000,3.01193,0.99464,0.00332,0.00114,0.00090
158.20000,3.01195,0.99573,0.00256,0.00152,0.00020
158.39999,3.01195,0.75173,0.00321,0.24246,0.00261
158.60001,3.01193,0.54157,0.18582,0.20955,0.06306
158.80000,3.01193,0.76617,0.00061,0.18878,0.04443
159.00000,3.01193,0.85164,0.02214,0.08116,0.04507
159.20000,3.01195,0.52125,0.47525,0.00119,0.00231
159.39999,3.01195,0.40043,0.57392,0.00613,0.01952
159.60001,3.01193,0.76425,0.04023,0.12035,0.07516
159.80000,3.01193,0.81771,0.05871,0.07669,0.04688
160.00000,3.01193,0.72212,0.10834,0.09169,0.07785
160.20000,3.01195,0.85234,0.02852,0.07784,0.04130
160.39999,3.01195,0.76771,0.01512,0.09982,0.11735
160.60001,3.01193,0.70393,0.00290,0.10369,0.18948
160.80000,3.01193,0.90759,0.00533,0.04847,0.03861
161.00000,3.01193,0.99621,0.00044,0.00044,0.00291
161.20000,3.01195,0.99281,0.00078,0.00410,0.00231
161.39999,3.01195,0.30695,0.00004,0.00967,0.68334
161.60001,3.01193,0.27258,0.00036,0.01913,0.70793
161.80000,3.01193,0.88133,0.00345,0.01405,0.10117
162.00000,3.01193,0.97465,0.00069,0.00183,0.02283
162.20000,3.01195,0.98634,0.00122,0.00696,0.00548
162.39999,3.01195,0.98659,0.00674,0.00592,0.00075
162.60001,3.01193,0.82754,0.02289,0.14523,0.00435
162.80000,3.01193,0.53368,0.20200,0.24207,0.02224
163.00000,3.01193,0.75995,0.00024,0.20440,0.03541
163.20000,3.01195,0.72769,0.00171,0.21841,0.05220
163.39999,3.01195,0.58562,0.40766,0.00239,0.00433
163.60001,3.01193,0.72929,0.24146,0.00678,0.02247
163.80000,3.01193,0.54691,0.34826,0.02502,0.07982
164.00000,3.01193,0.75743,0.02740,0.09170,0.12346
164.20000,3.01195,0.69020,0.00538,0.09220,0.21223
164.39999,3.01195,0.87059,0.03756,0.02394,0.06791
164.60001,3.01193,0.81086,0.00216,0.06725,0.11972
164.80000,3.01193,0.46210,0.00188,0.17001,0.36601
165.00000,3.01193,0.89662,0.07010,0.01402,0.01927
165.20000,3.01195,0.99784,0.00124,0.00085,0.00007
165.39999,3.01195,0.98163,0.00068,0.00393,0.01376
165.60001,3.01193,0.56417,0.00092,0.00212,0.43278
165.80000,3.01193,0.43324,0.00495,0.00528,0.55652
166.00000,3.01193,0.94344,0.00553,0.00505,0.04598
166.20000,3.01195,0.97572,0.02157,0.00150,0.00121
166.39999,3.01195,0.93010,0.06251,0.00451,0.00289
166.60001,3.01193,0.94513,0.01535,0.03478,0.00474
166.80000,3.01193,0.66558,0.12191,0.20698,0.00554
167.00000,3.01193,0.56374,0.07810,0.32140,0.03676
167.20000,3.01195,0.92780,0.01750,0.03664,0.01806
167.39999,3.01195,0.57773,0.42147,0.00036,0.00044
167.60001,3.01193,0.54022,0.45863,0.00031,0.00083
167.80000,3.01193,0.19044,0.80123,0.00141,0.00692
168.00000,3.01193,0.72057,0.24829,0.01037,0.02078
168.20000,3.01195,0.50918,0.47619,0.00785,0.00678
168.39999,3.01195,0.82171,0.08391,0.03840,0.05597
168.60001,3.01193,0.83583,0.13851,0.00826,0.01740
168.80000,3.01193,0.81187,0.00260,0.02517,0.16036
169.00000,3.01193,0.55844,0.00417,0.18309,0.25431
169.20000,3.01195,0.92487,0.05542,0.00896,0.01076
169.39999,3.01195,0.99075,0.00103,0.00784,0.00038
169.60001,3.01193,0.98248,0.00007,0.00452,0.01292
169.80000,3.01193,0.46267,0.00272,0.03447,0.50014
170.00000,3.01193,0.28669,0.00021,0.00126,0.71184
170.20000,3.01195,0.93777,0.01036,0.01131,0.04056
170.39999,3.01195,0.99110,0.00411,0.00246,0.00233
170.60001,3.01193,0.99819,0.00035,0.00112,0.00033
170.80000,3.01193,0.80423,0.00416,0.17834,0.01326
171.00000,3.01193,0.58050,0.07390,0.33363,0.01197
171.20000,3.01195,0.85025,0.00005,0.12648,0.02322
171.39999,3.01195,0.79556,0.00360,0.13288,0.06795
171.60001,3.01193,0.90294,0.06368,0.01032,0.02306
171.80000,3.01193,0.55180,0.25371,0.04803,0.14646
172.00000,3.01193,0.82022,0.02934,0.06805,0.08238
172.20000,3.01195,0.72190,0.02983,0.09786,0.15040
172.39999,3.01195,0.65140,0.01761,0.12338,0.20761
172.60001,3.01193,0.81616,0.00479,0.04443,0.13462
172.80000,3.01193,0.52773,0.00215,0.14094,0.32918
173.00000,3.01193,0.85562,0.00737,0.02611,0.11090
173.20000,3.01195,0.99419,0.00052,0.00493,0.00035
173.39999,3.01195,0.96925,0.00046,0.00385,0.02643
173.60001,3.01193,0.75284,0.00002,0.00381,0.24333
173.80000,3.01193,0.20490,0.00077,0.00568,0.78866
174.00000,3.01193,0.87533,0.00219,0.00203,0.12046
174.20000,3.01195,0.99429,0.00151,0.00126,0.00294
174.39999,3.01195,0.98703,0.00170,0.00811,0.00316
174.60001,3.01193,0.98039,0.00091,0.01652,0.00218
174.80000,3.01193,0.65067,0.00127,0.34469,0.00336
175.00000,3.01193,0.74057,0.00365,0.21528,0.04051
175.20000,3.01195,0.80566,0.00041,0.13473,0.05920
175.39999,3.01195,0.71957,0.27511,0.00312,0.00219
175.60001,3.01193,0.88836,0.04302,0.02064,0.04798
175.80000,3.01193,0.69411,0.11823,0.03194,0.15572
176.00000,3.01193,0.77145,0.03990,0.04583,0.14283
176.20000,3.01195,0.77757,0.05500,0.05414,0.11330
176.39999,3.01195,0.61423,0.00192,0.08019,0.30365
176.60001,3.01193,0.65407,0.01773,0.13416,0.19404
176.80000,3.01193,0.95104,0.00055,0.03129,0.01712
177.00000,3.01193,0.96757,0.00347,0.02872,0.00024
177.20000,3.01195,0.98309,0.00053,0.00601,0.01037
177.39999,3.01195,0.25165,0.00065,0.00475,0.74295
177.60001,3.01193,0.22967,0.00018,0.00083,0.76932
177.80000,3.01193,0.85391,0.07130,0.01196,0.06283
178.00000,3.01193,0.99451,0.00475,0.00036,0.00038
178.20000,3.01195,0.99892,0.00080,0.00018,0.00010
178.39999,3.01195,0.88710,0.02941,0.07224,0.01125
178.60001,3.01193,0.43434,0.33460,0.20724,0.02383
178.80000,3.01193,0.73693,0.00053,0.22516,0.03737
179.00000,3.01193,0.81670,0.00206,0.14288,0.03836
179.20000,3.01195,0.91908,0.07576,0.00105,0.00411
179.39999,3.01195,0.37564,0.61969,0.00158,0.00309
179.60001,3.01193,0.62595,0.22774,0.06726,0.07906
179.80000,3.01193,0.72972,0.05323,0.03812,0.17893
180.00000,3.01193,0.81174,0.00681,0.02580,0.15565
180.20000,3.01195,0.49685,0.00043,0.16673,0.33599
180.39999,3.01195,0.69317,0.00444,0.07053,0.23186
180.60001,3.01193,0.99588,0.00014,0.00379,0.00019
180.80000,3.01193,0.97777,0.00053,0.01740,0.00430
181.00000,3.01193,0.99663,0.00258,0.00053,0.00027
181.20000,3.01195,0.07123,0.00002,0.00134,0.92741
181.39999,3.01195,0.37516,0.00042,0.00417,0.62025
181.60001,3.01193,0.92457,0.02385,0.00533,0.04625
181.80000,3.01193,0.98519,0.01251,0.00204,0.00026
182.00000,3.01193,0.99313,0.00181,0.00413,0.00094
182.20000,3.01195,0.93769,0.03003,0.02187,0.01041
182.39999,3.01195,0.65515,0.05389,0.27704,0.01392
182.60001,3.01193,0.62194,0.05404,0.19732,0.12670
182.80000,3.01193,0.80021,0.01345,0.14931,0.03703
183.00000,3.01193,0.92848,0.06007,0.00276,0.00869
183.20000,3.01195,0.86537,0.12482,0.00203,0.00777
183.39999,3.01195,0.42362,0.55757,0.00340,0.01541
183.60001,3.01193,0.68431,0.21466,0.03472,0.06631
183.80000,3.01193,0.73089,0.19606,0.03687,0.03618
184.00000,3.01193,0.70827,0.17321,0.03979,0.07873
