Time (seconds), Duration (seconds),pred_(unlabeled),pred_imbalance,pred_working,pred_impact
0.02500,0.24750,0.00339,0.00006,0.21166,0.78489
0.22500,0.24750,0.00091,0.00002,0.17068,0.82839
0.42500,0.24750,0.02635,0.00065,0.93397,0.03903
0.62500,0.24750,0.00152,0.01264,0.26675,0.71909
0.82500,0.24750,0.06791,0.00051,0.77186,0.15973
1.02500,0.24750,0.04977,0.01078,0.83421,0.10524
1.22500,0.24750,0.00230,0.00154,0.18515,0.81102
1.42500,0.24750,0.00058,0.00332,0.65341,0.34269
1.62500,0.24750,0.01714,0.00004,0.83980,0.14301
1.82500,0.24750,0.00005,0.00099,0.01762,0.98134
2.02500,0.24750,0.00672,0.00047,0.90880,0.08401
2.22500,0.24750,0.01240,0.00006,0.64483,0.34270
2.42500,0.24750,0.01743,0.00803,0.86502,0.10952
2.62500,0.24750,0.01481,0.00004,0.54609,0.43906
2.82500,0.24750,0.00085,0.00017,0.14490,0.85408
3.02500,0.24750,0.00495,0.00067,0.92069,0.07369
3.22500,0.24750,0.05633,0.01175,0.82349,0.10842
3.42500,0.24750,0.03000,0.00004,0.48861,0.48135
3.62500,0.24750,0.00021,0.00261,0.03379,0.96339
3.82500,0.24750,0.00063,0.00197,0.26698,0.73043
4.02500,0.24750,0.07742,0.00416,0.80626,0.11217
4.22500,0.24750,0.00026,0.00061,0.04866,0.95047
4.42500,0.24750,0.00665,0.00067,0.92280,0.06989
4.62500,0.24750,0.00036,0.00088,0.02961,0.96916
4.82500,0.24750,0.00074,0.00085,0.22871,0.76971
5.02500,0.24750,0.09581,0.00358,0.82530,0.07532
5.22500,0.24750,0.00039,0.00144,0.05627,0.94190
5.42500,0.24750,0.04025,0.00281,0.88800,0.06893
5.62500,0.24750,0.00697,0.00013,0.59352,0.39938
5.82500,0.24750,0.00824,0.00479,0.89963,0.08734
6.02500,0.24750,0.00852,0.00999,0.76989,0.21160
6.22500,0.24750,0.01347,0.00001,0.65611,0.33040
6.42500,0.24750,0.01682,0.00623,0.89396,0.08300
6.62500,0.24750,0.06373,0.01207,0.81584,0.10837
6.82500,0.24750,0.02724,0.00003,0.50832,0.46442
7.02500,0.24750,0.00037,0.00087,0.11645,0.88231
7.22500,0.24750,0.20074,0.00389,0.74882,0.04655
7.42500,0.24750,0.00038,0.00639,0.02785,0.96538
7.62500,0.24750,0.00044,0.00020,0.10782,0.89155
7.82500,0.24750,0.04027,0.00090,0.91649,0.04234
8.02500,0.24750,0.00243,0.00036,0.14117,0.85604
8.22500,0.24750,0.00749,0.00112,0.92122,0.07017
8.42500,0.24750,0.02948,0.00912,0.85447,0.10693
8.62500,0.24750,0.00368,0.00062,0.47175,0.52395
8.82500,0.24750,0.01098,0.00382,0.90971,0.07548
9.02500,0.24750,0.00024,0.00307,0.01517,0.98153
9.22500,0.24750,0.00588,0.00289,0.70833,0.28290
9.42500,0.24750,0.05436,0.00004,0.80986,0.13573
9.62500,0.24750,0.00005,0.00077,0.01967,0.97951
9.82500,0.24750,0.00024,0.00012,0.11024,0.88941
10.02500,0.24750,0.09547,0.00126,0.85649,0.04678
10.22500,0.24750,0.03691,0.01128,0.82565,0.12616
10.42500,0.24750,0.01032,0.00022,0.64966,0.33980
10.62500,0.24750,0.04084,0.00983,0.84466,0.10467
10.82500,0.24750,0.00018,0.00208,0.01621,0.98153
11.02500,0.24750,0.05569,0.00241,0.89041,0.05149
11.22500,0.24750,0.01156,0.00863,0.83112,0.14869
11.42500,0.24750,0.00909,0.00020,0.65594,0.33477
11.62500,0.24750,0.00011,0.01439,0.01921,0.96629
11.82500,0.24750,0.01322,0.00282,0.89766,0.08630
12.02500,0.24750,0.00012,0.00255,0.02357,0.97376
12.22500,0.24750,0.02298,0.00487,0.78266,0.18949
12.42500,0.24750,0.00866,0.00008,0.67975,0.31151
12.62500,0.24750,0.00014,0.00144,0.05046,0.94796
12.82500,0.24750,0.03470,0.00286,0.88972,0.07271
13.02500,0.24750,0.00585,0.00001,0.49028,0.50386
13.22500,0.24750,0.00494,0.00444,0.90320,0.08742
13.42500,0.24750,0.02400,0.00217,0.72092,0.25291
13.62500,0.24750,0.00543,0.00001,0.45184,0.54272
13.82500,0.24750,0.01214,0.00367,0.91030,0.07389
14.02500,0.24750,0.00361,0.00001,0.40969,0.58670
14.22500,0.24750,0.00015,0.00561,0.04413,0.95011
14.42500,0.24750,0.00100,0.00023,0.14560,0.85317
14.62500,0.24750,0.03484,0.00256,0.86615,0.09645
14.82500,0.24750,0.01276,0.00005,0.68697,0.30021
15.02500,0.24750,0.01283,0.01412,0.78066,0.19240
15.22500,0.24750,0.05975,0.00013,0.77758,0.16254
15.42500,0.24750,0.00068,0.00189,0.04580,0.95164
15.62500,0.24750,0.00927,0.00050,0.93580,0.05443
15.82500,0.24750,0.00101,0.00284,0.16677,0.82938
16.02500,0.24750,0.08238,0.00021,0.79813,0.11928
16.22500,0.24750,0.00481,0.00887,0.83504,0.15128
16.42500,0.24750,0.00963,0.00004,0.69413,0.29619
16.62500,0.24750,0.00033,0.00071,0.08181,0.91715
16.82500,0.24750,0.02602,0.00367,0.91004,0.06027
17.02500,0.24750,0.04930,0.01148,0.83063,0.10859
17.22500,0.24750,0.01925,0.00015,0.53458,0.44603
17.42500,0.24750,0.01058,0.00436,0.89743,0.08764
17.62500,0.24750,0.03404,0.01034,0.84357,0.11205
17.82500,0.24750,0.01110,0.00004,0.50988,0.47898
18.02500,0.24750,0.01336,0.00322,0.90425,0.07917
18.22500,0.24750,0.00053,0.01040,0.09171,0.89735
18.42500,0.24750,0.09070,0.00385,0.82741,0.07804
18.62500,0.24750,0.00021,0.00831,0.02180,0.96968
18.82500,0.24750,0.01815,0.00212,0.88506,0.09467
19.02500,0.24750,0.01044,0.00005,0.54398,0.44552
19.22500,0.24750,0.00011,0.00005,0.05977,0.94006
19.42500,0.24750,0.01352,0.00159,0.92418,0.06072
19.62500,0.24750,0.00221,0.01203,0.38296,0.60280
19.82500,0.24750,0.01966,0.00003,0.81626,0.16405
20.02500,0.24750,0.00037,0.02033,0.04391,0.93540
20.22500,0.24750,0.03108,0.00261,0.91426,0.05204
20.42500,0.24750,0.00049,0.01968,0.07662,0.90321
20.62500,0.24750,0.06952,0.00937,0.87104,0.05008
20.82500,0.24750,0.03105,0.00919,0.84807,0.11168
21.02500,0.24750,0.03332,0.01027,0.83532,0.12109
21.22500,0.24750,0.00931,0.00244,0.29210,0.69615
21.42500,0.24750,0.00112,0.00207,0.52553,0.47128
21.62500,0.24750,0.07859,0.00047,0.81101,0.10994
21.82500,0.24750,0.00044,0.01281,0.05647,0.93028
22.02500,0.24750,0.03319,0.00314,0.91536,0.04831
22.22500,0.24750,0.00039,0.02620,0.07767,0.89574
22.42500,0.24750,0.03357,0.00191,0.92796,0.03656
22.62500,0.24750,0.00020,0.00210,0.03358,0.96412
22.82500,0.24750,0.03981,0.00294,0.90288,0.05437
23.02500,0.24750,0.02630,0.00729,0.87060,0.09581
23.22500,0.24750,0.00201,0.01942,0.51874,0.45984
23.42500,0.24750,0.00783,0.00002,0.71834,0.27381
23.62500,0.24750,0.00245,0.00001,0.61237,0.38516
23.82500,0.24750,0.00004,0.00042,0.03518,0.96435
24.02500,0.24750,0.00168,0.00210,0.52587,0.47036
24.22500,0.24750,0.02235,0.00003,0.80649,0.17113
24.42500,0.24750,0.01897,0.00027,0.69299,0.28776
24.62500,0.24750,0.00030,0.00201,0.02612,0.97158
24.82500,0.24750,0.00023,0.00034,0.10597,0.89345
25.02500,0.24750,0.08862,0.00641,0.85758,0.04739
25.22500,0.24750,0.00099,0.01059,0.18995,0.79847
25.42500,0.24750,0.06901,0.00068,0.81869,0.11163
25.62500,0.24750,0.00029,0.00385,0.01572,0.98014
25.82500,0.24750,0.00169,0.00142,0.60024,0.39665
26.02500,0.24750,0.02390,0.01080,0.82990,0.13539
26.22500,0.24750,0.01155,0.00002,0.58862,0.39980
26.42500,0.24750,0.00099,0.00126,0.34923,0.64851
26.62500,0.24750,0.02478,0.00018,0.78307,0.19198
26.82500,0.24750,0.00435,0.00034,0.41981,0.57551
27.02500,0.24750,0.00006,0.00053,0.07886,0.92055
27.22500,0.24750,0.11418,0.00599,0.82297,0.05686
27.42500,0.24750,0.03606,0.00992,0.84128,0.11274
27.62500,0.24750,0.05104,0.01091,0.83194,0.10611
27.82500,0.24750,0.00042,0.00208,0.01704,0.98047
28.02500,0.24750,0.00173,0.00130,0.47434,0.52263
28.22500,0.24750,0.01505,0.00008,0.75005,0.23482
28.42500,0.24750,0.00617,0.00028,0.74848,0.24507
28.62500,0.24750,0.00014,0.00282,0.04796,0.94908
28.82500,0.24750,0.06528,0.00113,0.88283,0.05076
29.02500,0.24750,0.00566,0.01501,0.58812,0.39120
29.22500,0.24750,0.02044,0.00003,0.77841,0.20113
29.42500,0.24750,0.02603,0.00743,0.87831,0.08823
29.62500,0.24750,0.00059,0.00595,0.03137,0.96209
29.82500,0.24750,0.02560,0.00207,0.90113,0.07120
30.02500,0.24750,0.00606,0.00031,0.60951,0.38412
30.22500,0.24750,0.00008,0.00149,0.02700,0.97142
30.42500,0.24750,0.01592,0.00217,0.90119,0.08072
30.62500,0.24750,0.01986,0.01129,0.77897,0.18988
30.82500,0.24750,0.05661,0.00003,0.67576,0.26759
31.02500,0.24750,0.00286,0.00010,0.29525,0.70178
31.22500,0.24750,0.00025,0.00396,0.39552,0.60027
31.42500,0.24750,0.07169,0.00079,0.84595,0.08157
31.62500,0.24750,0.00740,0.00028,0.63246,0.35986
31.82500,0.24750,0.02439,0.00760,0.87319,0.09482
32.02500,0.24750,0.00009,0.00083,0.01721,0.98187
32.22500,0.24750,0.00491,0.00070,0.88694,0.10745
32.42500,0.24750,0.00058,0.07672,0.03104,0.89166
32.62500,0.24750,0.00885,0.00161,0.90382,0.08572
32.82500,0.24750,0.00994,0.00251,0.70310,0.28446
33.02500,0.24750,0.01332,0.00543,0.89415,0.08710
33.22500,0.24750,0.00026,0.00412,0.02380,0.97183
33.42500,0.24750,0.06482,0.00358,0.86864,0.06296
33.62500,0.24750,0.03555,0.00967,0.84747,0.10732
33.82500,0.24750,0.00076,0.01688,0.05942,0.92294
34.02500,0.24750,0.03151,0.00265,0.89999,0.06585
34.22500,0.24750,0.02762,0.00887,0.85364,0.10987
34.42500,0.24750,0.00754,0.00016,0.56215,0.43016
34.62500,0.24750,0.00012,0.00113,0.03231,0.96644
34.82500,0.24750,0.05459,0.00332,0.88555,0.05655
35.02500,0.24750,0.00117,0.00049,0.07050,0.92783
35.22500,0.24750,0.00692,0.00176,0.90638,0.08495
35.42500,0.24750,0.00157,0.00000,0.48854,0.50989
35.62500,0.24750,0.00041,0.00101,0.11825,0.88033
35.82500,0.24750,0.00139,0.00773,0.45568,0.53520
36.02500,0.24750,0.10074,0.00050,0.79129,0.10747
36.22500,0.24750,0.01916,0.00736,0.86711,0.10637
36.42500,0.24750,0.00045,0.01411,0.05715,0.92829
36.62500,0.24750,0.04004,0.00370,0.90051,0.05575
36.82500,0.24750,0.03030,0.00382,0.73526,0.23062
37.02500,0.24750,0.00126,0.02031,0.54994,0.42850
37.22500,0.24750,0.04523,0.00040,0.80464,0.14974
37.42500,0.24750,0.00113,0.00017,0.15665,0.84206
37.62500,0.24750,0.02100,0.00118,0.92397,0.05385
37.82500,0.24750,0.00960,0.00007,0.48379,0.50654
38.02500,0.24750,0.00007,0.00284,0.02181,0.97528
38.22500,0.24750,0.01389,0.00088,0.88555,0.09967
38.42500,0.24750,0.00019,0.00146,0.12398,0.87437
38.62500,0.24750,0.01652,0.00080,0.83186,0.15083
38.82500,0.24750,0.00155,0.00052,0.12118,0.87676
39.02500,0.24750,0.00290,0.00001,0.75053,0.24656
39.22500,0.24750,0.00019,0.00567,0.08355,0.91059
39.42500,0.24750,0.11288,0.00506,0.83345,0.04861
39.62500,0.24750,0.00006,0.00143,0.01480,0.98370
39.82500,0.24750,0.07007,0.00606,0.87472,0.04916
40.02500,0.24750,0.00023,0.00639,0.01702,0.97636
40.22500,0.24750,0.05418,0.00226,0.88868,0.05488
40.42500,0.24750,0.04458,0.01063,0.83839,0.10640
40.62500,0.24750,0.00052,0.00522,0.09249,0.90177
40.82500,0.24750,0.07268,0.00154,0.86169,0.06409
41.02500,0.24750,0.01762,0.00641,0.88666,0.08931
41.22500,0.24750,0.06633,0.01230,0.81279,0.10859
41.42500,0.24750,0.00180,0.00018,0.08039,0.91762
41.62500,0.24750,0.01233,0.00065,0.92416,0.06286
41.82500,0.24750,0.00006,0.00094,0.01763,0.98137
42.02500,0.24750,0.00169,0.00700,0.34604,0.64527
42.22500,0.24750,0.07876,0.00293,0.81151,0.10680
42.42500,0.24750,0.03278,0.00937,0.84995,0.10791
42.62500,0.24750,0.00020,0.00386,0.02423,0.97170
42.82500,0.24750,0.00093,0.00067,0.18876,0.80963
43.02500,0.24750,0.08040,0.00049,0.86513,0.05397
43.22500,0.24750,0.00051,0.01741,0.04067,0.94141
43.42500,0.24750,0.01062,0.00239,0.92341,0.06358
43.62500,0.24750,0.01086,0.00002,0.64678,0.34234
43.82500,0.24750,0.00006,0.00327,0.02829,0.96837
44.02500,0.24750,0.00078,0.00057,0.12658,0.87207
44.22500,0.24750,0.05379,0.00332,0.89263,0.05027
44.42500,0.24750,0.01266,0.00008,0.56856,0.41870
44.62500,0.24750,0.04550,0.01001,0.84783,0.09666
44.82500,0.24750,0.00057,0.00695,0.02612,0.96635
45.02500,0.24750,0.00058,0.00021,0.11490,0.88431
45.22500,0.24750,0.10665,0.00183,0.84201,0.04950
45.42500,0.24750,0.00526,0.00004,0.52470,0.46999
45.62500,0.24750,0.00010,0.00191,0.03287,0.96512
45.82500,0.24750,0.03696,0.00461,0.89387,0.06456
46.02500,0.24750,0.01534,0.00839,0.84193,0.13434
46.22500,0.24750,0.01113,0.00011,0.60333,0.38543
46.42500,0.24750,0.01404,0.00570,0.89912,0.08113
46.62500,0.24750,0.00068,0.00147,0.14796,0.84990
46.82500,0.24750,0.01634,0.00047,0.81310,0.17009
47.02500,0.24750,0.01195,0.00003,0.61780,0.37021
47.22500,0.24750,0.00116,0.01849,0.56180,0.41856
47.42500,0.24750,0.01403,0.00014,0.74408,0.24175
47.62500,0.24750,0.00767,0.00002,0.52214,0.47017
47.82500,0.24750,0.01390,0.00621,0.90053,0.07936
48.02500,0.24750,0.00072,0.00186,0.20714,0.79027
48.22500,0.24750,0.02313,0.00012,0.77182,0.20493
48.42500,0.24750,0.00985,0.00514,0.90439,0.08062
48.62500,0.24750,0.00007,0.00099,0.01978,0.97916
48.82500,0.24750,0.03937,0.00381,0.90206,0.05476
49.02500,0.24750,0.04004,0.00980,0.84438,0.10578
49.22500,0.24750,0.00008,0.00067,0.01790,0.98136
49.42500,0.24750,0.01429,0.00386,0.87094,0.11091
49.62500,0.24750,0.02013,0.00003,0.58929,0.39056
49.82500,0.24750,0.02152,0.01131,0.83577,0.13141
50.02500,0.24750,0.00049,0.00386,0.03286,0.96279
50.22500,0.24750,0.01683,0.00152,0.91112,0.07053
50.42500,0.24750,0.00009,0.00163,0.01861,0.97967
50.62500,0.24750,0.00047,0.00019,0.04535,0.95399
50.82500,0.24750,0.02351,0.00202,0.88563,0.08885
51.02500,0.24750,0.00648,0.00006,0.42997,0.56349
51.22500,0.24750,0.00022,0.00143,0.15402,0.84433
51.42500,0.24750,0.05474,0.00260,0.86910,0.07357
51.62500,0.24750,0.01208,0.01179,0.81695,0.15918
51.82500,0.24750,0.02445,0.00018,0.65134,0.32403
52.02500,0.24750,0.00227,0.00147,0.18172,0.81454
52.22500,0.24750,0.00501,0.00128,0.93098,0.06273
52.42500,0.24750,0.00681,0.01200,0.77713,0.20406
52.62500,0.24750,0.01971,0.00077,0.60529,0.37424
52.82500,0.24750,0.00006,0.00025,0.05181,0.94789
53.02500,0.24750,0.02622,0.00256,0.90290,0.06832
53.22500,0.24750,0.03317,0.01008,0.84214,0.11461
53.42500,0.24750,0.00892,0.00008,0.61269,0.37830
53.62500,0.24750,0.00376,0.00663,0.83135,0.15826
53.82500,0.24750,0.00478,0.00002,0.58620,0.40900
54.02500,0.24750,0.00769,0.00009,0.49546,0.49676
54.22500,0.24750,0.00721,0.00176,0.91284,0.07820
54.42500,0.24750,0.03158,0.00924,0.85298,0.10620
54.62500,0.24750,0.00011,0.00119,0.02101,0.97769
54.82500,0.24750,0.00249,0.00406,0.52983,0.46362
55.02500,0.24750,0.06141,0.00007,0.78782,0.15069
55.22500,0.24750,0.00010,0.00049,0.05414,0.94527
55.42500,0.24750,0.08646,0.00095,0.84058,0.07201
55.62500,0.24750,0.01748,0.00033,0.62218,0.36000
55.82500,0.24750,0.03114,0.00527,0.87325,0.09034
56.02500,0.24750,0.00082,0.00007,0.11219,0.88691
56.22500,0.24750,0.00012,0.00017,0.15889,0.84082
56.42500,0.24750,0.02428,0.00057,0.84850,0.12665
56.62500,0.24750,0.01075,0.00616,0.87437,0.10872
56.82500,0.24750,0.00022,0.00574,0.02740,0.96664
57.02500,0.24750,0.00022,0.00199,0.04328,0.95452
57.22500,0.24750,0.04026,0.00201,0.89230,0.06543
57.42500,0.24750,0.00090,0.00166,0.04233,0.95510
57.62500,0.24750,0.01847,0.00191,0.93230,0.04731
57.82500,0.24750,0.01707,0.01186,0.81958,0.15149
58.02500,0.24750,0.00888,0.00001,0.52671,0.46440
58.22500,0.24750,0.04762,0.01102,0.83240,0.10896
58.42500,0.24750,0.00039,0.00259,0.03221,0.96481
58.62500,0.24750,0.01767,0.00965,0.78048,0.19220
58.82500,0.24750,0.03896,0.00022,0.80745,0.15336
59.02500,0.24750,0.05422,0.01131,0.82488,0.10959
59.22500,0.24750,0.00625,0.00153,0.22363,0.76859
59.42500,0.24750,0.00035,0.00132,0.28781,0.71052
59.62500,0.24750,0.03097,0.00016,0.78130,0.18757
59.82500,0.24750,0.05195,0.01260,0.81684,0.11861
60.02500,0.24750,0.00246,0.00235,0.11444,0.88075
60.22500,0.24750,0.00011,0.00041,0.04495,0.95453
60.42500,0.24750,0.02574,0.00482,0.87996,0.08948
60.62500,0.24750,0.02345,0.00015,0.66784,0.30855
60.82500,0.24750,0.00328,0.00601,0.81413,0.17659
61.02500,0.24750,0.01318,0.00009,0.65362,0.33310
61.22500,0.24750,0.00005,0.00108,0.03782,0.96105
61.42500,0.24750,0.08042,0.00316,0.86316,0.05327
61.62500,0.24750,0.00036,0.00344,0.04387,0.95233
61.82500,0.24750,0.00063,0.00009,0.25849,0.74079
62.02500,0.24750,0.05347,0.00052,0.85602,0.08998
62.22500,0.24750,0.01120,0.00014,0.69396,0.29470
62.42500,0.24750,0.01246,0.00921,0.84263,0.13570
62.62500,0.24750,0.00811,0.00024,0.36100,0.63064
62.82500,0.24750,0.00041,0.00020,0.17169,0.82770
63.02500,0.24750,0.02439,0.00205,0.91241,0.06115
63.22500,0.24750,0.00083,0.00039,0.08708,0.91170
63.42500,0.24750,0.00078,0.00100,0.30302,0.69520
63.62500,0.24750,0.09002,0.00051,0.77450,0.13496
63.82500,0.24750,0.00370,0.00003,0.36524,0.63102
64.02500,0.24750,0.00011,0.00007,0.05598,0.94384
64.22500,0.24751,0.00677,0.00079,0.89559,0.09686
64.42500,0.24750,0.00021,0.00179,0.06037,0.93762
64.62500,0.24750,0.05425,0.00398,0.88727,0.05450
64.82500,0.24751,0.02347,0.00749,0.88044,0.08860
65.02500,0.24750,0.00466,0.00027,0.33304,0.66203
65.22500,0.24751,0.00020,0.00024,0.18531,0.81425
65.42500,0.24750,0.05986,0.00081,0.86831,0.07101
65.62500,0.24750,0.00043,0.00189,0.17788,0.81981
65.82500,0.24751,0.10253,0.00048,0.77738,0.11961
66.02500,0.24750,0.03329,0.00003,0.55376,0.41293
66.22500,0.24751,0.00065,0.00306,0.02640,0.96989
66.42500,0.24750,0.00021,0.00059,0.07785,0.92135
66.62500,0.24750,0.04623,0.02042,0.84567,0.08768
66.82500,0.24751,0.00016,0.00347,0.04982,0.94655
67.02500,0.24750,0.00028,0.00075,0.05983,0.93913
67.22500,0.24751,0.05099,0.00216,0.89376,0.05309
67.42500,0.24750,0.02661,0.01480,0.79831,0.16029
67.62500,0.24750,0.00372,0.00010,0.30472,0.69145
67.82500,0.24751,0.00385,0.00032,0.92428,0.07155
68.02500,0.24750,0.01540,0.00925,0.82983,0.14551
68.22500,0.24751,0.00822,0.00017,0.52188,0.46973
68.42500,0.24750,0.00873,0.00262,0.90798,0.08067
68.62500,0.24750,0.00041,0.00146,0.03381,0.96432
68.82500,0.24751,0.00029,0.00147,0.05403,0.94421
69.02500,0.24750,0.00726,0.00152,0.87159,0.11963
69.22500,0.24751,0.00161,0.01508,0.11587,0.86743
69.42500,0.24750,0.00010,0.00035,0.06163,0.93792
69.62500,0.24750,0.04931,0.00482,0.87511,0.07076
69.82500,0.24751,0.00029,0.01433,0.04219,0.94319
70.02500,0.24750,0.02922,0.00341,0.89662,0.07075
70.22500,0.24751,0.00750,0.00015,0.56484,0.42751
70.42500,0.24750,0.00030,0.00661,0.04200,0.95109
70.62500,0.24750,0.00043,0.00081,0.06122,0.93755
70.82500,0.24751,0.04602,0.00409,0.89032,0.05957
71.02500,0.24750,0.00039,0.00108,0.10415,0.89437
71.22500,0.24751,0.07308,0.00113,0.85591,0.06988
71.42500,0.24750,0.04604,0.01071,0.83410,0.10914
71.62500,0.24750,0.00022,0.00728,0.02100,0.97151
71.82500,0.24751,0.01595,0.00361,0.89092,0.08953
72.02500,0.24750,0.00648,0.00010,0.41863,0.57478
72.22500,0.24751,0.00624,0.00054,0.91123,0.08199
72.42500,0.24750,0.00122,0.01400,0.26417,0.72061
72.62500,0.24750,0.05909,0.00040,0.80998,0.13053
72.82500,0.24751,0.04089,0.01011,0.84141,0.10759
73.02500,0.24750,0.00284,0.02255,0.50371,0.47089
73.22500,0.24751,0.04120,0.00027,0.81075,0.14777
73.42500,0.24750,0.02345,0.00908,0.85012,0.11735
73.62500,0.24750,0.01350,0.00004,0.58091,0.40555
73.82500,0.24751,0.00115,0.00047,0.22090,0.77748
74.02500,0.24750,0.01178,0.00359,0.92584,0.05879
74.22500,0.24751,0.00020,0.00161,0.03674,0.96145
74.42500,0.24750,0.00170,0.00299,0.67890,0.31641
74.62500,0.24750,0.05539,0.00029,0.82001,0.12431
74.82500,0.24751,0.02812,0.00972,0.84712,0.11504
75.02500,0.24750,0.01398,0.00009,0.51238,0.47355
75.22500,0.24751,0.00013,0.00274,0.04296,0.95417
75.42500,0.24750,0.01367,0.00158,0.91707,0.06768
75.62500,0.24750,0.01925,0.01077,0.83402,0.13596
75.82500,0.24751,0.01276,0.00002,0.65227,0.33495
76.02500,0.24750,0.00105,0.00001,0.33753,0.66141
76.22500,0.24751,0.00985,0.00046,0.93098,0.05870
76.42500,0.24750,0.00005,0.00101,0.01588,0.98305
76.62500,0.24750,0.01228,0.00068,0.91986,0.06717
76.82500,0.24751,0.00028,0.00204,0.02029,0.97740
77.02500,0.24750,0.00160,0.00165,0.78925,0.20750
77.22500,0.24751,0.00915,0.00034,0.81971,0.17081
77.42500,0.24750,0.01617,0.00002,0.52067,0.46314
77.62500,0.24750,0.00614,0.00293,0.89385,0.09708
77.82500,0.24751,0.01143,0.00012,0.49440,0.49404
78.02500,0.24750,0.00231,0.00184,0.87196,0.12389
78.22500,0.24751,0.01355,0.00011,0.61504,0.37130
78.42500,0.24750,0.00683,0.00585,0.88439,0.10293
78.62500,0.24750,0.00424,0.00013,0.55685,0.43878
78.82500,0.24751,0.01574,0.00597,0.90103,0.07726
79.02500,0.24750,0.00033,0.00120,0.03954,0.95893
79.22500,0.24751,0.00610,0.00524,0.82959,0.15907
79.42500,0.24750,0.02042,0.00003,0.70452,0.27503
79.62500,0.24750,0.00053,0.00282,0.05235,0.94429
79.82500,0.24751,0.03887,0.00120,0.86549,0.09443
80.02500,0.24750,0.00369,0.00008,0.25323,0.74300
80.22500,0.24751,0.00523,0.00080,0.93284,0.06112
80.42500,0.24750,0.01082,0.00005,0.47994,0.50919
80.62500,0.24750,0.00094,0.00066,0.16388,0.83452
80.82500,0.24751,0.01768,0.00349,0.91088,0.06795
81.02500,0.24750,0.00663,0.00001,0.58886,0.40450
81.22500,0.24751,0.00045,0.00006,0.08189,0.91759
81.42500,0.24750,0.01084,0.00055,0.92735,0.06125
81.62500,0.24750,0.00050,0.00414,0.08832,0.90705
81.82500,0.24751,0.07170,0.00795,0.84723,0.07312
82.02500,0.24750,0.01249,0.00625,0.89380,0.08745
82.22500,0.24751,0.00434,0.00003,0.60922,0.38641
82.42500,0.24750,0.00018,0.00450,0.04218,0.95314
82.62500,0.24750,0.03066,0.00458,0.91322,0.05154
82.82500,0.24751,0.01189,0.00043,0.46149,0.52619
83.02500,0.24750,0.00021,0.00205,0.06741,0.93033
83.22500,0.24751,0.02257,0.00267,0.92407,0.05069
83.42500,0.24750,0.01090,0.01067,0.80494,0.17349
83.62500,0.24750,0.01064,0.00048,0.69474,0.29414
83.82500,0.24751,0.02057,0.00706,0.89223,0.08014
84.02500,0.24750,0.00010,0.00430,0.01650,0.97909
84.22500,0.24751,0.00045,0.00189,0.13176,0.86590
84.42500,0.24750,0.07371,0.00302,0.85962,0.06366
84.62500,0.24750,0.00264,0.01001,0.70174,0.28560
84.82500,0.24751,0.01347,0.00003,0.73214,0.25436
85.02500,0.24750,0.00331,0.00007,0.32923,0.66739
85.22500,0.24751,0.00838,0.00092,0.92039,0.07031
85.42500,0.24750,0.00037,0.02881,0.02993,0.94089
85.62500,0.24750,0.02707,0.00252,0.90436,0.06605
85.82500,0.24751,0.04008,0.01034,0.83958,0.11001
86.02500,0.24750,0.00058,0.00900,0.09245,0.89797
86.22500,0.24751,0.07644,0.00352,0.87491,0.04513
86.42500,0.24750,0.04242,0.01051,0.83786,0.10921
86.62500,0.24750,0.00035,0.00148,0.06171,0.93646
86.82500,0.24751,0.00921,0.01185,0.68100,0.29793
87.02500,0.24750,0.04205,0.00014,0.82765,0.13015
87.22500,0.24751,0.00732,0.00004,0.70580,0.28684
87.42500,0.24750,0.00039,0.00147,0.04144,0.95671
87.62500,0.24750,0.00085,0.00045,0.12052,0.87818
87.82500,0.24751,0.11583,0.00031,0.83710,0.04676
88.02500,0.24750,0.00061,0.00204,0.15850,0.83884
88.22500,0.24751,0.06246,0.00047,0.82485,0.11222
88.42500,0.24750,0.02104,0.00709,0.89017,0.08170
88.62500,0.24750,0.00024,0.00136,0.02138,0.97703
88.82500,0.24751,0.03668,0.00335,0.90229,0.05767
89.02500,0.24750,0.01183,0.00830,0.84317,0.13670
89.22500,0.24751,0.01715,0.00020,0.64271,0.33994
89.42500,0.24750,0.00241,0.01729,0.15775,0.82256
89.62500,0.24750,0.06832,0.00659,0.88145,0.04363
89.82500,0.24751,0.00183,0.00406,0.12783,0.86628
90.02500,0.24750,0.01722,0.00234,0.91496,0.06548
90.22500,0.24751,0.01228,0.00008,0.59421,0.39343
90.42500,0.24750,0.00976,0.00677,0.86103,0.12245
90.62500,0.24750,0.01012,0.00008,0.64397,0.34583
90.82500,0.24751,0.01482,0.00004,0.61233,0.37281
91.02500,0.24750,0.02502,0.00696,0.87465,0.09337
91.22500,0.24751,0.00032,0.00385,0.04033,0.95549
91.42500,0.24750,0.00022,0.00164,0.20416,0.79398
91.62500,0.24750,0.08169,0.00077,0.80809,0.10944
91.82500,0.24751,0.00043,0.00078,0.04468,0.95411
92.02500,0.24750,0.10739,0.00067,0.85415,0.03780
92.22500,0.24751,0.04380,0.01049,0.83784,0.10788
92.42500,0.24750,0.00044,0.00127,0.08943,0.90886
92.62500,0.24750,0.06200,0.00095,0.88196,0.05509
92.82500,0.24751,0.01110,0.00589,0.88998,0.09302
93.02500,0.24750,0.00510,0.00006,0.29481,0.70002
93.22500,0.24751,0.00171,0.00123,0.40868,0.58838
93.42500,0.24750,0.08432,0.00015,0.81871,0.09682
93.62500,0.24750,0.03685,0.01123,0.83539,0.11653
93.82500,0.24751,0.00528,0.00010,0.35375,0.64087
94.02500,0.24750,0.00013,0.00223,0.05428,0.94335
94.22500,0.24751,0.04778,0.00519,0.87788,0.06916
94.42500,0.24750,0.00277,0.00032,0.19041,0.80650
94.62500,0.24750,0.01280,0.00075,0.93300,0.05345
94.82500,0.24751,0.00017,0.00081,0.01836,0.98066
95.02500,0.24750,0.02629,0.00166,0.91511,0.05693
95.22500,0.24751,0.00090,0.00070,0.08428,0.91412
95.42500,0.24750,0.05510,0.00224,0.88165,0.06102
95.62500,0.24750,0.00021,0.00758,0.02102,0.97120
95.82500,0.24751,0.00557,0.00297,0.77651,0.21496
96.02500,0.24750,0.01329,0.00003,0.78856,0.19812
96.22500,0.24751,0.01226,0.00020,0.52189,0.46565
96.42500,0.24750,0.01528,0.00666,0.90661,0.07145
96.62500,0.24750,0.00049,0.00126,0.04809,0.95017
96.82500,0.24751,0.08738,0.00175,0.83557,0.07529
97.02500,0.24750,0.04329,0.01059,0.83685,0.10927
97.22500,0.24751,0.00014,0.00189,0.02922,0.96876
97.42500,0.24750,0.04626,0.00647,0.89569,0.05158
97.62500,0.24750,0.01429,0.00008,0.45680,0.52883
97.82500,0.24751,0.03583,0.00892,0.86239,0.09286
98.02500,0.24750,0.00010,0.00345,0.01151,0.98493
98.22500,0.24751,0.00024,0.00037,0.04109,0.95829
98.42500,0.24750,0.01953,0.00270,0.88925,0.08851
98.62500,0.24750,0.00072,0.01455,0.05930,0.92544
98.82500,0.24751,0.00115,0.00094,0.48867,0.50924
99.02500,0.24750,0.09675,0.00016,0.76741,0.13568
99.22500,0.24751,0.00031,0.00129,0.03253,0.96587
99.42500,0.24750,0.00081,0.00446,0.44364,0.55110
99.62500,0.24750,0.07823,0.00284,0.80903,0.10989
99.82500,0.24751,0.01596,0.00706,0.88036,0.09661
100.02500,0.24750,0.00878,0.00006,0.48398,0.50719
100.22500,0.24751,0.00003,0.00086,0.01846,0.98065
100.42500,0.24750,0.03146,0.00159,0.90261,0.06435
100.62500,0.24750,0.03046,0.01004,0.84343,0.11607
100.82500,0.24751,0.01182,0.00002,0.60826,0.37990
101.02500,0.24750,0.01546,0.00579,0.88959,0.08916
101.22500,0.24751,0.00023,0.00023,0.03952,0.96001
101.42500,0.24750,0.00011,0.00015,0.05081,0.94893
101.62500,0.24750,0.05161,0.00259,0.89325,0.05256
101.82500,0.24751,0.01572,0.00008,0.63688,0.34732
102.02500,0.24750,0.00088,0.00029,0.12307,0.87576
102.22500,0.24751,0.00829,0.00070,0.90974,0.08127
102.42500,0.24750,0.01173,0.00001,0.54227,0.44599
102.62500,0.24750,0.00470,0.00007,0.33365,0.66158
102.82500,0.24751,0.00237,0.00082,0.46911,0.52771
103.02500,0.24750,0.00019,0.00324,0.07935,0.91722
103.22500,0.24751,0.05795,0.00408,0.89159,0.04638
103.42500,0.24750,0.00282,0.03282,0.46550,0.49886
103.62500,0.24750,0.02588,0.00041,0.83005,0.14366
103.82500,0.24751,0.00029,0.00584,0.03067,0.96321
104.02500,0.24750,0.01982,0.00125,0.91679,0.06215
104.22500,0.24751,0.00027,0.01268,0.02973,0.95733
104.42500,0.24750,0.00104,0.00442,0.29911,0.69543
104.62500,0.24750,0.02720,0.01148,0.90375,0.05757
104.82500,0.24751,0.01055,0.00016,0.40177,0.58753
105.02500,0.24750,0.00149,0.00017,0.39123,0.60711
105.22500,0.24751,0.00009,0.00028,0.05023,0.94941
105.42500,0.24750,0.00096,0.00167,0.44938,0.54798
105.62500,0.24750,0.07528,0.00022,0.78931,0.13519
105.82500,0.24751,0.00034,0.00426,0.02134,0.97406
106.02500,0.24750,0.02213,0.00082,0.90495,0.07210
106.22500,0.24751,0.03235,0.00934,0.85209,0.10622
106.42500,0.24750,0.00034,0.00124,0.02747,0.97095
106.62500,0.24750,0.01761,0.00162,0.91330,0.06747
106.82500,0.24751,0.00029,0.01468,0.05467,0.93036
107.02500,0.24750,0.10032,0.00552,0.84416,0.05000
107.22500,0.24751,0.00688,0.00828,0.79549,0.18934
107.42500,0.24750,0.00367,0.00004,0.45606,0.54023
107.62500,0.24750,0.00125,0.02013,0.55008,0.42854
107.82500,0.24751,0.11171,0.00069,0.77297,0.11463
108.02500,0.24750,0.02111,0.00964,0.83456,0.13468
108.22500,0.24751,0.00573,0.00018,0.58788,0.40620
108.42500,0.24750,0.00274,0.00016,0.32906,0.66803
108.62500,0.24750,0.01160,0.00063,0.93444,0.05333
108.82500,0.24751,0.00038,0.00198,0.04074,0.95690
109.02500,0.24750,0.05160,0.00283,0.90107,0.04451
109.22500,0.24751,0.00122,0.01059,0.21608,0.77212
109.42500,0.24750,0.16884,0.00338,0.75032,0.07746
109.62500,0.24750,0.04654,0.01086,0.83337,0.10923
109.82500,0.24751,0.00026,0.01066,0.03632,0.95276
110.02500,0.24750,0.00635,0.00428,0.88109,0.10828
110.22500,0.24751,0.01209,0.00018,0.71261,0.27512
110.42500,0.24750,0.00068,0.00889,0.17774,0.81270
110.62500,0.24750,0.01199,0.00063,0.72649,0.26089
110.82500,0.24751,0.01220,0.00006,0.71651,0.27123
111.02500,0.24750,0.02119,0.00716,0.88531,0.08633
111.22500,0.24751,0.00019,0.00136,0.02559,0.97286
111.42500,0.24750,0.04278,0.00374,0.89448,0.05900
111.62500,0.24750,0.03185,0.00931,0.85070,0.10814
111.82500,0.24751,0.00051,0.00095,0.04969,0.94886
112.02500,0.24750,0.02391,0.00450,0.90434,0.06725
112.22500,0.24751,0.00214,0.00001,0.46344,0.53442
112.42500,0.24750,0.01853,0.00668,0.89228,0.08251
112.62500,0.24750,0.00027,0.00972,0.03248,0.95753
112.82500,0.24751,0.08343,0.00551,0.85046,0.06060
113.02500,0.24750,0.00821,0.00007,0.42876,0.56297
113.22500,0.24751,0.00270,0.00004,0.59073,0.40652
113.42500,0.24750,0.02158,0.00807,0.90013,0.07022
113.62500,0.24750,0.00052,0.00216,0.06855,0.92877
113.82500,0.24751,0.13378,0.00711,0.82632,0.03279
114.02500,0.24750,0.01543,0.00869,0.83969,0.13618
114.22500,0.24751,0.00297,0.00005,0.45766,0.53933
114.42500,0.24750,0.00002,0.00039,0.01862,0.98097
114.62500,0.24750,0.00850,0.00340,0.88604,0.10206
114.82500,0.24751,0.01995,0.00002,0.61917,0.36086
115.02500,0.24750,0.00017,0.00072,0.03271,0.96640
115.22500,0.24751,0.00829,0.00093,0.90594,0.08484
115.42500,0.24750,0.00024,0.00161,0.04393,0.95422
115.62500,0.24750,0.16781,0.00229,0.79454,0.03536
115.82500,0.24751,0.00045,0.00546,0.02300,0.97108
116.02500,0.24750,0.00643,0.00083,0.85583,0.13691
116.22500,0.24751,0.05108,0.00008,0.70081,0.24803
116.42500,0.24750,0.00719,0.00004,0.50764,0.48513
116.62500,0.24750,0.00027,0.00023,0.07773,0.92176
116.82500,0.24751,0.00100,0.00105,0.28663,0.71132
117.02500,0.24750,0.28911,0.00335,0.67004,0.03750
117.22500,0.24751,0.00782,0.00011,0.51595,0.47612
117.42500,0.24750,0.01483,0.00532,0.89608,0.08377
117.62500,0.24750,0.00068,0.00006,0.06454,0.93471
117.82500,0.24751,0.02984,0.00120,0.92637,0.04260
118.02500,0.24750,0.01027,0.00005,0.52424,0.46544
118.22500,0.24751,0.01477,0.00629,0.88312,0.09582
118.42500,0.24750,0.00021,0.00466,0.03570,0.95944
118.62500,0.24750,0.03522,0.00252,0.89745,0.06480
118.82500,0.24751,0.00475,0.01461,0.59967,0.38097
119.02500,0.24750,0.00032,0.00000,0.09315,0.90653
119.22500,0.24751,0.14669,0.00140,0.77750,0.07441
119.42500,0.24750,0.01502,0.00178,0.68092,0.30229
119.62500,0.24750,0.00016,0.00075,0.03793,0.96116
119.82500,0.24751,0.01703,0.00101,0.90169,0.08027
120.02500,0.24750,0.00037,0.00825,0.04230,0.94908
120.22500,0.24751,0.00032,0.00092,0.26543,0.73333
120.42500,0.24750,0.04462,0.00167,0.71627,0.23743
120.62500,0.24750,0.04293,0.00073,0.61722,0.33912
120.82500,0.24751,0.00022,0.00029,0.04988,0.94961
121.02500,0.24750,0.02645,0.00172,0.91442,0.05740
121.22500,0.24751,0.01825,0.00004,0.64243,0.33928
121.42500,0.24750,0.00636,0.00328,0.90258,0.08778
121.62500,0.24750,0.00104,0.00035,0.14007,0.85855
121.82500,0.24751,0.00015,0.00008,0.05217,0.94760
122.02500,0.24750,0.01493,0.00160,0.90457,0.07890
122.22500,0.24751,0.00029,0.00112,0.02868,0.96991
122.42500,0.24750,0.00181,0.00333,0.81547,0.17938
122.62500,0.24750,0.00593,0.00008,0.67195,0.32204
122.82500,0.24751,0.00028,0.00284,0.04824,0.94863
123.02500,0.24750,0.00057,0.00098,0.26966,0.72879
123.22500,0.24751,0.02693,0.00015,0.78721,0.18572
123.42500,0.24750,0.00019,0.00368,0.06196,0.93417
123.62500,0.24750,0.08391,0.00377,0.86636,0.04597
123.82500,0.24751,0.00032,0.00771,0.02306,0.96891
124.02500,0.24750,0.01686,0.00106,0.91548,0.06660
124.22500,0.24751,0.00375,0.00168,0.21961,0.77496
124.42500,0.24750,0.01506,0.00124,0.92514,0.05857
124.62500,0.24750,0.00065,0.00241,0.03307,0.96388
124.82500,0.24751,0.00043,0.00116,0.40372,0.59468
125.02500,0.24750,0.04463,0.00052,0.74783,0.20702
125.22500,0.24751,0.00037,0.02211,0.04618,0.93134
125.42500,0.24750,0.03103,0.00157,0.91736,0.05004
125.62500,0.24750,0.00354,0.01208,0.40757,0.57680
125.82500,0.24751,0.05317,0.00015,0.80630,0.14038
126.02500,0.24750,0.01311,0.00003,0.57770,0.40917
126.22500,0.24751,0.00007,0.00081,0.03356,0.96556
126.42500,0.24750,0.00080,0.00042,0.17232,0.82646
126.62500,0.24750,0.10452,0.00199,0.83231,0.06117
126.82500,0.24751,0.02308,0.01065,0.83684,0.12943
127.02500,0.24750,0.02863,0.00006,0.47530,0.49600
127.22500,0.24751,0.00016,0.00018,0.05530,0.94436
127.42500,0.24750,0.00711,0.00047,0.91590,0.07652
127.62500,0.24750,0.00016,0.02426,0.01941,0.95617
127.82500,0.24750,0.02176,0.00213,0.90349,0.07261
128.02499,0.24751,0.01736,0.00008,0.59401,0.38855
128.22501,0.24750,0.01489,0.00538,0.88858,0.09114
128.42500,0.24750,0.00581,0.02750,0.55428,0.41242
128.62500,0.24750,0.03530,0.00039,0.82821,0.13610
128.82500,0.24750,0.03337,0.00925,0.85179,0.10560
129.02499,0.24751,0.05569,0.01286,0.81258,0.11886
129.22501,0.24750,0.00992,0.00047,0.40097,0.58865
129.42500,0.24750,0.00017,0.00076,0.05326,0.94582
129.62500,0.24750,0.02309,0.00176,0.92089,0.05426
129.82500,0.24750,0.00676,0.00001,0.28603,0.70720
130.02499,0.24751,0.00016,0.00079,0.03689,0.96216
130.22501,0.24750,0.02869,0.00161,0.91245,0.05725
130.42500,0.24750,0.00019,0.00665,0.05909,0.93406
130.62500,0.24750,0.03869,0.00280,0.90867,0.04984
130.82500,0.24750,0.00018,0.00194,0.02487,0.97301
131.02499,0.24751,0.01424,0.00074,0.93666,0.04835
131.22501,0.24750,0.00071,0.00014,0.10165,0.89750
131.42500,0.24750,0.00166,0.00417,0.60219,0.39198
131.62500,0.24750,0.04890,0.00019,0.80963,0.14127
131.82500,0.24750,0.00039,0.00182,0.17696,0.82084
132.02499,0.24751,0.05494,0.00051,0.82567,0.11887
132.22501,0.24750,0.00008,0.00814,0.04154,0.95024
132.42500,0.24750,0.02368,0.00085,0.91349,0.06198
132.62500,0.24750,0.00216,0.00024,0.14048,0.85711
132.82500,0.24750,0.00010,0.00022,0.08873,0.91095
133.02499,0.24751,0.01384,0.00163,0.75343,0.23110
133.22501,0.24750,0.02223,0.00035,0.64296,0.33446
133.42500,0.24750,0.01488,0.00011,0.65710,0.32791
133.62500,0.24750,0.01021,0.00269,0.90499,0.08211
133.82500,0.24750,0.03406,0.01067,0.82844,0.12682
134.02499,0.24751,0.00619,0.00010,0.47864,0.51507
134.22501,0.24750,0.00877,0.00290,0.90402,0.08430
134.42500,0.24750,0.00283,0.00014,0.19052,0.80651
134.62500,0.24750,0.00047,0.00074,0.23207,0.76673
134.82500,0.24750,0.09728,0.00109,0.82920,0.07243
135.02499,0.24751,0.00017,0.00239,0.06231,0.93513
135.22501,0.24750,0.05996,0.00730,0.84686,0.08588
135.42500,0.24750,0.01657,0.00007,0.69896,0.28440
135.62500,0.24750,0.02323,0.00769,0.86697,0.10211
135.82500,0.24750,0.05524,0.01298,0.81386,0.11792
136.02499,0.24751,0.01015,0.00031,0.62370,0.36584
136.22501,0.24750,0.00019,0.00104,0.08520,0.91357
136.42500,0.24750,0.06810,0.00257,0.88432,0.04501
136.62500,0.24750,0.00893,0.00013,0.52972,0.46122
136.82500,0.24750,0.02796,0.00872,0.86371,0.09961
137.02499,0.24751,0.00034,0.00081,0.03212,0.96672
137.22501,0.24750,0.00738,0.00054,0.91631,0.07577
137.42500,0.24750,0.00903,0.00278,0.71162,0.27658
137.62500,0.24750,0.00037,0.00829,0.10347,0.88787
137.82500,0.24750,0.05537,0.00445,0.85846,0.08173
138.02499,0.24751,0.02533,0.00010,0.67745,0.29711
138.22501,0.24750,0.00015,0.00172,0.01867,0.97946
138.42500,0.24750,0.00030,0.00042,0.09977,0.89952
138.62500,0.24750,0.03484,0.00385,0.90933,0.05197
138.82500,0.24750,0.00026,0.00228,0.03004,0.96742
139.02499,0.24751,0.06723,0.00235,0.88365,0.04677
139.22501,0.24750,0.01618,0.01016,0.82696,0.14670
139.42500,0.24750,0.02599,0.00010,0.46621,0.50770
139.62500,0.24750,0.00085,0.00000,0.36856,0.63059
139.82500,0.24750,0.00010,0.00021,0.06225,0.93744
140.02499,0.24751,0.03866,0.00272,0.90782,0.05081
140.22501,0.24750,0.00038,0.00314,0.01973,0.97675
140.42500,0.24750,0.00018,0.00030,0.10256,0.89695
140.62500,0.24750,0.02825,0.00200,0.90500,0.06475
140.82500,0.24750,0.00973,0.00012,0.71214,0.27801
141.02499,0.24751,0.00071,0.00289,0.13499,0.86141
141.22501,0.24750,0.00014,0.00269,0.05042,0.94676
141.42500,0.24750,0.00189,0.00093,0.21368,0.78349
141.62500,0.24750,0.04263,0.00273,0.88366,0.07098
141.82500,0.24750,0.00013,0.00244,0.02123,0.97620
142.02499,0.24751,0.00158,0.00031,0.49776,0.50036
142.22501,0.24750,0.01403,0.00001,0.77140,0.21456
142.42500,0.24750,0.00020,0.00274,0.04849,0.94857
142.62500,0.24750,0.12894,0.00343,0.83095,0.03668
142.82500,0.24750,0.00021,0.00467,0.03133,0.96379
143.02499,0.24751,0.02657,0.00194,0.91453,0.05697
143.22501,0.24750,0.00052,0.02161,0.05919,0.91867
143.42500,0.24750,0.05450,0.00271,0.89743,0.04536
143.62500,0.24750,0.00567,0.01849,0.65813,0.31771
143.82500,0.24750,0.03672,0.00013,0.74188,0.22127
144.02499,0.24751,0.01212,0.00584,0.90961,0.07243
144.22501,0.24750,0.00015,0.00104,0.02549,0.97332
144.42500,0.24750,0.02337,0.00317,0.88798,0.08548
144.62500,0.24750,0.00029,0.00979,0.03514,0.95478
144.82500,0.24750,0.01555,0.00238,0.92940,0.05268
145.02499,0.24751,0.00013,0.00147,0.01759,0.98081
145.22501,0.24750,0.05586,0.00269,0.87619,0.06525
145.42500,0.24750,0.04458,0.01072,0.83678,0.10792
145.62500,0.24750,0.00015,0.00199,0.02259,0.97526
145.82500,0.24750,0.00050,0.00081,0.14087,0.85783
146.02499,0.24751,0.03590,0.00120,0.91412,0.04878
146.22501,0.24750,0.00177,0.00047,0.15507,0.84269
146.42500,0.24750,0.00019,0.00057,0.04412,0.95512
146.62500,0.24750,0.02224,0.00154,0.91748,0.05874
146.82500,0.24750,0.00026,0.00728,0.01704,0.97543
147.02499,0.24751,0.01696,0.00209,0.87799,0.10296
147.22501,0.24750,0.00344,0.00022,0.25065,0.74569
147.42500,0.24750,0.00152,0.00000,0.41242,0.58607
147.62500,0.24750,0.00024,0.00064,0.10561,0.89351
147.82500,0.24750,0.06410,0.00097,0.86743,0.06750
148.02499,0.24751,0.00910,0.00787,0.84151,0.14152
148.22501,0.24750,0.00059,0.00204,0.07073,0.92664
148.42500,0.24750,0.00167,0.00084,0.90507,0.09242
148.62500,0.24750,0.02237,0.00004,0.62780,0.34979
148.82500,0.24750,0.00008,0.00037,0.04912,0.95043
149.02499,0.24751,0.04357,0.00518,0.89052,0.06074
149.22501,0.24750,0.00146,0.00004,0.21744,0.78106
149.42500,0.24750,0.00059,0.00224,0.68735,0.30982
149.62500,0.24750,0.03709,0.00007,0.76697,0.19586
149.82500,0.24750,0.00096,0.02233,0.37967,0.59705
150.02499,0.24751,0.01698,0.00007,0.82366,0.15928
150.22501,0.24750,0.00013,0.00496,0.03967,0.95525
150.42500,0.24750,0.00167,0.00133,0.26363,0.73337
150.62500,0.24750,0.01092,0.00021,0.81183,0.17703
150.82500,0.24750,0.01468,0.00003,0.71695,0.26834
151.02499,0.24751,0.00012,0.00028,0.04089,0.95871
151.22501,0.24750,0.01473,0.00074,0.93166,0.05287
151.42500,0.24750,0.00428,0.00030,0.32389,0.67153
151.62500,0.24750,0.00019,0.00189,0.09206,0.90585
151.82500,0.24750,0.04662,0.00249,0.90272,0.04817
152.02499,0.24751,0.00405,0.01224,0.71439,0.26931
152.22501,0.24750,0.02624,0.00041,0.64072,0.33263
152.42500,0.24750,0.00793,0.00008,0.60969,0.38230
152.62500,0.24750,0.01957,0.00327,0.88756,0.08960
152.82500,0.24750,0.00034,0.00081,0.10759,0.89127
153.02499,0.24751,0.11780,0.00049,0.80701,0.07470
153.22501,0.24750,0.03582,0.00952,0.84782,0.10685
153.42500,0.24750,0.00884,0.00001,0.56520,0.42596
153.62500,0.24750,0.00064,0.00523,0.03104,0.96310
153.82500,0.24750,0.01986,0.00110,0.88628,0.09277
154.02499,0.24751,0.00017,0.00246,0.07339,0.92398
154.22501,0.24750,0.03820,0.00029,0.89118,0.07033
154.42500,0.24750,0.00502,0.00028,0.37240,0.62231
154.62500,0.24750,0.00019,0.00016,0.03661,0.96304
154.82500,0.24750,0.00133,0.00888,0.32045,0.66933
155.02499,0.24751,0.07641,0.00322,0.80685,0.11352
155.22501,0.24750,0.02503,0.00719,0.88866,0.07913
155.42500,0.24750,0.00006,0.00063,0.01876,0.98055
155.62500,0.24750,0.02922,0.00323,0.89013,0.07742
155.82500,0.24750,0.04241,0.01017,0.84189,0.10553
156.02499,0.24751,0.00465,0.00084,0.30778,0.68672
156.22501,0.24750,0.01253,0.00697,0.90323,0.07727
156.42500,0.24750,0.00849,0.00003,0.64486,0.34662
156.62500,0.24750,0.02796,0.00754,0.88334,0.08117
156.82500,0.24750,0.00093,0.00680,0.07340,0.91887
157.02499,0.24751,0.03750,0.00398,0.91301,0.04551
157.22501,0.24750,0.04236,0.01024,0.84234,0.10506
157.42500,0.24750,0.01013,0.00023,0.62880,0.36083
157.62500,0.24750,0.00127,0.00504,0.39767,0.59603
157.82500,0.24750,0.03938,0.00016,0.80281,0.15765
158.02499,0.24751,0.00022,0.00213,0.02849,0.96915
158.22501,0.24750,0.03837,0.00228,0.89452,0.06484
158.42500,0.24750,0.00051,0.00450,0.02412,0.97086
158.62500,0.24750,0.04031,0.00149,0.88484,0.07336
158.82500,0.24750,0.00018,0.00424,0.01640,0.97918
159.02499,0.24751,0.00237,0.00117,0.57887,0.41759
159.22501,0.24750,0.03441,0.00003,0.80175,0.16381
159.42500,0.24750,0.01389,0.01310,0.78673,0.18627
159.62500,0.24750,0.02142,0.00039,0.65200,0.32618
159.82500,0.24750,0.01255,0.00446,0.89927,0.08372
160.02499,0.24751,0.00272,0.00017,0.10597,0.89114
160.22501,0.24750,0.00033,0.00039,0.16961,0.82967
160.42500,0.24750,0.03660,0.00212,0.89134,0.06993
160.62500,0.24750,0.02614,0.00863,0.85733,0.10790
160.82500,0.24750,0.01144,0.00123,0.37917,0.60815
161.02499,0.24751,0.00024,0.00063,0.15660,0.84253
161.22501,0.24750,0.03787,0.00097,0.88704,0.07411
161.42500,0.24750,0.00029,0.00089,0.19770,0.80112
161.62500,0.24750,0.05491,0.00017,0.82931,0.11562
161.82500,0.24750,0.00384,0.00814,0.79301,0.19502
162.02499,0.24751,0.00647,0.00005,0.61681,0.37668
162.22501,0.24750,0.00113,0.00243,0.13462,0.86183
162.42500,0.24750,0.01480,0.00092,0.91161,0.07267
162.62500,0.24750,0.00103,0.00012,0.08039,0.91846
162.82500,0.24750,0.03321,0.00329,0.91545,0.04806
163.02499,0.24751,0.01253,0.00384,0.68397,0.29966
163.22501,0.24750,0.00689,0.01417,0.74589,0.23305
163.42500,0.24750,0.01121,0.00006,0.68522,0.30351
163.62500,0.24750,0.00025,0.00855,0.13838,0.85282
163.82500,0.24750,0.00751,0.00221,0.92685,0.06343
164.02499,0.24751,0.01561,0.00013,0.55151,0.43275
164.22501,0.24750,0.00010,0.00476,0.02813,0.96701
164.42500,0.24750,0.02355,0.00168,0.91099,0.06378
164.62500,0.24750,0.00040,0.00165,0.09882,0.89913
164.82500,0.24750,0.08631,0.00120,0.85346,0.05903
165.02499,0.24751,0.02465,0.00777,0.86502,0.10255
165.22501,0.24750,0.00941,0.01678,0.58704,0.38676
165.42500,0.24750,0.06038,0.00005,0.76147,0.17810
165.62500,0.24750,0.02343,0.00016,0.60615,0.37026
165.82500,0.24750,0.00407,0.00313,0.60554,0.38726
166.02499,0.24751,0.00012,0.00099,0.03822,0.96068
166.22501,0.24750,0.00086,0.00026,0.28352,0.71536
166.42500,0.24750,0.08912,0.00022,0.83936,0.07129
166.62500,0.24750,0.00103,0.02088,0.36371,0.61438
166.82500,0.24750,0.06015,0.00141,0.80061,0.13784
167.02499,0.24751,0.00657,0.00010,0.49911,0.49423
167.22501,0.24750,0.00048,0.00191,0.67619,0.32142
167.42500,0.24750,0.00863,0.00000,0.71744,0.27392
167.62500,0.24750,0.00303,0.00000,0.53297,0.46400
167.82500,0.24750,0.01590,0.00690,0.87328,0.10392
168.02499,0.24751,0.00069,0.01375,0.18761,0.79796
168.22501,0.24750,0.09189,0.00321,0.78211,0.12279
168.42500,0.24750,0.01867,0.00661,0.89389,0.08083
168.62500,0.24750,0.00077,0.00142,0.12840,0.86941
168.82500,0.24750,0.15018,0.00075,0.77155,0.07752
169.02499,0.24751,0.00029,0.00572,0.05852,0.93547
169.22501,0.24750,0.00062,0.00053,0.53638,0.46247
169.42500,0.24750,0.00869,0.00004,0.69267,0.29860
169.62500,0.24750,0.02163,0.00010,0.69257,0.28570
169.82500,0.24750,0.01874,0.00555,0.89014,0.08557
170.02499,0.24751,0.00135,0.00048,0.08288,0.91528
170.22501,0.24750,0.00024,0.00051,0.03996,0.95928
170.42500,0.24750,0.00050,0.00069,0.14448,0.85433
170.62500,0.24750,0.04940,0.00164,0.85910,0.08985
170.82500,0.24750,0.00554,0.00005,0.58397,0.41044
171.02499,0.24751,0.00067,0.00380,0.69702,0.29851
171.22501,0.24750,0.04636,0.00004,0.78230,0.17130
171.42500,0.24750,0.00073,0.00473,0.14935,0.84519
171.62500,0.24750,0.10084,0.00364,0.83772,0.05780
171.82500,0.24750,0.02375,0.00820,0.86346,0.10458
172.02499,0.24751,0.00058,0.00556,0.02393,0.96994
172.22501,0.24750,0.00044,0.00057,0.23545,0.76354
172.42500,0.24750,0.09009,0.00286,0.84155,0.06550
172.62500,0.24750,0.01273,0.00862,0.83536,0.14330
172.82500,0.24750,0.00984,0.00013,0.67319,0.31685
173.02499,0.24751,0.00008,0.00474,0.02478,0.97040
173.22501,0.24750,0.01690,0.00056,0.91284,0.06970
173.42500,0.24750,0.01295,0.01603,0.76111,0.20990
173.62500,0.24750,0.02013,0.00024,0.75813,0.22150
173.82500,0.24750,0.02221,0.00736,0.87256,0.09788
174.02499,0.24751,0.00387,0.01293,0.34638,0.63682
174.22501,0.24750,0.00036,0.00346,0.04243,0.95375
174.42500,0.24750,0.00042,0.00107,0.12678,0.87172
174.62500,0.24750,0.03620,0.00255,0.89814,0.06312
174.82500,0.24750,0.00919,0.00013,0.56409,0.42659
175.02499,0.24751,0.00082,0.00699,0.04650,0.94569
175.22501,0.24750,0.00739,0.00061,0.91172,0.08028
175.42500,0.24750,0.04150,0.00999,0.84397,0.10453
175.62500,0.24750,0.00016,0.00059,0.05826,0.94099
175.82500,0.24750,0.09101,0.00046,0.83995,0.06858
176.02499,0.24751,0.01246,0.00555,0.88329,0.09869
176.22501,0.24750,0.04902,0.01222,0.82356,0.11519
176.42500,0.24750,0.00508,0.00003,0.43341,0.56148
176.62500,0.24750,0.00296,0.00001,0.40709,0.58995
176.82500,0.24750,0.00018,0.00006,0.16780,0.83196
177.02499,0.24751,0.01161,0.00547,0.71385,0.26907
177.22501,0.24750,0.05989,0.00063,0.74887,0.19060
177.42500,0.24750,0.00121,0.00795,0.62592,0.36493
177.62500,0.24750,0.01627,0.00003,0.76512,0.21858
177.82500,0.24750,0.00685,0.00060,0.73417,0.25839
178.02499,0.24751,0.00250,0.00003,0.46054,0.53693
178.22501,0.24750,0.00034,0.00233,0.04444,0.95289
178.42500,0.24750,0.01755,0.00069,0.91153,0.07022
178.62500,0.24750,0.00296,0.00001,0.29307,0.70396
178.82500,0.24750,0.00483,0.00010,0.93295,0.06212
179.02499,0.24751,0.04708,0.01041,0.84128,0.10123
179.22501,0.24750,0.00024,0.00271,0.01931,0.97774
179.42500,0.24750,0.01745,0.00101,0.92595,0.05559
179.62500,0.24750,0.00070,0.00670,0.13755,0.85506
179.82500,0.24750,0.05566,0.00108,0.84803,0.09523
180.02499,0.24751,0.01099,0.01121,0.79269,0.18510
180.22501,0.24750,0.00291,0.00001,0.57930,0.41778
180.42500,0.24750,0.00081,0.00072,0.11606,0.88241
180.62500,0.24750,0.01020,0.00088,0.87847,0.11046
180.82500,0.24750,0.00023,0.00154,0.02258,0.97565
181.02499,0.24751,0.01201,0.00118,0.89943,0.08738
181.22501,0.24750,0.00600,0.00003,0.51044,0.48353
181.42500,0.24750,0.00976,0.00277,0.90320,0.08427
181.62500,0.24750,0.00037,0.00684,0.04434,0.94845
181.82500,0.24750,0.03121,0.00174,0.92237,0.04468
182.02499,0.24751,0.04377,0.01069,0.83620,0.10934
182.22501,0.24750,0.00032,0.01979,0.04362,0.93628
182.42500,0.24750,0.00483,0.00229,0.90714,0.08574
182.62500,0.24750,0.00653,0.00002,0.62627,0.36718
182.82500,0.24750,0.01193,0.00720,0.87854,0.10233
183.02499,0.24751,0.01196,0.00006,0.50014,0.48784
183.22501,0.24750,0.00009,0.00130,0.02893,0.96969
183.42500,0.24750,0.03462,0.00402,0.88725,0.07410
183.62500,0.24750,0.01635,0.01139,0.82911,0.14314
183.82500,0.24750,0.00905,0.00001,0.52704,0.46389
184.02499,0.24751,0.00678,0.00013,0.50412,0.48898
184.22501,0.24750,0.01599,0.00523,0.89512,0.08366
184.42500,0.24750,0.00913,0.01628,0.73362,0.24097
184.62500,0.24750,0.05339,0.00084,0.71637,0.22941
184.82500,0.24750,0.01190,0.00579,0.88181,0.10051
185.02499,0.24751,0.00067,0.01689,0.30765,0.67480
185.22501,0.24750,0.04911,0.00093,0.74762,0.20234
185.42500,0.24750,0.00183,0.00054,0.24927,0.74836
185.62500,0.24750,0.01410,0.00115,0.92837,0.05638
185.82500,0.24750,0.00025,0.00743,0.02425,0.96808
186.02499,0.24751,0.00045,0.00091,0.11971,0.87892
186.22501,0.24750,0.09312,0.00186,0.82659,0.07843
186.42500,0.24750,0.01138,0.00675,0.88632,0.09554
186.62500,0.24750,0.00511,0.00021,0.54175,0.45293
186.82500,0.24750,0.00132,0.00051,0.15573,0.84245
187.02499,0.24751,0.00278,0.00259,0.82034,0.17428
187.22501,0.24750,0.06969,0.00083,0.55642,0.37307
187.42500,0.24750,0.00967,0.00126,0.91671,0.07236
187.62500,0.24750,0.01549,0.00055,0.64423,0.33973
187.82500,0.24750,0.02027,0.00739,0.87636,0.09598
188.02499,0.24751,0.00103,0.00524,0.24689,0.74683
188.22501,0.24750,0.02499,0.00010,0.78735,0.18757
188.42500,0.24750,0.00215,0.01446,0.71229,0.27110
188.62500,0.24750,0.01590,0.00031,0.81709,0.16669
188.82500,0.24750,0.03149,0.00824,0.86663,0.09364
189.02499,0.24751,0.00380,0.03279,0.51555,0.44786
189.22501,0.24750,0.06776,0.00136,0.75404,0.17684
189.42500,0.24750,0.00114,0.00001,0.44261,0.55624
189.62500,0.24750,0.01943,0.00092,0.91560,0.06405
189.82500,0.24750,0.00037,0.00645,0.04377,0.94942
190.02499,0.24751,0.02723,0.00133,0.90911,0.06233
190.22501,0.24750,0.04066,0.01072,0.83523,0.11339
190.42500,0.24750,0.02055,0.00014,0.49260,0.48672
190.62500,0.24750,0.00041,0.00443,0.13888,0.85627
190.82500,0.24750,0.02212,0.00031,0.90177,0.07580
191.02499,0.24751,0.03236,0.00005,0.57915,0.38844
191.22501,0.24750,0.00101,0.01213,0.60258,0.38428
191.42500,0.24750,0.03558,0.00005,0.77220,0.19217
191.62500,0.24750,0.00043,0.00457,0.23531,0.75969
191.82500,0.24750,0.09377,0.00018,0.76314,0.14291
192.02499,0.24751,0.00352,0.00059,0.35270,0.64319
192.22501,0.24750,0.01213,0.00711,0.90665,0.07411
192.42500,0.24750,0.00162,0.02664,0.37859,0.59315
192.62500,0.24750,0.01769,0.00041,0.81877,0.16313
192.82500,0.24750,0.00726,0.00002,0.54564,0.44708
193.02499,0.24751,0.02305,0.00708,0.88927,0.08060
193.22501,0.24750,0.00563,0.00049,0.14394,0.84993
193.42500,0.24750,0.00014,0.00208,0.06203,0.93575
193.62500,0.24750,0.05261,0.00322,0.88622,0.05794
193.82500,0.24750,0.00452,0.01346,0.57353,0.40849
194.02499,0.24751,0.06131,0.00013,0.75131,0.18725
194.22501,0.24750,0.00772,0.00442,0.90649,0.08137
194.42500,0.24750,0.00078,0.00015,0.06949,0.92958
194.62500,0.24750,0.00022,0.00011,0.17222,0.82746
194.82500,0.24750,0.04861,0.00087,0.87777,0.07275
195.02499,0.24751,0.02264,0.00719,0.87607,0.09409
195.22501,0.24750,0.00028,0.00789,0.01712,0.97471
195.42500,0.24750,0.02764,0.00100,0.91463,0.05674
195.62500,0.24750,0.00024,0.00247,0.03743,0.95986
195.82500,0.24750,0.00130,0.00382,0.32410,0.67079
196.02499,0.24751,0.04789,0.00220,0.84603,0.10388
196.22501,0.24750,0.00479,0.00001,0.50839,0.48680
196.42500,0.24750,0.00014,0.00048,0.08335,0.91603
196.62500,0.24750,0.02932,0.00192,0.91428,0.05448
196.82500,0.24750,0.00040,0.00203,0.14262,0.85495
197.02499,0.24751,0.04610,0.00052,0.82285,0.13053
197.22501,0.24750,0.00010,0.00235,0.02720,0.97034
197.42500,0.24750,0.00118,0.00160,0.73645,0.26076
197.62500,0.24750,0.02941,0.00013,0.83154,0.13892
197.82500,0.24750,0.01601,0.00653,0.87397,0.10349
198.02499,0.24751,0.06239,0.01188,0.81839,0.10734
198.22501,0.24750,0.00019,0.00191,0.01961,0.97829
198.42500,0.24750,0.00042,0.00059,0.07956,0.91943
198.62500,0.24750,0.04662,0.00311,0.88651,0.06376
198.82500,0.24750,0.00039,0.01159,0.11625,0.87177
199.02499,0.24751,0.10476,0.00141,0.81508,0.07876
199.22501,0.24750,0.00064,0.01577,0.14925,0.83434
199.42500,0.24750,0.08188,0.01265,0.86129,0.04417
199.62500,0.24750,0.00019,0.00177,0.01722,0.98083
199.82500,0.24750,0.03072,0.00382,0.87762,0.08783
200.02499,0.24751,0.00479,0.00349,0.17725,0.81447
200.22501,0.24750,0.00810,0.00137,0.92615,0.06438
200.42500,0.24750,0.00871,0.00004,0.54268,0.44857
200.62500,0.24750,0.01186,0.00543,0.89427,0.08845
200.82500,0.24750,0.01093,0.00018,0.46830,0.52059
201.02499,0.24751,0.00017,0.00229,0.03858,0.95896
201.22501,0.24750,0.00053,0.00204,0.08505,0.91238
201.42500,0.24750,0.04237,0.00107,0.91205,0.04451
201.62500,0.24750,0.00022,0.00294,0.03801,0.95883
201.82500,0.24750,0.02146,0.00240,0.92539,0.05076
202.02499,0.24751,0.01106,0.00028,0.66400,0.32466
202.22501,0.24750,0.00701,0.00916,0.81912,0.16471
202.42500,0.24750,0.00437,0.00007,0.57750,0.41806
202.62500,0.24750,0.00011,0.00174,0.02967,0.96848
202.82500,0.24750,0.04937,0.00169,0.89796,0.05097
203.02499,0.24751,0.00012,0.00419,0.02837,0.96732
203.22501,0.24750,0.00224,0.00144,0.45700,0.53933
203.42500,0.24750,0.10876,0.00199,0.80270,0.08655
203.62500,0.24750,0.00096,0.00275,0.07359,0.92270
203.82500,0.24750,0.00024,0.00088,0.18299,0.81589
204.02499,0.24751,0.02987,0.00011,0.88139,0.08863
204.22501,0.24750,0.00382,0.00618,0.82845,0.16155
204.42500,0.24750,0.00339,0.00002,0.51749,0.47910
204.62500,0.24750,0.00035,0.00295,0.10922,0.88749
204.82500,0.24750,0.01914,0.00171,0.92423,0.05492
205.02499,0.24751,0.00027,0.00433,0.03002,0.96537
205.22501,0.24750,0.00014,0.00061,0.06394,0.93531
205.42500,0.24750,0.01040,0.00155,0.89852,0.08953
205.62500,0.24750,0.00467,0.00003,0.40610,0.58920
205.82500,0.24750,0.00039,0.00327,0.56461,0.43173
206.02499,0.24751,0.02857,0.00054,0.87403,0.09687
206.22501,0.24750,0.00019,0.00386,0.02110,0.97485
206.42500,0.24750,0.01107,0.00088,0.91276,0.07528
206.62500,0.24750,0.00937,0.00003,0.58053,0.41008
206.82500,0.24750,0.01273,0.00509,0.88993,0.09225
207.02499,0.24751,0.04066,0.01271,0.81955,0.12708
207.22501,0.24750,0.01456,0.00001,0.57484,0.41059
207.42500,0.24750,0.03112,0.00911,0.85172,0.10805
207.62500,0.24750,0.00488,0.00018,0.27863,0.71630
207.82500,0.24750,0.00054,0.00271,0.41248,0.58427
208.02499,0.24751,0.09009,0.00458,0.75679,0.14854
208.22501,0.24750,0.00538,0.00579,0.88991,0.09892
208.42500,0.24750,0.00527,0.00003,0.37038,0.62432
208.62500,0.24750,0.00027,0.00114,0.06114,0.93745
208.82500,0.24750,0.00602,0.00045,0.91834,0.07519
209.02499,0.24751,0.00010,0.00270,0.02096,0.97624
209.22501,0.24750,0.00354,0.00124,0.85865,0.13657
209.42500,0.24750,0.02154,0.00011,0.67768,0.30068
209.62500,0.24750,0.00005,0.00072,0.02874,0.97049
209.82500,0.24750,0.01279,0.00940,0.78422,0.19359
210.02499,0.24751,0.05082,0.00103,0.72336,0.22479
210.22501,0.24750,0.00099,0.01955,0.18664,0.79281
210.42500,0.24750,0.06990,0.00800,0.87871,0.04339
210.62500,0.24750,0.00870,0.00955,0.80685,0.17490
210.82500,0.24750,0.01021,0.00203,0.70423,0.28353
211.02499,0.24751,0.00038,0.00024,0.14041,0.85897
211.22501,0.24750,0.00591,0.00095,0.92638,0.06676
211.42500,0.24750,0.00004,0.00173,0.01846,0.97976
211.62500,0.24750,0.00400,0.00904,0.68051,0.30646
211.82500,0.24750,0.03273,0.00011,0.77663,0.19053
212.02499,0.24751,0.00010,0.00125,0.06016,0.93849
212.22501,0.24750,0.04944,0.00210,0.89193,0.05653
212.42500,0.24750,0.00558,0.00122,0.25578,0.73743
212.62500,0.24750,0.00806,0.00089,0.92972,0.06133
212.82500,0.24750,0.00397,0.00003,0.41305,0.58295
213.02499,0.24751,0.00009,0.00166,0.03021,0.96804
213.22501,0.24750,0.04417,0.00170,0.89768,0.05645
213.42500,0.24750,0.00893,0.01649,0.67179,0.30279
213.62500,0.24750,0.00276,0.00003,0.71440,0.28282
213.82500,0.24750,0.00783,0.00005,0.66063,0.33148
214.02499,0.24751,0.01286,0.00002,0.71839,0.26873
214.22501,0.24750,0.00016,0.00026,0.09303,0.90655
214.42500,0.24750,0.00811,0.00099,0.92265,0.06825
214.62500,0.24750,0.03143,0.00963,0.84881,0.11013
214.82500,0.24750,0.00547,0.00011,0.30937,0.68505
215.02499,0.24751,0.00123,0.00098,0.18852,0.80927
215.22501,0.24750,0.02040,0.00337,0.91755,0.05868
215.42500,0.24750,0.00015,0.00334,0.02469,0.97182
215.62500,0.24750,0.02631,0.00178,0.91228,0.05964
215.82500,0.24750,0.00272,0.00028,0.22205,0.77495
216.02499,0.24751,0.00119,0.00051,0.65431,0.34399
216.22501,0.24750,0.02270,0.00004,0.77338,0.20388
216.42500,0.24750,0.00152,0.00853,0.23465,0.75531
216.62500,0.24750,0.06826,0.00930,0.86661,0.05583
216.82500,0.24750,0.00022,0.00113,0.04066,0.95799
217.02499,0.24751,0.03456,0.00542,0.86558,0.09444
217.22501,0.24750,0.00598,0.00196,0.60736,0.38469
217.42500,0.24750,0.00907,0.00470,0.90316,0.08307
217.62500,0.24750,0.00010,0.00100,0.01739,0.98151
217.82500,0.24750,0.04713,0.00237,0.87560,0.07490
218.02499,0.24751,0.00457,0.01617,0.70499,0.27426
218.22501,0.24750,0.05140,0.00201,0.69479,0.25180
218.42500,0.24750,0.00004,0.00329,0.03113,0.96554
218.62500,0.24750,0.02663,0.00192,0.89770,0.07374
218.82500,0.24750,0.02056,0.00005,0.57304,0.40636
219.02499,0.24751,0.01298,0.00859,0.85163,0.12680
219.22501,0.24750,0.01076,0.00015,0.67820,0.31089
219.42500,0.24750,0.02022,0.00772,0.86592,0.10614
219.62500,0.24750,0.01041,0.00004,0.60855,0.38100
219.82500,0.24750,0.01574,0.00615,0.88012,0.09799
220.02499,0.24751,0.00734,0.01105,0.77031,0.21130
220.22501,0.24750,0.01918,0.00033,0.61889,0.36160
220.42500,0.24750,0.00429,0.00005,0.47840,0.51726
220.62500,0.24750,0.00099,0.00166,0.80443,0.19292
220.82500,0.24750,0.04414,0.00048,0.76847,0.18691
221.02499,0.24751,0.00097,0.03368,0.09612,0.86923
221.22501,0.24750,0.04662,0.00078,0.90937,0.04324
221.42500,0.24750,0.01772,0.01226,0.79738,0.17265
221.62500,0.24750,0.00197,0.00002,0.58784,0.41017
221.82500,0.24750,0.02163,0.00695,0.89668,0.07473
222.02499,0.24751,0.00034,0.00494,0.01976,0.97495
222.22501,0.24750,0.02280,0.00113,0.91234,0.06372
222.42500,0.24750,0.00022,0.00364,0.02051,0.97562
222.62500,0.24750,0.02311,0.00191,0.89653,0.07845
222.82500,0.24750,0.00390,0.00061,0.36016,0.63533
223.02499,0.24751,0.00026,0.00103,0.16623,0.83248
223.22501,0.24750,0.09624,0.00280,0.84576,0.05520
223.42500,0.24750,0.00036,0.01923,0.03628,0.94413
223.62500,0.24750,0.04166,0.00330,0.90047,0.05456
223.82500,0.24750,0.00121,0.00174,0.13003,0.86701
224.02499,0.24751,0.09158,0.00095,0.83761,0.06986
224.22501,0.24750,0.02517,0.00862,0.85357,0.11263
224.42500,0.24750,0.00955,0.00013,0.53416,0.45616
224.62500,0.24750,0.00261,0.01066,0.76236,0.22436
224.82500,0.24750,0.01594,0.00035,0.74750,0.23620
225.02499,0.24751,0.02519,0.00006,0.35881,0.61595
225.22501,0.24750,0.01139,0.00042,0.90433,0.08387
225.42500,0.24750,0.01275,0.00008,0.64511,0.34205
225.62500,0.24750,0.00873,0.00659,0.87260,0.11208
225.82500,0.24750,0.00129,0.00009,0.19231,0.80631
226.02499,0.24751,0.00549,0.00073,0.93191,0.06187
226.22501,0.24750,0.00014,0.00515,0.02085,0.97386
226.42500,0.24750,0.00948,0.00110,0.90954,0.07989
226.62500,0.24750,0.01941,0.00684,0.88613,0.08762
226.82500,0.24750,0.00028,0.00722,0.03265,0.95984
227.02499,0.24751,0.00575,0.00739,0.75529,0.23157
227.22501,0.24750,0.00903,0.00281,0.87957,0.10858
227.42500,0.24750,0.00920,0.00755,0.85394,0.12931
227.62500,0.24750,0.00182,0.00001,0.47841,0.51976
227.82500,0.24750,0.02089,0.00004,0.69649,0.28257
228.02499,0.24751,0.00440,0.00007,0.46948,0.52604
228.22501,0.24750,0.00010,0.00358,0.06361,0.93271
228.42500,0.24750,0.06727,0.00378,0.88256,0.04639
228.62500,0.24750,0.00522,0.00390,0.58002,0.41085
228.82500,0.24750,0.01326,0.00643,0.90024,0.08007
229.02499,0.24751,0.00024,0.01201,0.02451,0.96324
229.22501,0.24750,0.01894,0.00101,0.91299,0.06706
229.42500,0.24750,0.00043,0.00637,0.02357,0.96963
229.62500,0.24750,0.00594,0.00204,0.82441,0.16761
229.82500,0.24750,0.01750,0.00005,0.73601,0.24644
230.02499,0.24751,0.00223,0.01155,0.72169,0.26453
230.22501,0.24750,0.01059,0.00032,0.82138,0.16771
230.42500,0.24750,0.02980,0.00844,0.86327,0.09849
230.62500,0.24750,0.00020,0.00043,0.02201,0.97736
230.82500,0.24750,0.00144,0.00138,0.22902,0.76815
231.02499,0.24751,0.12588,0.00178,0.78638,0.08596
231.22501,0.24750,0.00083,0.00070,0.04383,0.95464
231.42500,0.24750,0.00283,0.00003,0.51256,0.48459
231.62500,0.24750,0.01412,0.00139,0.92609,0.05841
231.82500,0.24750,0.01262,0.01072,0.82038,0.15627
232.02499,0.24751,0.00260,0.00004,0.30897,0.68839
232.22501,0.24750,0.00054,0.00034,0.78012,0.21900
232.42500,0.24750,0.03014,0.00014,0.82434,0.14538
232.62500,0.24750,0.03976,0.01019,0.84250,0.10755
232.82500,0.24750,0.00799,0.00025,0.64395,0.34781
233.02499,0.24751,0.02231,0.00793,0.86733,0.10243
233.22501,0.24750,0.00113,0.00485,0.03539,0.95863
233.42500,0.24750,0.00693,0.00095,0.88826,0.10386
233.62500,0.24750,0.02150,0.00024,0.69046,0.28780
233.82500,0.24750,0.00040,0.00243,0.11318,0.88400
234.02499,0.24751,0.10762,0.00326,0.84035,0.04877
234.22501,0.24750,0.00070,0.00200,0.06305,0.93426
234.42500,0.24750,0.00231,0.00340,0.71837,0.27591
234.62500,0.24750,0.03389,0.00011,0.79219,0.17381
234.82500,0.24750,0.00014,0.00457,0.01754,0.97775
