Time (seconds), Duration (seconds),pred_(unlabeled),pred_imbalance,pred_working,pred_impact
0.00000,3.01194,1.00000,0.00000,0.00000,0.00000
0.20000,3.01194,0.99999,0.00000,0.00000,0.00001
0.40000,3.01194,0.99998,0.00001,0.00000,0.00001
0.60000,3.01194,0.99998,0.00001,0.00000,0.00001
0.80000,3.01194,0.99998,0.00001,0.00000,0.00001
1.00000,3.01194,0.99998,0.00001,0.00000,0.00001
1.20000,3.01194,0.99998,0.00001,0.00000,0.00001
1.40000,3.01194,0.99998,0.00001,0.00000,0.00001
1.60000,3.01194,0.99999,0.00001,0.00000,0.00001
1.80000,3.01194,0.99998,0.00001,0.00000,0.00001
2.00000,3.01194,0.99998,0.00001,0.00000,0.00001
2.20000,3.01194,0.99998,0.00001,0.00000,0.00001
2.40000,3.01194,0.99998,0.00001,0.00000,0.00001
2.60000,3.01194,0.99999,0.00000,0.00000,0.00001
2.80000,3.01194,0.99998,0.00001,0.00000,0.00001
3.00000,3.01194,0.99999,0.00000,0.00000,0.00001
3.20000,3.01194,0.99998,0.00001,0.00000,0.00001
3.40000,3.01194,0.99998,0.00001,0.00000,0.00001
3.60000,3.01194,0.99998,0.00001,0.00000,0.00001
3.80000,3.01194,0.99998,0.00001,0.00000,0.00001
4.00000,3.01194,0.99998,0.00001,0.00000,0.00001
4.20000,3.01194,0.99998,0.00001,0.00000,0.00001
4.40000,3.01194,0.99997,0.00002,0.00000,0.00001
4.60000,3.01194,0.99998,0.00001,0.00000,0.00001
4.80000,3.01194,0.99997,0.00001,0.00000,0.00001
5.00000,3.01194,0.99997,0.00001,0.00000,0.00001
5.20000,3.01194,0.99997,0.00001,0.00000,0.00001
5.40000,3.01194,0.99998,0.00001,0.00000,0.00001
5.60000,3.01194,0.99998,0.00001,0.00000,0.00001
5.80000,3.01194,0.99998,0.00001,0.00000,0.00001
6.00000,3.01194,0.99998,0.00001,0.00000,0.00001
6.20000,3.01194,0.99998,0.00001,0.00000,0.00001
6.40000,3.01194,0.99998,0.00001,0.00000,0.00001
6.60000,3.01194,0.99998,0.00001,0.00000,0.00001
6.80000,3.01194,0.99998,0.00001,0.00000,0.00001
7.00000,3.01194,0.99997,0.00001,0.00000,0.00001
7.20000,3.01194,0.99996,0.00002,0.00000,0.00001
7.40000,3.01194,0.99998,0.00001,0.00000,0.00001
7.60000,3.01194,0.99996,0.00002,0.00000,0.00001
7.80000,3.01194,0.99996,0.00002,0.00000,0.00001
8.00000,3.01194,0.99997,0.00001,0.00000,0.00001
8.20000,3.01194,0.99994,0.00004,0.00000,0.00002
8.40000,3.01194,0.99994,0.00003,0.00000,0.00002
8.60000,3.01194,0.99993,0.00004,0.00000,0.00002
8.80000,3.01194,0.99993,0.00004,0.00001,0.00002
9.00000,3.01194,0.99993,0.00005,0.00000,0.00002
9.20000,3.01194,0.99994,0.00004,0.00000,0.00002
9.40000,3.01194,0.99992,0.00004,0.00001,0.00003
9.60000,3.01194,0.99987,0.00009,0.00001,0.00003
9.80000,3.01194,0.99992,0.00005,0.00001,0.00002
10.00000,3.01194,0.99987,0.00009,0.00001,0.00003
10.20000,3.01194,0.99983,0.00013,0.00001,0.00003
10.40000,3.01194,0.99983,0.00013,0.00001,0.00003
10.60000,3.01194,0.99984,0.00012,0.00001,0.00003
10.80000,3.01194,0.99986,0.00011,0.00001,0.00003
11.00000,3.01194,0.99985,0.00010,0.00001,0.00004
11.20000,3.01194,0.99990,0.00006,0.00001,0.00003
11.40000,3.01194,0.99979,0.00016,0.00001,0.00004
11.60000,3.01194,0.99971,0.00023,0.00001,0.00005
11.80000,3.01194,0.99982,0.00013,0.00001,0.00004
12.00000,3.01194,0.99988,0.00007,0.00001,0.00005
12.20000,3.01194,0.99985,0.00010,0.00001,0.00003
12.40000,3.01194,0.99990,0.00006,0.00001,0.00003
12.60000,3.01194,0.99988,0.00008,0.00001,0.00003
12.80000,3.01194,0.99983,0.00012,0.00001,0.00004
13.00000,3.01194,0.99985,0.00010,0.00001,0.00004
13.20000,3.01194,0.99985,0.00010,0.00001,0.00004
13.40000,3.01194,0.99977,0.00018,0.00001,0.00005
13.60000,3.01194,0.99975,0.00019,0.00001,0.00005
13.80000,3.01194,0.99963,0.00029,0.00001,0.00007
14.00000,3.01194,0.99817,0.00164,0.00002,0.00016
14.20000,3.01194,0.99934,0.00053,0.00002,0.00011
14.40000,3.01194,0.99921,0.00066,0.00003,0.00010
14.60000,3.01194,0.99970,0.00023,0.00002,0.00005
14.80000,3.01194,0.99966,0.00025,0.00003,0.00006
15.00000,3.01194,0.99973,0.00018,0.00002,0.00007
15.20000,3.01194,0.99976,0.00015,0.00002,0.00007
15.40000,3.01194,0.99964,0.00024,0.00001,0.00011
15.60000,3.01194,0.99967,0.00022,0.00002,0.00009
15.80000,3.01194,0.99965,0.00024,0.00002,0.00009
16.00000,3.01194,0.99935,0.00054,0.00002,0.00010
16.20000,3.01194,0.99967,0.00022,0.00002,0.00009
16.40000,3.01194,0.99957,0.00031,0.00002,0.00010
16.60000,3.01194,0.99946,0.00040,0.00002,0.00012
16.80000,3.01194,0.99969,0.00020,0.00002,0.00008
17.00000,3.01194,0.99929,0.00057,0.00002,0.00011
17.20000,3.01194,0.99936,0.00051,0.00002,0.00011
17.40000,3.01194,0.99922,0.00066,0.00002,0.00010
17.60000,3.01194,0.99964,0.00027,0.00002,0.00007
17.80000,3.01194,0.99950,0.00039,0.00002,0.00010
18.00000,3.01194,0.99949,0.00041,0.00002,0.00008
18.20000,3.01194,0.99848,0.00133,0.00003,0.00015
18.40000,3.01194,0.99894,0.00087,0.00003,0.00015
18.60000,3.01194,0.99939,0.00047,0.00003,0.00011
18.80000,3.01194,0.99932,0.00054,0.00003,0.00011
19.00000,3.01194,0.99918,0.00068,0.00003,0.00012
19.20000,3.01194,0.99942,0.00044,0.00003,0.00011
