Time(Seconds),Length(Seconds),Label(string),Confidence(double),Comment(string)
0.0181282,0.3060929,working,1,
0.2816889,0.3753544,impact,1,
0.6400314,0.2915171,working,1,
0.8811758,0.2214321,impact,1,
1.0335795,0.3012343,working,1,
1.3186392,0.3321481,impact,1,
1.626331,0.1992033,working,1,
1.7750054,0.3483505,impact,1,
2.0878998,0.4421342,working,1,
2.5017686,0.1353486,impact,1,
2.6083488,0.1741329,working,1,
2.7406883,0.2071422,impact,1,
2.9628336,0.1679138,working,1,
3.0932249,0.336606,impact,1,
3.3297565,0.1585853,working,1,
3.4733779,0.4048688,impact,1,
3.8677028,0.0839569,working,1,
3.9453326,0.2495122,impact,1,
4.1631069,0.0870664,working,1,
4.2390595,0.5192892,impact,1,
4.7610642,0.3731419,working,1,
5.1003955,0.3638133,impact,1,
5.4607053,0.1492567,working,1,
5.5326182,0.4570988,impact,1,
5.9799945,0.1834614,working,1,
6.1762881,0.481975,impact,1,
6.6435419,0.0995045,working,1,
6.7235629,0.5503843,impact,1,
7.2459863,0.3358277,working,1,
7.5498005,0.5472748,impact,1,
8.0668986,0.2114471,working,1,
8.2463321,0.8862121,impact,1,
9.1289873,0.3638133,working,1,
9.4562355,0.6278206,impact,1,
10.043185,0.6934221,working,1,
10.7090808,0.3638133,impact,1,
11.0735103,0.6001366,working,1,
11.6668118,0.6156842,impact,1,
12.2699651,0.0621903,working,1,
12.3198102,0.3047325,impact,1,
12.5715881,0.2238851,working,1,
12.7439365,0.7027506,impact,1,
13.4422527,0.2363232,working,1,
13.6456962,0.3513753,impact,1,
14.0965761,0.4726464,impact,1,
14.7176252,0.5379462,impact,1,
15.3737331,0.3202801,impact,1,
15.734437,0.6374508,impact,1,
16.3421034,0.1616948,working,1,
16.4900494,0.3886895,impact,1,
16.8551736,0.2985135,working,1,
17.1131587,0.3109516,impact,1,
17.4304341,0.7369553,working,1,
