Time(Seconds),Length(Seconds),Label(string),Confidence(double),Comment(string)
0.0474612,0.8842023,working,1,
0.8452381,0.4931374,impact,1,
1.343275,0.0914692,working,1,
1.3923124,0.412232,impact,1,
1.7802945,0.1829384,working,1,
1.8546288,0.3775583,impact,1,
2.2122324,0.228673,working,1,
2.4017031,0.3505898,impact,1,
2.715313,0.1372038,working,1,
2.8486089,0.4738742,impact,1,
3.3098629,0.0914692,working,1,
3.3494516,0.242716,impact,1,
3.5791889,0.1778567,working,1,
3.7501257,0.2696845,impact,1,
3.9854265,0.2791154,working,1,
4.2331762,0.5721015,impact,1,
4.8129001,0.5448194,impact,1,
5.3352493,0.3344412,working,1,
5.636922,0.4229044,impact,1,
6.0576425,0.4548401,working,1,
6.5041968,0.5501841,impact,1,
7.0475886,0.3645409,working,1,
7.3884403,0.4319878,impact,1,
7.7967371,0.1203988,working,1,
7.8855691,0.6959803,impact,1,
8.5793296,0.0836103,working,1,
8.6364051,0.5416989,impact,1,
9.1829701,0.254516,working,1,
9.3499403,0.5206513,impact,1,
9.8245625,0.2014918,working,1,
10.0022224,0.3415078,impact,1,
10.3548042,0.3764715,working,1,
10.6907735,0.3963117,impact,1,
11.0918401,0.4029836,working,1,
11.497113,0.8042941,impact,1,
12.3143796,0.7199729,impact,1,
13.0213801,0.5059269,impact,1,
13.520347,0.0689314,working,1,
13.5912727,0.4225455,impact,1,
13.9392379,0.5196368,working,1,
14.377529000000001,0.43100609999999995,impact,1,
14.7892627,0.2185063,working,1,
14.9242707,0.4320791,impact,1,
15.3565389,0.277335,working,1,
15.580105,0.5786773,impact,1,
16.1507255,0.1470715,working,1,
16.2899493,0.7252756,impact,1,
16.8994894,0.8101483,impact,1,
