Time (seconds), Duration (seconds),pred_(unlabeled),pred_imbalance,pred_working,pred_impact
0.00000,3.01194,0.98374,0.01153,0.00021,0.00451
0.20000,3.01194,0.63938,0.36012,0.00010,0.00040
0.40000,3.01194,0.17008,0.82953,0.00006,0.00033
0.60000,3.01194,0.09424,0.90535,0.00009,0.00032
0.80000,3.01194,0.09465,0.90450,0.00035,0.00050
1.00000,3.01194,0.01691,0.98307,0.00000,0.00002
1.20000,3.01194,0.11013,0.88919,0.00015,0.00054
1.40000,3.01194,0.20193,0.79614,0.00062,0.00131
1.60000,3.01194,0.03844,0.96146,0.00002,0.00008
1.80000,3.01194,0.16818,0.82823,0.00106,0.00253
2.00000,3.01194,0.18265,0.81390,0.00116,0.00229
2.20000,3.01194,0.03646,0.96346,0.00002,0.00006
2.40000,3.01194,0.09300,0.90637,0.00014,0.00049
2.60000,3.01194,0.19173,0.80429,0.00118,0.00281
2.80000,3.01194,0.03314,0.96671,0.00003,0.00013
3.00000,3.01194,0.12177,0.87758,0.00014,0.00051
3.20000,3.01194,0.19559,0.80223,0.00060,0.00158
3.40000,3.01194,0.13484,0.86389,0.00032,0.00094
3.60000,3.01194,0.14629,0.85182,0.00039,0.00150
3.80000,3.01194,0.20856,0.78711,0.00113,0.00320
4.00000,3.01194,0.08176,0.91774,0.00011,0.00039
4.20000,3.01194,0.14068,0.85783,0.00038,0.00110
4.40000,3.01194,0.21885,0.77668,0.00091,0.00357
4.60000,3.01194,0.27326,0.71824,0.00275,0.00575
4.80000,3.01194,0.17343,0.82300,0.00087,0.00270
5.00000,3.01194,0.18248,0.81461,0.00071,0.00220
5.20000,3.01194,0.17241,0.82394,0.00114,0.00252
5.40000,3.01194,0.11806,0.88047,0.00038,0.00110
5.60000,3.01194,0.17025,0.82726,0.00065,0.00185
5.80000,3.01194,0.19985,0.79638,0.00098,0.00279
6.00000,3.01194,0.12243,0.87692,0.00014,0.00050
6.20000,3.01194,0.27332,0.70652,0.00684,0.01332
6.40000,3.01194,0.06878,0.93096,0.00005,0.00022
6.60000,3.01194,0.14100,0.85552,0.00083,0.00265
6.80000,3.01194,0.21248,0.78035,0.00230,0.00487
7.00000,3.01194,0.08334,0.91623,0.00010,0.00033
7.20000,3.01194,0.27633,0.71165,0.00337,0.00865
7.40000,3.01194,0.19595,0.80145,0.00075,0.00185
7.60000,3.01194,0.18910,0.80700,0.00122,0.00268
7.80000,3.01194,0.14002,0.85521,0.00098,0.00379
8.00000,3.01194,0.19585,0.80007,0.00104,0.00304
8.20000,3.01194,0.16766,0.83037,0.00045,0.00152
8.40000,3.01194,0.12853,0.86993,0.00034,0.00121
8.60000,3.01194,0.22692,0.75929,0.00348,0.01031
8.80000,3.01194,0.11493,0.88433,0.00013,0.00062
9.00000,3.01194,0.23072,0.75557,0.00419,0.00952
9.20000,3.01194,0.17430,0.82416,0.00040,0.00114
9.40000,3.01194,0.19477,0.79831,0.00191,0.00502
9.60000,3.01194,0.21734,0.77496,0.00249,0.00521
9.80000,3.01194,0.17992,0.81043,0.00284,0.00681
10.00000,3.01194,0.19333,0.80232,0.00134,0.00300
10.20000,3.01194,0.05828,0.94149,0.00004,0.00019
10.40000,3.01194,0.30786,0.67263,0.00575,0.01376
10.60000,3.01194,0.17673,0.82142,0.00058,0.00126
10.80000,3.01194,0.16403,0.83286,0.00100,0.00211
11.00000,3.01194,0.09560,0.90310,0.00026,0.00104
11.20000,3.01194,0.13604,0.86254,0.00034,0.00108
11.40000,3.01194,0.08620,0.91302,0.00018,0.00060
11.60000,3.01194,0.13872,0.85997,0.00022,0.00109
11.80000,3.01194,0.17440,0.82301,0.00060,0.00200
12.00000,3.01194,0.19746,0.79946,0.00069,0.00239
12.20000,3.01194,0.23837,0.74735,0.00375,0.01052
12.40000,3.01194,0.14080,0.85670,0.00051,0.00199
12.60000,3.01194,0.27984,0.70074,0.00486,0.01456
12.80000,3.01194,0.20445,0.78760,0.00236,0.00559
13.00000,3.01194,0.20328,0.79130,0.00124,0.00418
13.20000,3.01194,0.35645,0.60927,0.01229,0.02199
13.40000,3.01194,0.15065,0.84785,0.00032,0.00118
13.60000,3.01194,0.27049,0.72019,0.00256,0.00676
13.80000,3.01194,0.29940,0.67532,0.00685,0.01843
14.00000,3.01194,0.12599,0.87237,0.00029,0.00135
14.20000,3.01194,0.27396,0.70388,0.00643,0.01573
14.40000,3.01194,0.27511,0.70642,0.00550,0.01298
14.60000,3.01194,0.15023,0.84387,0.00172,0.00418
14.80000,3.01194,0.13934,0.85948,0.00025,0.00092
15.00000,3.01194,0.18782,0.80291,0.00318,0.00609
15.20000,3.01194,0.04959,0.95022,0.00005,0.00014
15.40000,3.01194,0.12823,0.87036,0.00037,0.00104
15.60000,3.01194,0.23941,0.74580,0.00479,0.01000
15.80000,3.01194,0.08845,0.91118,0.00011,0.00026
16.00000,3.01194,0.24614,0.74200,0.00309,0.00877
16.20000,3.01194,0.15615,0.84157,0.00057,0.00171
16.40000,3.01194,0.04786,0.95197,0.00004,0.00013
16.60000,3.01194,0.10419,0.89444,0.00031,0.00106
16.80000,3.01194,0.08537,0.91429,0.00007,0.00027
17.00000,3.01194,0.13631,0.86241,0.00028,0.00100
17.20000,3.01194,0.16262,0.83567,0.00033,0.00138
17.40000,3.01194,0.20657,0.78922,0.00094,0.00326
17.60000,3.01194,0.11534,0.88375,0.00018,0.00073
17.80000,3.01194,0.22037,0.76061,0.00417,0.01484
18.00000,3.01194,0.23803,0.75378,0.00232,0.00588
18.20000,3.01194,0.13558,0.86252,0.00051,0.00139
18.40000,3.01194,0.19713,0.79868,0.00123,0.00297
18.60000,3.01194,0.11641,0.88268,0.00026,0.00065
18.80000,3.01194,0.23916,0.75162,0.00263,0.00658
19.00000,3.01194,0.14248,0.85607,0.00036,0.00109
19.20000,3.01194,0.22015,0.77098,0.00198,0.00689
19.40000,3.01194,0.14672,0.85201,0.00025,0.00102
19.60000,3.01194,0.26728,0.72099,0.00307,0.00866
19.80000,3.01194,0.22413,0.77027,0.00140,0.00420
20.00000,3.01194,0.19111,0.80285,0.00132,0.00472
20.20000,3.01194,0.17390,0.82306,0.00068,0.00236
20.40000,3.01194,0.20738,0.78815,0.00118,0.00329
20.60000,3.01194,0.24494,0.74472,0.00289,0.00745
20.80000,3.01194,0.18036,0.81618,0.00088,0.00259
21.00000,3.01194,0.32621,0.64054,0.00962,0.02362
21.20000,3.01194,0.12342,0.87571,0.00018,0.00069
21.40000,3.01194,0.25024,0.74098,0.00261,0.00617
21.60000,3.01194,0.21038,0.78634,0.00083,0.00246
