Time (seconds), Duration (seconds),pred_(unlabeled),pred_imbalance,pred_working,pred_impact
0.00000,3.01194,0.70478,0.00023,0.06871,0.22628
0.20000,3.01194,0.49139,0.00196,0.13544,0.37121
0.40000,3.01194,0.51844,0.00009,0.16826,0.31321
0.60000,3.01194,0.80416,0.00000,0.10994,0.08590
0.80000,3.01194,0.45931,0.00002,0.17803,0.36264
1.00000,3.01194,0.54092,0.00211,0.21048,0.24649
1.20000,3.01194,0.50281,0.00018,0.16747,0.32954
1.40000,3.01194,0.34816,0.00011,0.06519,0.58654
1.60000,3.01194,0.39972,0.00037,0.08920,0.51071
1.80000,3.01194,0.46761,0.00008,0.18385,0.34846
2.00000,3.01194,0.49827,0.00001,0.10674,0.39498
2.20000,3.01194,0.52620,0.00049,0.17142,0.30190
2.40000,3.01194,0.57055,0.00004,0.05086,0.37854
2.60000,3.01194,0.40130,0.00011,0.21994,0.37865
2.80000,3.01194,0.60479,0.00102,0.15172,0.24247
3.00000,3.01194,0.42671,0.00005,0.24950,0.32374
3.20000,3.01194,0.50893,0.00001,0.18638,0.30468
3.40000,3.01194,0.44333,0.00037,0.11160,0.44470
3.60000,3.01194,0.52853,0.00087,0.12199,0.34860
3.80000,3.01194,0.42621,0.00051,0.16359,0.40969
4.00000,3.01194,0.43649,0.00009,0.13685,0.42657
4.20000,3.01194,0.41908,0.00015,0.15307,0.42771
4.40000,3.01194,0.53579,0.00019,0.13845,0.32556
4.60000,3.01194,0.59504,0.00027,0.07055,0.33414
4.80000,3.01194,0.48271,0.00024,0.16181,0.35524
5.00000,3.01194,0.48988,0.00005,0.13454,0.37553
5.20000,3.01194,0.56927,0.00002,0.13934,0.29137
5.40000,3.01194,0.50068,0.00001,0.10173,0.39758
5.60000,3.01194,0.46543,0.00038,0.11257,0.42162
5.80000,3.01194,0.48239,0.00006,0.15891,0.35864
6.00000,3.01194,0.57533,0.00007,0.13882,0.28578
6.20000,3.01194,0.53333,0.00004,0.20837,0.25826
6.40000,3.01194,0.43868,0.00005,0.15079,0.41049
6.60000,3.01194,0.48550,0.00004,0.10103,0.41342
6.80000,3.01194,0.44774,0.00020,0.06971,0.48235
7.00000,3.01194,0.48199,0.00014,0.17255,0.34532
7.20000,3.01194,0.62229,0.00037,0.16030,0.21705
7.40000,3.01194,0.62803,0.00011,0.12809,0.24377
7.60000,3.01194,0.52284,0.00000,0.03823,0.43893
7.80000,3.01194,0.46365,0.00005,0.09824,0.43806
8.00000,3.01194,0.58161,0.00315,0.26433,0.15092
8.20000,3.01194,0.49132,0.00038,0.16895,0.33935
8.40000,3.01194,0.41176,0.00329,0.34690,0.23806
8.60000,3.01194,0.63074,0.00002,0.17786,0.19138
8.80000,3.01194,0.64314,0.00000,0.07613,0.28073
9.00000,3.01194,0.45183,0.00034,0.10183,0.44600
9.20000,3.01194,0.68818,0.00054,0.07518,0.23610
9.40000,3.01194,0.57708,0.00127,0.18627,0.23538
9.60000,3.01194,0.58227,0.00001,0.13198,0.28574
9.80000,3.01194,0.63801,0.00004,0.13876,0.22318
10.00000,3.01194,0.46912,0.00000,0.09102,0.43985
10.20000,3.01194,0.44311,0.00007,0.06784,0.48899
10.40000,3.01194,0.44453,0.00007,0.13899,0.41641
10.60000,3.01194,0.53392,0.00003,0.15747,0.30858
10.80000,3.01194,0.50621,0.00000,0.07606,0.41773
11.00000,3.01194,0.44216,0.00004,0.06105,0.49675
11.20000,3.01194,0.48255,0.00000,0.09941,0.41804
11.40000,3.01194,0.40845,0.00001,0.07377,0.51776
11.60000,3.01194,0.40490,0.00003,0.07521,0.51987
11.80000,3.01194,0.57296,0.00003,0.07498,0.35203
12.00000,3.01194,0.61867,0.00008,0.07888,0.30238
12.20000,3.01194,0.48412,0.00001,0.07532,0.44055
12.40000,3.01194,0.45866,0.00001,0.11458,0.42675
12.60000,3.01194,0.45459,0.00002,0.07228,0.47311
12.80000,3.01194,0.45942,0.00004,0.08972,0.45082
13.00000,3.01194,0.44114,0.00008,0.10266,0.45613
13.20000,3.01194,0.48492,0.00031,0.17503,0.33973
13.40000,3.01194,0.65124,0.00001,0.20570,0.14305
13.60000,3.01194,0.50779,0.00000,0.06321,0.42900
13.80000,3.01194,0.43433,0.00001,0.06278,0.50288
14.00000,3.01194,0.44346,0.00004,0.09665,0.45985
14.20000,3.01194,0.64110,0.00014,0.07886,0.27991
14.40000,3.01194,0.74745,0.00001,0.12059,0.13195
14.60000,3.01194,0.60011,0.00001,0.08445,0.31543
14.80000,3.01194,0.46257,0.00000,0.06461,0.47281
15.00000,3.01194,0.36935,0.00011,0.04200,0.58854
15.20000,3.01194,0.67762,0.00034,0.10198,0.22007
15.40000,3.01194,0.71949,0.00006,0.13674,0.14370
15.60000,3.01194,0.49851,0.00002,0.09681,0.40466
15.80000,3.01194,0.56449,0.00024,0.11419,0.32108
16.00000,3.01194,0.57668,0.00005,0.13926,0.28401
16.20000,3.01194,0.51184,0.00042,0.16622,0.32153
16.40000,3.01194,0.51618,0.00284,0.16835,0.31263
16.60000,3.01194,0.60672,0.00089,0.10579,0.28661
16.80000,3.01194,0.60302,0.00029,0.14455,0.25213
17.00000,3.01194,0.55351,0.00005,0.11455,0.33189
17.20000,3.01194,0.47409,0.00008,0.11238,0.41346
17.40000,3.01194,0.45214,0.00003,0.08287,0.46496
17.60000,3.01194,0.43853,0.00009,0.14109,0.42028
17.80000,3.01194,0.45503,0.00012,0.13512,0.40973
18.00000,3.01194,0.57500,0.00126,0.10071,0.32303
18.20000,3.01194,0.52376,0.00213,0.07610,0.39801
18.40000,3.01194,0.47250,0.00006,0.14378,0.38366
18.60000,3.01194,0.58845,0.00003,0.20276,0.20876
18.80000,3.01194,0.51342,0.00001,0.21888,0.26768
19.00000,3.01194,0.51663,0.00001,0.18922,0.29414
19.20000,3.01194,0.44184,0.00004,0.02452,0.53360
19.40000,3.01194,0.66070,0.00016,0.04063,0.29850
19.60000,3.01194,0.73926,0.00028,0.10519,0.15527
