Time (seconds), Duration (seconds),pred_(unlabeled),pred_imbalance,pred_working,pred_impact
0.00000,3.01194,0.99991,0.00000,0.00001,0.00008
0.20000,3.01194,0.99998,0.00001,0.00001,0.00000
0.40000,3.01194,0.99996,0.00001,0.00003,0.00000
0.60000,3.01194,0.99989,0.00007,0.00003,0.00001
0.80000,3.01194,0.99997,0.00001,0.00002,0.00001
1.00000,3.01194,0.99999,0.00000,0.00001,0.00000
1.20000,3.01194,0.99992,0.00003,0.00004,0.00001
1.40000,3.01194,0.99996,0.00001,0.00002,0.00001
1.60000,3.01194,0.99998,0.00001,0.00001,0.00000
1.80000,3.01194,0.99992,0.00000,0.00007,0.00001
2.00000,3.01194,0.99768,0.00223,0.00005,0.00005
2.20000,3.01194,0.99812,0.00186,0.00002,0.00000
2.40000,3.01194,0.99986,0.00005,0.00008,0.00001
2.60000,3.01194,0.99985,0.00013,0.00001,0.00001
2.80000,3.01194,0.99999,0.00000,0.00001,0.00000
3.00000,3.01194,0.99994,0.00001,0.00003,0.00002
3.20000,3.01194,0.99991,0.00007,0.00002,0.00001
3.40000,3.01194,0.99994,0.00002,0.00003,0.00001
3.60000,3.01194,0.99994,0.00001,0.00003,0.00002
3.80000,3.01194,0.99998,0.00001,0.00001,0.00000
4.00000,3.01194,0.99992,0.00002,0.00006,0.00001
4.20000,3.01194,0.99991,0.00005,0.00002,0.00002
4.40000,3.01194,0.99997,0.00001,0.00002,0.00001
4.60000,3.01194,0.99994,0.00001,0.00004,0.00002
4.80000,3.01194,0.99993,0.00005,0.00001,0.00001
5.00000,3.01194,0.99994,0.00001,0.00003,0.00001
5.20000,3.01194,0.99985,0.00006,0.00004,0.00004
5.40000,3.01194,0.99988,0.00008,0.00003,0.00001
5.60000,3.01194,0.99979,0.00016,0.00003,0.00002
5.80000,3.01194,0.99992,0.00004,0.00003,0.00002
6.00000,3.01194,0.99995,0.00002,0.00002,0.00001
6.20000,3.01194,0.99996,0.00000,0.00002,0.00001
6.40000,3.01194,0.99990,0.00004,0.00003,0.00002
6.60000,3.01194,0.99991,0.00005,0.00003,0.00001
6.80000,3.01194,0.99990,0.00005,0.00003,0.00002
7.00000,3.01194,0.99989,0.00005,0.00003,0.00002
7.20000,3.01194,0.99987,0.00008,0.00003,0.00002
7.40000,3.01194,0.99994,0.00002,0.00003,0.00001
7.60000,3.01194,0.99992,0.00005,0.00002,0.00001
7.80000,3.01194,0.99983,0.00014,0.00002,0.00001
8.00000,3.01194,0.99994,0.00002,0.00002,0.00001
8.20000,3.01194,0.99993,0.00002,0.00003,0.00002
8.40000,3.01194,0.99986,0.00002,0.00006,0.00006
8.60000,3.01194,0.99998,0.00000,0.00001,0.00001
8.80000,3.01194,0.99994,0.00004,0.00002,0.00001
9.00000,3.01194,0.99942,0.00052,0.00002,0.00003
9.20000,3.01194,0.98844,0.01152,0.00001,0.00003
9.40000,3.01194,0.99993,0.00004,0.00002,0.00001
9.60000,3.01194,0.99986,0.00006,0.00007,0.00002
9.80000,3.01194,0.99998,0.00000,0.00001,0.00001
10.00000,3.01194,0.99995,0.00000,0.00003,0.00002
10.20000,3.01194,0.99846,0.00145,0.00006,0.00002
10.40000,3.01194,0.99813,0.00183,0.00003,0.00001
10.60000,3.01194,0.99992,0.00004,0.00003,0.00001
10.80000,3.01194,0.99994,0.00001,0.00003,0.00001
11.00000,3.01194,0.99990,0.00004,0.00005,0.00001
11.20000,3.01194,0.99997,0.00000,0.00001,0.00001
11.40000,3.01194,0.99995,0.00001,0.00002,0.00002
11.60000,3.01194,0.99991,0.00004,0.00003,0.00002
11.80000,3.01194,0.97685,0.02261,0.00032,0.00021
12.00000,3.01194,0.99700,0.00291,0.00006,0.00003
12.20000,3.01194,0.99900,0.00092,0.00005,0.00003
12.40000,3.01194,0.99956,0.00038,0.00004,0.00002
12.60000,3.01194,0.99988,0.00007,0.00003,0.00002
12.80000,3.01194,0.99986,0.00008,0.00004,0.00002
13.00000,3.01194,0.99985,0.00010,0.00003,0.00002
13.20000,3.01194,0.99992,0.00004,0.00003,0.00002
13.40000,3.01194,0.99991,0.00004,0.00003,0.00002
13.60000,3.01194,0.99993,0.00003,0.00002,0.00002
13.80000,3.01194,0.99992,0.00004,0.00003,0.00002
14.00000,3.01194,0.99993,0.00002,0.00003,0.00002
14.20000,3.01194,0.99993,0.00003,0.00002,0.00002
14.40000,3.01194,0.99990,0.00005,0.00003,0.00002
14.60000,3.01194,0.99983,0.00012,0.00003,0.00002
14.80000,3.01194,0.99985,0.00010,0.00003,0.00002
15.00000,3.01194,0.99986,0.00009,0.00003,0.00002
15.20000,3.01194,0.99984,0.00011,0.00004,0.00002
15.40000,3.01194,0.99988,0.00009,0.00002,0.00001
15.60000,3.01194,0.99988,0.00007,0.00003,0.00002
15.80000,3.01194,0.99991,0.00004,0.00003,0.00002
16.00000,3.01194,0.99992,0.00004,0.00003,0.00001
16.20000,3.01194,0.99992,0.00003,0.00003,0.00002
16.40000,3.01194,0.99992,0.00003,0.00003,0.00002
16.60000,3.01194,0.99991,0.00005,0.00003,0.00002
16.80000,3.01194,0.99990,0.00005,0.00003,0.00002
17.00000,3.01194,0.99988,0.00007,0.00003,0.00002
17.20000,3.01194,0.99991,0.00005,0.00003,0.00002
17.40000,3.01194,0.99967,0.00026,0.00004,0.00003
17.60000,3.01194,0.94056,0.05932,0.00007,0.00004
17.80000,3.01194,0.76930,0.23065,0.00001,0.00005
18.00000,3.01194,0.99906,0.00088,0.00001,0.00004
18.20000,3.01194,0.99969,0.00014,0.00011,0.00006
18.40000,3.01194,0.99982,0.00002,0.00011,0.00005
18.60000,3.01194,0.99986,0.00004,0.00008,0.00002
18.80000,3.01194,0.99991,0.00001,0.00004,0.00004
19.00000,3.01194,0.99990,0.00003,0.00001,0.00006
19.20000,3.01194,0.99936,0.00003,0.00002,0.00059
19.40000,3.01194,0.99991,0.00001,0.00002,0.00006
