Time (seconds), Duration (seconds),pred_(unlabeled),pred_imbalance,pred_working,pred_impact
0.00000,3.01194,0.61914,0.00279,0.15639,0.22168
0.20000,3.01194,0.37775,0.31192,0.20137,0.10895
0.40000,3.01194,0.46093,0.02746,0.20139,0.31021
0.60000,3.01194,0.52469,0.09382,0.19092,0.19057
0.80000,3.01194,0.55037,0.05344,0.25238,0.14381
1.00000,3.01194,0.46892,0.02956,0.23209,0.26944
1.20000,3.01194,0.39584,0.31076,0.21449,0.07891
1.40000,3.01194,0.51183,0.02541,0.29462,0.16814
1.60000,3.01194,0.45252,0.10514,0.27400,0.16834
1.80000,3.01194,0.47172,0.15177,0.30063,0.07589
2.00000,3.01194,0.53088,0.00426,0.23266,0.23220
2.20000,3.01194,0.47224,0.02514,0.22060,0.28202
2.40000,3.01194,0.35953,0.20045,0.31362,0.12640
2.60000,3.01194,0.47649,0.00760,0.24190,0.27402
2.80000,3.01194,0.47910,0.15406,0.24271,0.12413
3.00000,3.01194,0.51049,0.00980,0.22482,0.25490
3.20000,3.01194,0.43486,0.02429,0.21970,0.32115
3.40000,3.01194,0.29282,0.38251,0.24887,0.07580
3.60000,3.01194,0.47945,0.08023,0.25367,0.18666
3.80000,3.01194,0.46094,0.03340,0.22319,0.28246
4.00000,3.01194,0.35073,0.41639,0.14404,0.08883
4.20000,3.01194,0.52907,0.02429,0.23634,0.21030
4.40000,3.01194,0.42412,0.23177,0.19109,0.15302
4.60000,3.01194,0.32817,0.53256,0.09333,0.04594
4.80000,3.01194,0.51071,0.08227,0.19659,0.21044
5.00000,3.01194,0.08862,0.86813,0.03368,0.00957
5.20000,3.01194,0.37201,0.37700,0.10762,0.14337
5.40000,3.01194,0.15307,0.78827,0.04327,0.01540
5.60000,3.01194,0.49112,0.28213,0.10023,0.12652
5.80000,3.01194,0.12265,0.79365,0.03633,0.04737
6.00000,3.01194,0.04067,0.94059,0.01606,0.00268
6.20000,3.01194,0.17992,0.74789,0.02373,0.04846
6.40000,3.01194,0.05206,0.91946,0.02369,0.00479
6.60000,3.01194,0.03675,0.95061,0.00780,0.00483
6.80000,3.01194,0.14290,0.80957,0.03065,0.01688
7.00000,3.01194,0.04456,0.94067,0.01225,0.00252
7.20000,3.01194,0.04245,0.94185,0.00675,0.00894
7.40000,3.01194,0.03145,0.95703,0.01041,0.00111
7.60000,3.01194,0.01927,0.97724,0.00220,0.00129
7.80000,3.01194,0.06108,0.91261,0.01679,0.00952
8.00000,3.01194,0.00443,0.99429,0.00102,0.00026
8.20000,3.01194,0.00102,0.99854,0.00042,0.00003
8.40000,3.01194,0.02185,0.96826,0.00839,0.00151
8.60000,3.01194,0.00092,0.99898,0.00008,0.00001
8.80000,3.01194,0.00026,0.99966,0.00007,0.00001
9.00000,3.01194,0.02004,0.97386,0.00470,0.00140
9.20000,3.01194,0.00081,0.99908,0.00010,0.00001
9.40000,3.01194,0.00243,0.99682,0.00065,0.00010
9.60000,3.01194,0.00294,0.99628,0.00068,0.00010
9.80000,3.01194,0.00012,0.99985,0.00004,0.00000
10.00000,3.01194,0.00191,0.99685,0.00114,0.00011
10.20000,3.01194,0.00142,0.99804,0.00049,0.00005
10.40000,3.01194,0.00024,0.99964,0.00011,0.00001
10.60000,3.01194,0.00591,0.99137,0.00236,0.00037
10.80000,3.01194,0.00024,0.99968,0.00008,0.00000
11.00000,3.01194,0.00051,0.99923,0.00023,0.00002
11.20000,3.01194,0.00588,0.99196,0.00182,0.00034
11.40000,3.01194,0.00085,0.99898,0.00016,0.00002
11.60000,3.01194,0.00324,0.99497,0.00163,0.00017
11.80000,3.01194,0.00765,0.98957,0.00236,0.00042
12.00000,3.01194,0.00298,0.99607,0.00074,0.00022
12.20000,3.01194,0.00808,0.98620,0.00523,0.00049
12.40000,3.01194,0.00598,0.99216,0.00152,0.00033
12.60000,3.01194,0.00149,0.99757,0.00081,0.00013
12.80000,3.01194,0.03611,0.94652,0.01438,0.00299
13.00000,3.01194,0.00398,0.99510,0.00072,0.00020
13.20000,3.01194,0.01321,0.97351,0.01188,0.00140
13.40000,3.01194,0.05182,0.93483,0.01028,0.00307
13.60000,3.01194,0.00948,0.98597,0.00347,0.00108
13.80000,3.01194,0.02592,0.95716,0.01429,0.00263
14.00000,3.01194,0.05051,0.93605,0.01065,0.00278
14.20000,3.01194,0.01090,0.98403,0.00425,0.00083
14.40000,3.01194,0.11001,0.81402,0.05187,0.02410
14.60000,3.01194,0.03692,0.95514,0.00614,0.00180
14.80000,3.01194,0.02847,0.95508,0.01353,0.00291
15.00000,3.01194,0.08424,0.86907,0.03568,0.01101
15.20000,3.01194,0.00237,0.99734,0.00025,0.00004
15.40000,3.01194,0.04024,0.93910,0.01522,0.00543
15.60000,3.01194,0.05179,0.92672,0.01689,0.00460
15.80000,3.01194,0.00373,0.99574,0.00044,0.00009
16.00000,3.01194,0.03433,0.94760,0.01439,0.00368
16.20000,3.01194,0.01731,0.97732,0.00453,0.00083
16.40000,3.01194,0.00141,0.99822,0.00032,0.00005
16.60000,3.01194,0.04954,0.93341,0.01447,0.00258
16.80000,3.01194,0.01592,0.98104,0.00243,0.00062
17.00000,3.01194,0.00204,0.99725,0.00060,0.00011
17.20000,3.01194,0.01506,0.98013,0.00426,0.00056
17.40000,3.01194,0.00618,0.99288,0.00080,0.00013
17.60000,3.01194,0.00772,0.98840,0.00336,0.00052
17.80000,3.01194,0.00849,0.98853,0.00266,0.00032
18.00000,3.01194,0.02067,0.97569,0.00278,0.00086
18.20000,3.01194,0.01643,0.97938,0.00350,0.00069
18.40000,3.01194,0.00468,0.99304,0.00202,0.00027
18.60000,3.01194,0.00979,0.98759,0.00234,0.00028
18.80000,3.01194,0.06607,0.91641,0.01187,0.00565
19.00000,3.01194,0.00765,0.99094,0.00124,0.00017
19.20000,3.01194,0.00913,0.98748,0.00273,0.00066
19.40000,3.01194,0.01114,0.98612,0.00250,0.00024
19.60000,3.01194,0.01633,0.98016,0.00245,0.00106
19.80000,3.01194,0.00418,0.99471,0.00099,0.00011
20.00000,3.01194,0.00295,0.99604,0.00094,0.00008
20.20000,3.01194,0.00028,0.99961,0.00011,0.00000
20.40000,3.01194,0.01381,0.98190,0.00340,0.00089
20.60000,3.01194,0.00373,0.99552,0.00059,0.00016
20.80000,3.01194,0.00025,0.99960,0.00015,0.00000
21.00000,3.01194,0.00057,0.99926,0.00015,0.00001
21.20000,3.01194,0.00385,0.99575,0.00034,0.00006
21.40000,3.01194,0.00008,0.99989,0.00003,0.00000
21.60000,3.01194,0.00041,0.99943,0.00015,0.00000
21.80000,3.01194,0.00060,0.99928,0.00011,0.00000
22.00000,3.01194,0.00144,0.99840,0.00014,0.00002
22.20000,3.01194,0.00008,0.99988,0.00004,0.00000
22.40000,3.01194,0.00087,0.99891,0.00020,0.00001
22.60000,3.01194,0.00008,0.99989,0.00003,0.00000
22.80000,3.01194,0.00361,0.99596,0.00025,0.00018
23.00000,3.01194,0.00022,0.99973,0.00004,0.00000
23.20000,3.01194,0.00012,0.99984,0.00004,0.00000
23.40000,3.01194,0.00008,0.99991,0.00001,0.00000
23.60000,3.01194,0.00102,0.99883,0.00013,0.00003
23.80000,3.01194,0.00022,0.99973,0.00005,0.00000
24.00000,3.01194,0.00006,0.99992,0.00002,0.00000
24.20000,3.01194,0.00023,0.99974,0.00003,0.00000
24.40000,3.01194,0.00072,0.99918,0.00009,0.00001
24.60000,3.01194,0.00008,0.99989,0.00003,0.00000
24.80000,3.01194,0.00015,0.99982,0.00003,0.00000
25.00000,3.01194,0.00083,0.99903,0.00012,0.00001
25.20000,3.01194,0.00153,0.99824,0.00017,0.00005
25.40000,3.01194,0.00045,0.99928,0.00026,0.00001
25.60000,3.01194,0.00027,0.99964,0.00010,0.00000
25.80000,3.01194,0.00022,0.99976,0.00002,0.00000
26.00000,3.01194,0.00587,0.99238,0.00149,0.00026
26.20000,3.01194,0.00308,0.99560,0.00121,0.00011
26.40000,3.01194,0.00013,0.99981,0.00006,0.00000
26.60000,3.01194,0.00069,0.99921,0.00010,0.00001
26.80000,3.01194,0.00130,0.99841,0.00027,0.00002
27.00000,3.01194,0.00090,0.99888,0.00019,0.00004
27.20000,3.01194,0.00276,0.99634,0.00080,0.00010
27.40000,3.01194,0.00101,0.99883,0.00015,0.00001
27.60000,3.01194,0.00025,0.99971,0.00003,0.00000
27.80000,3.01194,0.00055,0.99937,0.00006,0.00002
28.00000,3.01194,0.00195,0.99785,0.00014,0.00005
28.20000,3.01194,0.00113,0.99862,0.00023,0.00002
28.40000,3.01194,0.00017,0.99979,0.00003,0.00000
28.60000,3.01194,0.00016,0.99982,0.00002,0.00000
28.80000,3.01194,0.00032,0.99963,0.00005,0.00001
29.00000,3.01194,0.00012,0.99984,0.00004,0.00000
29.20000,3.01194,0.00010,0.99985,0.00005,0.00000
29.40000,3.01194,0.00022,0.99970,0.00008,0.00000
29.60000,3.01194,0.00008,0.99990,0.00002,0.00000
29.80000,3.01194,0.00003,0.99996,0.00001,0.00000
30.00000,3.01194,0.00059,0.99935,0.00005,0.00001
30.20000,3.01194,0.00014,0.99982,0.00004,0.00000
30.40000,3.01194,0.00012,0.99985,0.00003,0.00000
30.60000,3.01194,0.00004,0.99995,0.00001,0.00000
30.80000,3.01194,0.00009,0.99989,0.00002,0.00000
31.00000,3.01194,0.00008,0.99989,0.00003,0.00000
31.20000,3.01194,0.00007,0.99991,0.00002,0.00000
31.40000,3.01194,0.00016,0.99979,0.00006,0.00000
31.60000,3.01194,0.00033,0.99952,0.00015,0.00000
31.80000,3.01194,0.00029,0.99958,0.00013,0.00000
32.00000,3.01194,0.00097,0.99878,0.00023,0.00002
32.20000,3.01194,0.00147,0.99807,0.00042,0.00005
32.40000,3.01194,0.00039,0.99949,0.00012,0.00000
32.60000,3.01194,0.00184,0.99775,0.00037,0.00005
32.80000,3.01194,0.00285,0.99628,0.00074,0.00013
33.00000,3.01194,0.00179,0.99776,0.00041,0.00004
33.20000,3.01194,0.00371,0.99553,0.00069,0.00007
33.40000,3.01194,0.00031,0.99963,0.00007,0.00000
33.60000,3.01194,0.00118,0.99859,0.00020,0.00003
33.80000,3.01194,0.00417,0.99466,0.00091,0.00026
34.00000,3.01194,0.00041,0.99948,0.00011,0.00001
34.20000,3.01194,0.00053,0.99936,0.00011,0.00001
34.40000,3.01194,0.00101,0.99880,0.00017,0.00002
34.60000,3.01194,0.00049,0.99937,0.00012,0.00001
34.80000,3.01194,0.00046,0.99944,0.00009,0.00001
35.00000,3.01194,0.00273,0.99665,0.00053,0.00010
35.20000,3.01194,0.00020,0.99976,0.00004,0.00000
35.40000,3.01194,0.00009,0.99988,0.00003,0.00000
35.60000,3.01194,0.00073,0.99912,0.00013,0.00002
35.80000,3.01194,0.00034,0.99960,0.00006,0.00001
36.00000,3.01194,0.00035,0.99957,0.00007,0.00001
36.20000,3.01194,0.00317,0.99621,0.00049,0.00013
36.40000,3.01194,0.00014,0.99982,0.00004,0.00000
36.60000,3.01194,0.00006,0.99992,0.00002,0.00000
36.80000,3.01194,0.00019,0.99972,0.00008,0.00000
37.00000,3.01194,0.00016,0.99980,0.00004,0.00000
37.20000,3.01194,0.00020,0.99976,0.00003,0.00000
37.40000,3.01194,0.00026,0.99969,0.00005,0.00000
37.60000,3.01194,0.00019,0.99976,0.00006,0.00000
37.80000,3.01194,0.00014,0.99978,0.00008,0.00000
38.00000,3.01194,0.00029,0.99957,0.00013,0.00001
38.20000,3.01194,0.00004,0.99994,0.00002,0.00000
38.40000,3.01194,0.00013,0.99984,0.00003,0.00000
38.60000,3.01194,0.00010,0.99989,0.00001,0.00000
38.80000,3.01194,0.00004,0.99996,0.00001,0.00000
39.00000,3.01194,0.00018,0.99971,0.00011,0.00001
39.20000,3.01194,0.00080,0.99881,0.00036,0.00002
39.40000,3.01194,0.00003,0.99995,0.00002,0.00000
39.60000,3.01194,0.00008,0.99987,0.00005,0.00000
39.80000,3.01194,0.00008,0.99988,0.00004,0.00000
40.00000,3.01194,0.00004,0.99995,0.00001,0.00000
40.20000,3.01194,0.00029,0.99964,0.00006,0.00001
40.40000,3.01194,0.00187,0.99739,0.00060,0.00013
40.60000,3.01194,0.00021,0.99971,0.00007,0.00000
40.80000,3.01194,0.00057,0.99853,0.00089,0.00001
41.00000,3.01194,0.00007,0.99990,0.00003,0.00000
41.20000,3.01194,0.00011,0.99986,0.00003,0.00000
41.40000,3.01194,0.00037,0.99953,0.00009,0.00001
41.60000,3.01194,0.00033,0.99960,0.00007,0.00001
41.80000,3.01194,0.00022,0.99972,0.00006,0.00000
42.00000,3.01194,0.00050,0.99919,0.00031,0.00001
42.20000,3.01194,0.00006,0.99992,0.00002,0.00000
42.40000,3.01194,0.00009,0.99989,0.00002,0.00000
42.60000,3.01194,0.00032,0.99961,0.00006,0.00001
42.80000,3.01194,0.00056,0.99935,0.00008,0.00001
43.00000,3.01194,0.00016,0.99980,0.00004,0.00000
43.20000,3.01194,0.00019,0.99971,0.00010,0.00000
43.40000,3.01194,0.00004,0.99994,0.00002,0.00000
43.60000,3.01194,0.00011,0.99986,0.00003,0.00000
43.80000,3.01194,0.00006,0.99992,0.00001,0.00000
44.00000,3.01194,0.00015,0.99982,0.00002,0.00000
44.20000,3.01194,0.00009,0.99990,0.00001,0.00000
44.40000,3.01194,0.00012,0.99984,0.00004,0.00000
44.60000,3.01194,0.00004,0.99995,0.00002,0.00000
44.80000,3.01194,0.00003,0.99995,0.00001,0.00000
45.00000,3.01194,0.00002,0.99997,0.00001,0.00000
45.20000,3.01194,0.00003,0.99996,0.00001,0.00000
45.40000,3.01194,0.00004,0.99995,0.00001,0.00000
45.60000,3.01194,0.00002,0.99997,0.00000,0.00000
45.80000,3.01194,0.00002,0.99998,0.00000,0.00000
46.00000,3.01194,0.00007,0.99991,0.00002,0.00000
46.20000,3.01194,0.00012,0.99984,0.00004,0.00000
46.40000,3.01194,0.00002,0.99997,0.00001,0.00000
46.60000,3.01194,0.00001,0.99999,0.00000,0.00000
46.80000,3.01194,0.00000,0.99999,0.00000,0.00000
47.00000,3.01194,0.00001,0.99999,0.00000,0.00000
47.20000,3.01194,0.00005,0.99993,0.00002,0.00000
47.40000,3.01194,0.00020,0.99973,0.00007,0.00000
47.60000,3.01194,0.00001,0.99998,0.00001,0.00000
47.80000,3.01194,0.00002,0.99997,0.00001,0.00000
48.00000,3.01194,0.00001,0.99999,0.00000,0.00000
48.20000,3.01194,0.00002,0.99997,0.00001,0.00000
48.40000,3.01194,0.00022,0.99968,0.00010,0.00000
48.60000,3.01194,0.00023,0.99967,0.00010,0.00000
48.80000,3.01194,0.00055,0.99912,0.00033,0.00001
49.00000,3.01194,0.00038,0.99922,0.00039,0.00001
49.20000,3.01194,0.00008,0.99989,0.00003,0.00000
49.40000,3.01194,0.00035,0.99956,0.00008,0.00001
49.60000,3.01194,0.00102,0.99860,0.00035,0.00003
49.80000,3.01194,0.00211,0.99706,0.00077,0.00006
50.00000,3.01194,0.00259,0.99573,0.00163,0.00005
50.20000,3.01194,0.00079,0.99848,0.00070,0.00003
50.40000,3.01194,0.00438,0.99319,0.00201,0.00042
50.60000,3.01194,0.00166,0.99740,0.00084,0.00010
50.80000,3.01194,0.00077,0.99904,0.00017,0.00001
51.00000,3.01194,0.00357,0.99538,0.00092,0.00013
51.20000,3.01194,0.03253,0.95357,0.01186,0.00205
51.40000,3.01194,0.00333,0.99552,0.00103,0.00011
51.60000,3.01194,0.00393,0.99457,0.00140,0.00009
51.80000,3.01194,0.00267,0.99620,0.00104,0.00009
52.00000,3.01194,0.00234,0.99708,0.00051,0.00008
52.20000,3.01194,0.00349,0.99532,0.00109,0.00010
52.40000,3.01194,0.00449,0.99255,0.00283,0.00013
52.60000,3.01194,0.00037,0.99950,0.00012,0.00000
52.80000,3.01194,0.02465,0.96439,0.00877,0.00218
53.00000,3.01194,0.00199,0.99746,0.00046,0.00009
53.20000,3.01194,0.00227,0.99628,0.00135,0.00010
53.40000,3.01194,0.00639,0.99205,0.00125,0.00032
53.60000,3.01194,0.00857,0.98927,0.00172,0.00044
53.80000,3.01194,0.00203,0.99697,0.00094,0.00006
54.00000,3.01194,0.00391,0.99455,0.00143,0.00011
54.20000,3.01194,0.00162,0.99804,0.00031,0.00003
54.40000,3.01194,0.00400,0.99401,0.00190,0.00009
54.60000,3.01194,0.02915,0.94698,0.02076,0.00312
54.80000,3.01194,0.00504,0.99350,0.00123,0.00023
55.00000,3.01194,0.00308,0.99504,0.00177,0.00011
55.20000,3.01194,0.36172,0.29969,0.28653,0.05206
55.40000,3.01194,0.00744,0.98861,0.00376,0.00019
55.60000,3.01194,0.00360,0.99447,0.00174,0.00019
55.80000,3.01194,0.14910,0.64206,0.19399,0.01484
56.00000,3.01194,0.02340,0.95377,0.01933,0.00351
56.20000,3.01194,0.00380,0.99355,0.00255,0.00010
56.40000,3.01194,0.32458,0.35717,0.28278,0.03547
56.60000,3.01194,0.09933,0.81800,0.07176,0.01092
56.80000,3.01194,0.00497,0.99031,0.00445,0.00026
57.00000,3.01194,0.42574,0.13303,0.35683,0.08439
57.20000,3.01194,0.42776,0.19481,0.26009,0.11734
57.40000,3.01194,0.00392,0.99274,0.00291,0.00043
57.60000,3.01194,0.19931,0.58822,0.19350,0.01897
57.80000,3.01194,0.14938,0.71428,0.12415,0.01219
58.00000,3.01194,0.03168,0.94645,0.01912,0.00275
58.20000,3.01194,0.30859,0.43493,0.20766,0.04882
58.40000,3.01194,0.10338,0.79320,0.08910,0.01432
58.60000,3.01194,0.10552,0.77322,0.09352,0.02775
58.80000,3.01194,0.20351,0.62626,0.14136,0.02887
59.00000,3.01194,0.07540,0.84350,0.07632,0.00477
59.20000,3.01194,0.01477,0.96762,0.01692,0.00070
59.40000,3.01194,0.12072,0.77447,0.08848,0.01632
59.60000,3.01194,0.36168,0.34110,0.22822,0.06900
59.80000,3.01194,0.07620,0.82586,0.08937,0.00857
60.00000,3.01194,0.03665,0.90913,0.05141,0.00282
60.20000,3.01194,0.41864,0.25561,0.25077,0.07497
60.40000,3.01194,0.29347,0.46884,0.20084,0.03685
60.60000,3.01194,0.02205,0.94442,0.03177,0.00176
60.80000,3.01194,0.02495,0.94460,0.02933,0.00113
61.00000,3.01194,0.07899,0.85788,0.05726,0.00587
61.20000,3.01194,0.43379,0.24504,0.24555,0.07562
61.40000,3.01193,0.08097,0.82221,0.08314,0.01368
61.60000,3.01194,0.01358,0.97026,0.01538,0.00078
61.80000,3.01194,0.00748,0.98696,0.00527,0.00029
62.00000,3.01194,0.03311,0.94207,0.02071,0.00410
62.20000,3.01194,0.02950,0.95570,0.01151,0.00330
62.40000,3.01193,0.00434,0.99253,0.00292,0.00021
62.60000,3.01194,0.00280,0.99577,0.00130,0.00012
62.80000,3.01194,0.04926,0.92946,0.01782,0.00346
63.00000,3.01194,0.05678,0.90801,0.02888,0.00633
63.20000,3.01194,0.00644,0.99151,0.00188,0.00017
63.40000,3.01193,0.02777,0.95541,0.01575,0.00107
63.60000,3.01194,0.02564,0.95716,0.01572,0.00147
63.80000,3.01194,0.06277,0.89971,0.03206,0.00546
64.00000,3.01194,0.01563,0.97160,0.01166,0.00112
64.20000,3.01194,0.00731,0.98679,0.00572,0.00018
64.40000,3.01193,0.01183,0.97075,0.01713,0.00029
64.60000,3.01194,0.15324,0.68472,0.14406,0.01799
64.80000,3.01193,0.01185,0.97597,0.01088,0.00129
65.00000,3.01194,0.00284,0.99318,0.00383,0.00015
65.20000,3.01194,0.00682,0.98616,0.00675,0.00027
65.40000,3.01193,0.03859,0.94272,0.01544,0.00325
65.60000,3.01194,0.02084,0.96930,0.00868,0.00119
65.80000,3.01193,0.00426,0.99181,0.00362,0.00031
66.00000,3.01194,0.00114,0.99809,0.00074,0.00003
66.20000,3.01194,0.01914,0.97191,0.00692,0.00203
66.40000,3.01193,0.00309,0.99581,0.00088,0.00022
66.60000,3.01194,0.00013,0.99974,0.00013,0.00000
66.80000,3.01193,0.00011,0.99982,0.00007,0.00000
67.00000,3.01194,0.00080,0.99892,0.00025,0.00003
67.20000,3.01194,0.00244,0.99593,0.00133,0.00030
67.40000,3.01193,0.00028,0.99948,0.00022,0.00001
67.60000,3.01194,0.00042,0.99939,0.00017,0.00001
67.80000,3.01193,0.00080,0.99905,0.00012,0.00003
68.00000,3.01194,0.00066,0.99902,0.00029,0.00002
68.20000,3.01194,0.00003,0.99996,0.00001,0.00000
68.40000,3.01193,0.00006,0.99990,0.00005,0.00000
68.60000,3.01194,0.00363,0.99522,0.00091,0.00024
68.80000,3.01193,0.05202,0.91848,0.01451,0.01498
69.00000,3.01194,0.00163,0.99779,0.00048,0.00010
69.20000,3.01194,0.00010,0.99987,0.00003,0.00000
69.40000,3.01193,0.00058,0.99928,0.00013,0.00001
69.60000,3.01194,0.00178,0.99802,0.00016,0.00005
69.80000,3.01193,0.00014,0.99981,0.00004,0.00000
70.00000,3.01194,0.00102,0.99858,0.00039,0.00001
70.20000,3.01194,0.00147,0.99812,0.00039,0.00002
70.40000,3.01193,0.00085,0.99900,0.00010,0.00004
70.60000,3.01194,0.00027,0.99965,0.00006,0.00001
70.80000,3.01193,0.00003,0.99996,0.00001,0.00000
71.00000,3.01194,0.00079,0.99898,0.00020,0.00004
71.20000,3.01194,0.00018,0.99980,0.00002,0.00000
71.40000,3.01193,0.00006,0.99992,0.00002,0.00000
71.60000,3.01194,0.00001,0.99998,0.00000,0.00000
71.80000,3.01193,0.00016,0.99982,0.00001,0.00000
72.00000,3.01194,0.00005,0.99994,0.00001,0.00000
72.20000,3.01194,0.00002,0.99998,0.00001,0.00000
72.40000,3.01193,0.00000,0.99999,0.00000,0.00000
72.60000,3.01194,0.00003,0.99996,0.00001,0.00000
72.80000,3.01193,0.00020,0.99977,0.00002,0.00000
73.00000,3.01194,0.00000,1.00000,0.00000,0.00000
73.20000,3.01194,0.00000,1.00000,0.00000,0.00000
73.40000,3.01193,0.00001,0.99999,0.00000,0.00000
73.60000,3.01194,0.00013,0.99984,0.00003,0.00000
73.80000,3.01193,0.00002,0.99998,0.00001,0.00000
74.00000,3.01194,0.00004,0.99995,0.00001,0.00000
74.20000,3.01194,0.00006,0.99993,0.00001,0.00000
74.40000,3.01193,0.00064,0.99928,0.00004,0.00003
74.60000,3.01194,0.00022,0.99973,0.00003,0.00001
74.80000,3.01193,0.00022,0.99973,0.00005,0.00000
75.00000,3.01194,0.00021,0.99978,0.00001,0.00000
75.20000,3.01194,0.00144,0.99839,0.00011,0.00006
75.40000,3.01193,0.00005,0.99994,0.00001,0.00000
75.60000,3.01194,0.00011,0.99986,0.00003,0.00000
75.80000,3.01193,0.00206,0.99778,0.00011,0.00005
76.00000,3.01194,0.00027,0.99970,0.00002,0.00000
76.20000,3.01194,0.00004,0.99995,0.00001,0.00000
76.40000,3.01193,0.00011,0.99987,0.00003,0.00000
76.60000,3.01194,0.00023,0.99976,0.00001,0.00000
76.80000,3.01193,0.00008,0.99990,0.00001,0.00000
77.00000,3.01194,0.00008,0.99990,0.00002,0.00000
77.20000,3.01194,0.00002,0.99997,0.00000,0.00000
77.40000,3.01193,0.00002,0.99997,0.00001,0.00000
77.60000,3.01194,0.00008,0.99987,0.00004,0.00000
77.80000,3.01193,0.00001,0.99999,0.00000,0.00000
78.00000,3.01194,0.00001,0.99999,0.00000,0.00000
78.20000,3.01194,0.00002,0.99997,0.00001,0.00000
78.40000,3.01193,0.00001,0.99999,0.00000,0.00000
78.60000,3.01194,0.00001,0.99999,0.00000,0.00000
78.80000,3.01193,0.00002,0.99997,0.00000,0.00000
79.00000,3.01194,0.00001,0.99999,0.00000,0.00000
79.20000,3.01194,0.00001,0.99999,0.00000,0.00000
79.40000,3.01193,0.00001,0.99998,0.00000,0.00000
79.60000,3.01194,0.00000,1.00000,0.00000,0.00000
79.80000,3.01193,0.00000,0.99999,0.00000,0.00000
80.00000,3.01194,0.00001,0.99998,0.00000,0.00000
80.20000,3.01194,0.00000,1.00000,0.00000,0.00000
80.40000,3.01193,0.00003,0.99997,0.00000,0.00000
80.60000,3.01194,0.00002,0.99998,0.00000,0.00000
80.80000,3.01193,0.00002,0.99998,0.00001,0.00000
81.00000,3.01194,0.00001,0.99999,0.00000,0.00000
81.20000,3.01194,0.00048,0.99949,0.00001,0.00001
81.40000,3.01193,0.00005,0.99994,0.00001,0.00000
81.60000,3.01194,0.00003,0.99996,0.00001,0.00000
81.80000,3.01193,0.00009,0.99988,0.00003,0.00000
82.00000,3.01194,0.00039,0.99958,0.00002,0.00000
82.20000,3.01194,0.00012,0.99987,0.00001,0.00001
82.40000,3.01193,0.00140,0.99845,0.00010,0.00005
82.60000,3.01194,0.00012,0.99986,0.00002,0.00000
82.80000,3.01193,0.00033,0.99966,0.00002,0.00000
83.00000,3.01194,0.00278,0.99688,0.00019,0.00015
83.20000,3.01194,0.00006,0.99993,0.00001,0.00000
83.40000,3.01193,0.00004,0.99994,0.00001,0.00000
83.60000,3.01194,0.00015,0.99982,0.00003,0.00000
83.80000,3.01193,0.00016,0.99982,0.00002,0.00000
84.00000,3.01194,0.00001,0.99999,0.00000,0.00000
84.20000,3.01194,0.00001,0.99999,0.00000,0.00000
84.40000,3.01193,0.00002,0.99997,0.00001,0.00000
84.60000,3.01194,0.00003,0.99997,0.00000,0.00000
84.80000,3.01193,0.00000,0.99999,0.00000,0.00000
85.00000,3.01194,0.00000,1.00000,0.00000,0.00000
85.20000,3.01194,0.00000,1.00000,0.00000,0.00000
85.40000,3.01193,0.00001,0.99999,0.00000,0.00000
85.60000,3.01194,0.00001,0.99999,0.00000,0.00000
85.80000,3.01193,0.00000,0.99999,0.00000,0.00000
86.00000,3.01194,0.00002,0.99997,0.00000,0.00000
86.20000,3.01194,0.00006,0.99993,0.00001,0.00000
86.40000,3.01193,0.00003,0.99997,0.00001,0.00000
86.60000,3.01194,0.00013,0.99986,0.00001,0.00000
86.80000,3.01193,0.00004,0.99995,0.00001,0.00000
87.00000,3.01194,0.00011,0.99987,0.00002,0.00000
87.20000,3.01194,0.00009,0.99990,0.00001,0.00000
87.40000,3.01193,0.00004,0.99996,0.00000,0.00000
87.60000,3.01194,0.00001,0.99999,0.00000,0.00000
87.80000,3.01193,0.00001,0.99999,0.00000,0.00000
88.00000,3.01194,0.00008,0.99992,0.00001,0.00000
88.20000,3.01194,0.00002,0.99998,0.00000,0.00000
88.40000,3.01193,0.00001,0.99999,0.00001,0.00000
88.60000,3.01194,0.00002,0.99998,0.00000,0.00000
88.80000,3.01193,0.00000,1.00000,0.00000,0.00000
89.00000,3.01194,0.00000,0.99999,0.00000,0.00000
89.20000,3.01194,0.00000,0.99999,0.00000,0.00000
89.40000,3.01193,0.00001,0.99999,0.00000,0.00000
89.60000,3.01194,0.00000,0.99999,0.00000,0.00000
89.80000,3.01193,0.00000,1.00000,0.00000,0.00000
90.00000,3.01194,0.00001,0.99999,0.00000,0.00000
90.20000,3.01194,0.00000,1.00000,0.00000,0.00000
90.40000,3.01193,0.00000,1.00000,0.00000,0.00000
90.60000,3.01194,0.00000,1.00000,0.00000,0.00000
90.80000,3.01193,0.00000,1.00000,0.00000,0.00000
91.00000,3.01194,0.00000,1.00000,0.00000,0.00000
91.20000,3.01194,0.00000,1.00000,0.00000,0.00000
91.40000,3.01193,0.00001,0.99999,0.00000,0.00000
91.60000,3.01194,0.00000,1.00000,0.00000,0.00000
91.80000,3.01193,0.00000,1.00000,0.00000,0.00000
92.00000,3.01194,0.00000,0.99999,0.00000,0.00000
92.20000,3.01194,0.00000,1.00000,0.00000,0.00000
92.40000,3.01193,0.00000,1.00000,0.00000,0.00000
92.60000,3.01194,0.00000,1.00000,0.00000,0.00000
92.80000,3.01193,0.00000,1.00000,0.00000,0.00000
93.00000,3.01194,0.00001,0.99999,0.00000,0.00000
93.20000,3.01194,0.00000,1.00000,0.00000,0.00000
93.40000,3.01193,0.00000,1.00000,0.00000,0.00000
93.60000,3.01194,0.00000,0.99999,0.00000,0.00000
93.80000,3.01193,0.00000,1.00000,0.00000,0.00000
94.00000,3.01194,0.00000,1.00000,0.00000,0.00000
94.20000,3.01194,0.00000,1.00000,0.00000,0.00000
94.40000,3.01193,0.00000,1.00000,0.00000,0.00000
94.60000,3.01194,0.00000,1.00000,0.00000,0.00000
94.80000,3.01193,0.00000,1.00000,0.00000,0.00000
95.00000,3.01194,0.00000,1.00000,0.00000,0.00000
95.20000,3.01194,0.00000,1.00000,0.00000,0.00000
95.40000,3.01193,0.00000,1.00000,0.00000,0.00000
95.60000,3.01194,0.00000,1.00000,0.00000,0.00000
95.80000,3.01193,0.00000,1.00000,0.00000,0.00000
96.00000,3.01194,0.00000,1.00000,0.00000,0.00000
96.20000,3.01194,0.00000,1.00000,0.00000,0.00000
96.40000,3.01193,0.00000,1.00000,0.00000,0.00000
96.60000,3.01194,0.00000,1.00000,0.00000,0.00000
96.80000,3.01193,0.00000,1.00000,0.00000,0.00000
97.00000,3.01194,0.00000,1.00000,0.00000,0.00000
97.20000,3.01194,0.00000,1.00000,0.00000,0.00000
97.40000,3.01193,0.00001,0.99999,0.00000,0.00000
97.60000,3.01194,0.00000,0.99999,0.00000,0.00000
97.80000,3.01193,0.00000,0.99999,0.00000,0.00000
98.00000,3.01194,0.00001,0.99999,0.00000,0.00000
98.20000,3.01194,0.00001,0.99999,0.00000,0.00000
98.40000,3.01193,0.00001,0.99998,0.00001,0.00000
98.60000,3.01194,0.00001,0.99999,0.00000,0.00000
98.80000,3.01193,0.00001,0.99999,0.00000,0.00000
99.00000,3.01194,0.00002,0.99998,0.00000,0.00000
99.20000,3.01194,0.00001,0.99999,0.00000,0.00000
99.40000,3.01193,0.00001,0.99998,0.00001,0.00000
99.60000,3.01194,0.00002,0.99997,0.00001,0.00000
99.80000,3.01193,0.00002,0.99998,0.00000,0.00000
100.00000,3.01194,0.00002,0.99997,0.00001,0.00000
100.20000,3.01194,0.00002,0.99997,0.00001,0.00000
100.40000,3.01193,0.00001,0.99999,0.00000,0.00000
100.60000,3.01194,0.00001,0.99999,0.00000,0.00000
100.80000,3.01193,0.00001,0.99999,0.00000,0.00000
101.00000,3.01194,0.00001,0.99998,0.00000,0.00000
101.20000,3.01194,0.00001,0.99998,0.00000,0.00000
101.40000,3.01193,0.00001,0.99999,0.00000,0.00000
101.60000,3.01194,0.00003,0.99996,0.00001,0.00000
101.80000,3.01193,0.00000,0.99999,0.00000,0.00000
102.00000,3.01194,0.00002,0.99998,0.00000,0.00000
102.20000,3.01194,0.00002,0.99998,0.00000,0.00000
102.40000,3.01193,0.00000,0.99999,0.00000,0.00000
102.60000,3.01194,0.00001,0.99999,0.00001,0.00000
102.80000,3.01193,0.00005,0.99994,0.00001,0.00000
103.00000,3.01194,0.00008,0.99991,0.00001,0.00000
103.20000,3.01194,0.00001,0.99998,0.00001,0.00000
103.40000,3.01193,0.00001,0.99998,0.00000,0.00000
103.60000,3.01194,0.00002,0.99998,0.00000,0.00000
103.80000,3.01193,0.00001,0.99999,0.00001,0.00000
104.00000,3.01194,0.00002,0.99997,0.00000,0.00000
104.20000,3.01194,0.00004,0.99993,0.00003,0.00000
104.40000,3.01193,0.00003,0.99996,0.00001,0.00000
104.60000,3.01194,0.00001,0.99999,0.00000,0.00000
104.80000,3.01193,0.00002,0.99997,0.00001,0.00000
105.00000,3.01194,0.00005,0.99994,0.00001,0.00000
105.20000,3.01194,0.00008,0.99991,0.00001,0.00000
105.40000,3.01193,0.00004,0.99996,0.00001,0.00000
105.60000,3.01194,0.00019,0.99979,0.00002,0.00000
105.80000,3.01193,0.00004,0.99996,0.00000,0.00000
106.00000,3.01194,0.00001,0.99998,0.00000,0.00000
106.20000,3.01194,0.00003,0.99997,0.00000,0.00000
106.40000,3.01193,0.00022,0.99972,0.00005,0.00001
106.60000,3.01194,0.00001,0.99999,0.00000,0.00000
106.80000,3.01193,0.00021,0.99974,0.00005,0.00000
107.00000,3.01194,0.00001,0.99999,0.00000,0.00000
107.20000,3.01194,0.00001,0.99998,0.00000,0.00000
107.40000,3.01193,0.00001,0.99997,0.00001,0.00000
107.60000,3.01194,0.00000,1.00000,0.00000,0.00000
107.80000,3.01193,0.00000,1.00000,0.00000,0.00000
108.00000,3.01194,0.00001,0.99999,0.00000,0.00000
108.20000,3.01194,0.00001,0.99999,0.00000,0.00000
108.40000,3.01193,0.00000,1.00000,0.00000,0.00000
108.60000,3.01194,0.00001,0.99999,0.00000,0.00000
108.80000,3.01193,0.00001,0.99998,0.00001,0.00000
109.00000,3.01194,0.00000,1.00000,0.00000,0.00000
109.20000,3.01194,0.00001,0.99999,0.00000,0.00000
109.40000,3.01193,0.00001,0.99998,0.00001,0.00000
109.60000,3.01194,0.00001,0.99999,0.00000,0.00000
109.80000,3.01193,0.00001,0.99998,0.00001,0.00000
110.00000,3.01194,0.00001,0.99999,0.00000,0.00000
110.20000,3.01194,0.00000,0.99999,0.00000,0.00000
110.40000,3.01193,0.00000,0.99999,0.00000,0.00000
110.60000,3.01194,0.00003,0.99996,0.00000,0.00000
110.80000,3.01193,0.00003,0.99995,0.00002,0.00000
111.00000,3.01194,0.00001,0.99999,0.00000,0.00000
111.20000,3.01194,0.00004,0.99996,0.00001,0.00000
111.40000,3.01193,0.00001,0.99999,0.00000,0.00000
111.60000,3.01194,0.00001,0.99999,0.00000,0.00000
111.80000,3.01193,0.00001,0.99999,0.00000,0.00000
112.00000,3.01194,0.00002,0.99997,0.00000,0.00000
112.20000,3.01194,0.00001,0.99999,0.00000,0.00000
112.40000,3.01193,0.00002,0.99998,0.00001,0.00000
112.60000,3.01194,0.00003,0.99997,0.00001,0.00000
112.80000,3.01193,0.00004,0.99995,0.00001,0.00000
113.00000,3.01194,0.00003,0.99997,0.00000,0.00000
113.20000,3.01194,0.00031,0.99967,0.00002,0.00000
113.40000,3.01193,0.00001,0.99998,0.00000,0.00000
113.60000,3.01194,0.00004,0.99996,0.00000,0.00000
113.80000,3.01193,0.00005,0.99994,0.00001,0.00000
114.00000,3.01194,0.00007,0.99993,0.00000,0.00000
114.20000,3.01194,0.00006,0.99993,0.00001,0.00000
114.40000,3.01193,0.00002,0.99997,0.00001,0.00000
114.60000,3.01194,0.00004,0.99996,0.00000,0.00000
114.80000,3.01193,0.00072,0.99922,0.00005,0.00001
115.00000,3.01194,0.00013,0.99983,0.00004,0.00000
115.20000,3.01194,0.00006,0.99993,0.00001,0.00000
115.40000,3.01193,0.00306,0.99668,0.00021,0.00004
115.60000,3.01194,0.00018,0.99978,0.00003,0.00000
115.80000,3.01193,0.00007,0.99992,0.00001,0.00000
116.00000,3.01194,0.00020,0.99977,0.00003,0.00000
116.20000,3.01194,0.00022,0.99976,0.00002,0.00000
116.40000,3.01193,0.00008,0.99991,0.00001,0.00000
116.60000,3.01194,0.00006,0.99993,0.00001,0.00000
116.80000,3.01193,0.00001,0.99998,0.00000,0.00000
117.00000,3.01194,0.00005,0.99994,0.00002,0.00000
117.20000,3.01194,0.00001,0.99998,0.00001,0.00000
117.40000,3.01193,0.00003,0.99996,0.00001,0.00000
117.60000,3.01194,0.00014,0.99984,0.00002,0.00000
117.80000,3.01193,0.00001,0.99998,0.00001,0.00000
118.00000,3.01194,0.00001,0.99998,0.00001,0.00000
118.20000,3.01194,0.00004,0.99995,0.00001,0.00000
118.40000,3.01193,0.00002,0.99997,0.00001,0.00000
118.60000,3.01194,0.00007,0.99991,0.00002,0.00000
118.80000,3.01193,0.00004,0.99994,0.00002,0.00000
119.00000,3.01194,0.00002,0.99998,0.00000,0.00000
119.20000,3.01194,0.00010,0.99988,0.00002,0.00000
119.40000,3.01193,0.00002,0.99998,0.00001,0.00000
119.60000,3.01194,0.00002,0.99998,0.00000,0.00000
119.80000,3.01193,0.00004,0.99995,0.00001,0.00000
120.00000,3.01194,0.00002,0.99997,0.00000,0.00000
120.20000,3.01194,0.00004,0.99994,0.00002,0.00000
120.40000,3.01193,0.00002,0.99998,0.00001,0.00000
120.60000,3.01194,0.00001,0.99999,0.00000,0.00000
120.80000,3.01193,0.00003,0.99996,0.00001,0.00000
121.00000,3.01194,0.00001,0.99999,0.00000,0.00000
121.20000,3.01194,0.00001,0.99999,0.00000,0.00000
121.40000,3.01193,0.00001,0.99998,0.00001,0.00000
121.60000,3.01194,0.00000,0.99999,0.00000,0.00000
121.80000,3.01193,0.00000,1.00000,0.00000,0.00000
122.00000,3.01194,0.00000,0.99999,0.00000,0.00000
122.20000,3.01194,0.00000,0.99999,0.00000,0.00000
122.40000,3.01193,0.00002,0.99998,0.00001,0.00000
122.60000,3.01194,0.00007,0.99991,0.00002,0.00000
122.80000,3.01193,0.00001,0.99998,0.00001,0.00000
123.00000,3.01194,0.00008,0.99991,0.00001,0.00000
123.20000,3.01194,0.00004,0.99995,0.00001,0.00000
123.40000,3.01193,0.00001,0.99999,0.00000,0.00000
123.60000,3.01194,0.00004,0.99993,0.00002,0.00000
123.80000,3.01193,0.00002,0.99998,0.00000,0.00000
124.00000,3.01194,0.00000,0.99999,0.00000,0.00000
124.20000,3.01194,0.00001,0.99998,0.00000,0.00000
124.40000,3.01193,0.00001,0.99998,0.00001,0.00000
124.60000,3.01194,0.00000,1.00000,0.00000,0.00000
124.80000,3.01193,0.00001,0.99998,0.00001,0.00000
125.00000,3.01193,0.00000,0.99999,0.00000,0.00000
125.20000,3.01195,0.00001,0.99999,0.00000,0.00000
125.40000,3.01194,0.00001,0.99999,0.00000,0.00000
125.60000,3.01194,0.00001,0.99999,0.00000,0.00000
125.80000,3.01193,0.00001,0.99999,0.00000,0.00000
126.00000,3.01193,0.00006,0.99993,0.00001,0.00000
126.20000,3.01195,0.00002,0.99997,0.00001,0.00000
126.40000,3.01194,0.00004,0.99995,0.00001,0.00000
126.60000,3.01194,0.00016,0.99979,0.00005,0.00001
126.80000,3.01193,0.00002,0.99998,0.00000,0.00000
127.00000,3.01193,0.00002,0.99998,0.00000,0.00000
127.20000,3.01195,0.00002,0.99998,0.00000,0.00000
127.40000,3.01194,0.00001,0.99999,0.00000,0.00000
127.60000,3.01194,0.00010,0.99988,0.00002,0.00000
127.80000,3.01193,0.00001,0.99999,0.00000,0.00000
128.00000,3.01193,0.00000,1.00000,0.00000,0.00000
128.20000,3.01195,0.00001,0.99998,0.00001,0.00000
128.39999,3.01195,0.00001,0.99998,0.00000,0.00000
128.60001,3.01193,0.00000,0.99999,0.00000,0.00000
128.80000,3.01193,0.00000,1.00000,0.00000,0.00000
129.00000,3.01193,0.00002,0.99998,0.00000,0.00000
129.20000,3.01195,0.00003,0.99996,0.00001,0.00000
129.39999,3.01195,0.00003,0.99996,0.00001,0.00000
129.60001,3.01193,0.00004,0.99994,0.00001,0.00000
129.80000,3.01193,0.00007,0.99990,0.00003,0.00000
130.00000,3.01193,0.00001,0.99998,0.00000,0.00000
130.20000,3.01195,0.00019,0.99977,0.00003,0.00000
130.39999,3.01195,0.00006,0.99993,0.00001,0.00000
130.60001,3.01193,0.00006,0.99992,0.00001,0.00000
130.80000,3.01193,0.00023,0.99975,0.00002,0.00000
131.00000,3.01193,0.00024,0.99974,0.00002,0.00000
131.20000,3.01195,0.00001,0.99999,0.00000,0.00000
131.39999,3.01195,0.00002,0.99998,0.00000,0.00000
131.60001,3.01193,0.00008,0.99990,0.00002,0.00000
131.80000,3.01193,0.00000,1.00000,0.00000,0.00000
132.00000,3.01193,0.00003,0.99996,0.00001,0.00000
132.20000,3.01195,0.00012,0.99985,0.00003,0.00000
132.39999,3.01195,0.00002,0.99998,0.00000,0.00000
132.60001,3.01193,0.00002,0.99998,0.00001,0.00000
132.80000,3.01193,0.00002,0.99998,0.00000,0.00000
133.00000,3.01193,0.00004,0.99995,0.00001,0.00000
133.20000,3.01195,0.00001,0.99999,0.00000,0.00000
133.39999,3.01195,0.00006,0.99993,0.00001,0.00000
133.60001,3.01193,0.00001,0.99999,0.00000,0.00000
133.80000,3.01193,0.00001,0.99999,0.00000,0.00000
134.00000,3.01193,0.00001,0.99999,0.00000,0.00000
134.20000,3.01195,0.00001,0.99999,0.00000,0.00000
134.39999,3.01195,0.00001,0.99999,0.00000,0.00000
134.60001,3.01193,0.00000,0.99999,0.00000,0.00000
134.80000,3.01193,0.00003,0.99996,0.00001,0.00000
135.00000,3.01193,0.00000,0.99999,0.00000,0.00000
135.20000,3.01195,0.00005,0.99993,0.00001,0.00000
135.39999,3.01195,0.00003,0.99997,0.00000,0.00000
135.60001,3.01193,0.00001,0.99998,0.00001,0.00000
135.80000,3.01193,0.00001,0.99999,0.00000,0.00000
136.00000,3.01193,0.00001,0.99998,0.00000,0.00000
136.20000,3.01195,0.00002,0.99997,0.00001,0.00000
136.39999,3.01195,0.00001,0.99999,0.00001,0.00000
136.60001,3.01193,0.00001,0.99999,0.00000,0.00000
136.80000,3.01193,0.00001,0.99998,0.00000,0.00000
137.00000,3.01193,0.00002,0.99998,0.00001,0.00000
137.20000,3.01195,0.00002,0.99997,0.00001,0.00000
137.39999,3.01195,0.00004,0.99995,0.00001,0.00000
137.60001,3.01193,0.00007,0.99992,0.00001,0.00000
137.80000,3.01193,0.00003,0.99996,0.00001,0.00000
138.00000,3.01193,0.00003,0.99996,0.00000,0.00000
138.20000,3.01195,0.00003,0.99997,0.00001,0.00000
138.39999,3.01195,0.00001,0.99998,0.00001,0.00000
138.60001,3.01193,0.00006,0.99993,0.00001,0.00000
138.80000,3.01193,0.00002,0.99998,0.00000,0.00000
139.00000,3.01193,0.00005,0.99994,0.00001,0.00000
139.20000,3.01195,0.00002,0.99998,0.00000,0.00000
139.39999,3.01195,0.00002,0.99998,0.00000,0.00000
139.60001,3.01193,0.00002,0.99996,0.00002,0.00000
139.80000,3.01193,0.00000,1.00000,0.00000,0.00000
140.00000,3.01193,0.00000,0.99999,0.00000,0.00000
140.20000,3.01195,0.00005,0.99995,0.00000,0.00000
140.39999,3.01195,0.00000,0.99999,0.00000,0.00000
140.60001,3.01193,0.00000,1.00000,0.00000,0.00000
140.80000,3.01193,0.00003,0.99996,0.00001,0.00000
141.00000,3.01193,0.00000,1.00000,0.00000,0.00000
141.20000,3.01195,0.00001,0.99999,0.00000,0.00000
141.39999,3.01195,0.00001,0.99999,0.00000,0.00000
141.60001,3.01193,0.00001,0.99999,0.00000,0.00000
141.80000,3.01193,0.00000,1.00000,0.00000,0.00000
142.00000,3.01193,0.00000,0.99999,0.00000,0.00000
142.20000,3.01195,0.00000,0.99999,0.00000,0.00000
142.39999,3.01195,0.00000,1.00000,0.00000,0.00000
142.60001,3.01193,0.00001,0.99999,0.00000,0.00000
142.80000,3.01193,0.00002,0.99998,0.00000,0.00000
143.00000,3.01193,0.00000,0.99999,0.00000,0.00000
143.20000,3.01195,0.00000,1.00000,0.00000,0.00000
143.39999,3.01195,0.00001,0.99999,0.00000,0.00000
143.60001,3.01193,0.00000,1.00000,0.00000,0.00000
143.80000,3.01193,0.00002,0.99997,0.00001,0.00000
144.00000,3.01193,0.00000,0.99999,0.00000,0.00000
144.20000,3.01195,0.00001,0.99999,0.00001,0.00000
144.39999,3.01195,0.00000,0.99999,0.00000,0.00000
144.60001,3.01193,0.00002,0.99998,0.00001,0.00000
144.80000,3.01193,0.00000,0.99999,0.00000,0.00000
145.00000,3.01193,0.00002,0.99997,0.00001,0.00000
145.20000,3.01195,0.00001,0.99999,0.00000,0.00000
145.39999,3.01195,0.00001,0.99999,0.00000,0.00000
145.60001,3.01193,0.00001,0.99999,0.00000,0.00000
145.80000,3.01193,0.00000,1.00000,0.00000,0.00000
146.00000,3.01193,0.00001,0.99999,0.00000,0.00000
146.20000,3.01195,0.00000,0.99999,0.00000,0.00000
146.39999,3.01195,0.00001,0.99999,0.00000,0.00000
146.60001,3.01193,0.00000,1.00000,0.00000,0.00000
146.80000,3.01193,0.00000,1.00000,0.00000,0.00000
147.00000,3.01193,0.00001,0.99999,0.00000,0.00000
147.20000,3.01195,0.00000,0.99999,0.00000,0.00000
147.39999,3.01195,0.00000,1.00000,0.00000,0.00000
147.60001,3.01193,0.00001,0.99998,0.00001,0.00000
147.80000,3.01193,0.00000,1.00000,0.00000,0.00000
148.00000,3.01193,0.00001,0.99999,0.00000,0.00000
148.20000,3.01195,0.00000,0.99999,0.00000,0.00000
148.39999,3.01195,0.00001,0.99998,0.00001,0.00000
148.60001,3.01193,0.00000,1.00000,0.00000,0.00000
148.80000,3.01193,0.00000,0.99999,0.00000,0.00000
149.00000,3.01193,0.00000,1.00000,0.00000,0.00000
149.20000,3.01195,0.00001,0.99999,0.00000,0.00000
149.39999,3.01195,0.00000,1.00000,0.00000,0.00000
149.60001,3.01193,0.00002,0.99997,0.00001,0.00000
149.80000,3.01193,0.00000,0.99999,0.00000,0.00000
150.00000,3.01193,0.00000,1.00000,0.00000,0.00000
150.20000,3.01195,0.00000,0.99999,0.00001,0.00000
150.39999,3.01195,0.00000,0.99999,0.00000,0.00000
150.60001,3.01193,0.00001,0.99998,0.00001,0.00000
150.80000,3.01193,0.00000,0.99999,0.00000,0.00000
151.00000,3.01193,0.00000,0.99999,0.00000,0.00000
151.20000,3.01195,0.00000,0.99999,0.00001,0.00000
151.39999,3.01195,0.00000,0.99999,0.00000,0.00000
151.60001,3.01193,0.00000,0.99999,0.00000,0.00000
151.80000,3.01193,0.00000,1.00000,0.00000,0.00000
152.00000,3.01193,0.00001,0.99997,0.00002,0.00000
152.20000,3.01195,0.00000,1.00000,0.00000,0.00000
152.39999,3.01195,0.00001,0.99998,0.00001,0.00000
152.60001,3.01193,0.00000,1.00000,0.00000,0.00000
152.80000,3.01193,0.00001,0.99998,0.00001,0.00000
153.00000,3.01193,0.00001,0.99999,0.00000,0.00000
153.20000,3.01195,0.00000,0.99999,0.00000,0.00000
153.39999,3.01195,0.00000,1.00000,0.00000,0.00000
153.60001,3.01193,0.00001,0.99999,0.00000,0.00000
153.80000,3.01193,0.00000,1.00000,0.00000,0.00000
154.00000,3.01193,0.00000,0.99999,0.00000,0.00000
154.20000,3.01195,0.00001,0.99999,0.00001,0.00000
154.39999,3.01195,0.00000,0.99999,0.00000,0.00000
154.60001,3.01193,0.00000,0.99999,0.00000,0.00000
154.80000,3.01193,0.00000,1.00000,0.00000,0.00000
155.00000,3.01193,0.00001,0.99999,0.00001,0.00000
155.20000,3.01195,0.00000,0.99999,0.00000,0.00000
155.39999,3.01195,0.00001,0.99999,0.00000,0.00000
155.60001,3.01193,0.00000,1.00000,0.00000,0.00000
155.80000,3.01193,0.00001,0.99999,0.00001,0.00000
156.00000,3.01193,0.00000,0.99999,0.00000,0.00000
156.20000,3.01195,0.00002,0.99997,0.00001,0.00000
156.39999,3.01195,0.00001,0.99998,0.00001,0.00000
156.60001,3.01193,0.00001,0.99998,0.00001,0.00000
156.80000,3.01193,0.00000,1.00000,0.00000,0.00000
157.00000,3.01193,0.00000,1.00000,0.00000,0.00000
157.20000,3.01195,0.00001,0.99998,0.00001,0.00000
157.39999,3.01195,0.00000,1.00000,0.00000,0.00000
157.60001,3.01193,0.00001,0.99998,0.00001,0.00000
157.80000,3.01193,0.00000,1.00000,0.00000,0.00000
158.00000,3.01193,0.00000,0.99999,0.00000,0.00000
158.20000,3.01195,0.00000,1.00000,0.00000,0.00000
158.39999,3.01195,0.00000,1.00000,0.00000,0.00000
158.60001,3.01193,0.00000,1.00000,0.00000,0.00000
158.80000,3.01193,0.00000,1.00000,0.00000,0.00000
159.00000,3.01193,0.00001,0.99999,0.00000,0.00000
159.20000,3.01195,0.00000,1.00000,0.00000,0.00000
159.39999,3.01195,0.00000,1.00000,0.00000,0.00000
159.60001,3.01193,0.00000,1.00000,0.00000,0.00000
159.80000,3.01193,0.00000,0.99999,0.00000,0.00000
160.00000,3.01193,0.00000,0.99999,0.00000,0.00000
160.20000,3.01195,0.00000,1.00000,0.00000,0.00000
160.39999,3.01195,0.00001,0.99999,0.00000,0.00000
160.60001,3.01193,0.00000,1.00000,0.00000,0.00000
160.80000,3.01193,0.00000,0.99999,0.00000,0.00000
161.00000,3.01193,0.00000,0.99999,0.00000,0.00000
161.20000,3.01195,0.00002,0.99996,0.00002,0.00000
161.39999,3.01195,0.00001,0.99999,0.00000,0.00000
161.60001,3.01193,0.00004,0.99994,0.00002,0.00000
161.80000,3.01193,0.00001,0.99999,0.00000,0.00000
162.00000,3.01193,0.00002,0.99997,0.00001,0.00000
162.20000,3.01195,0.00001,0.99998,0.00001,0.00000
162.39999,3.01195,0.00001,0.99998,0.00001,0.00000
162.60001,3.01193,0.00002,0.99997,0.00001,0.00000
162.80000,3.01193,0.00001,0.99999,0.00000,0.00000
163.00000,3.01193,0.00001,0.99999,0.00000,0.00000
163.20000,3.01195,0.00002,0.99998,0.00000,0.00000
163.39999,3.01195,0.00001,0.99998,0.00001,0.00000
163.60001,3.01193,0.00001,0.99999,0.00000,0.00000
163.80000,3.01193,0.00002,0.99997,0.00001,0.00000
164.00000,3.01193,0.00002,0.99998,0.00001,0.00000
164.20000,3.01195,0.00002,0.99997,0.00001,0.00000
164.39999,3.01195,0.00001,0.99999,0.00000,0.00000
164.60001,3.01193,0.00004,0.99994,0.00002,0.00000
164.80000,3.01193,0.00001,0.99999,0.00000,0.00000
165.00000,3.01193,0.00003,0.99995,0.00002,0.00000
165.20000,3.01195,0.00002,0.99998,0.00001,0.00000
165.39999,3.01195,0.00007,0.99990,0.00003,0.00000
165.60001,3.01193,0.00001,0.99999,0.00000,0.00000
165.80000,3.01193,0.00014,0.99984,0.00003,0.00000
166.00000,3.01193,0.00001,0.99999,0.00000,0.00000
166.20000,3.01195,0.00024,0.99971,0.00005,0.00000
166.39999,3.01195,0.00001,0.99999,0.00000,0.00000
166.60001,3.01193,0.00003,0.99996,0.00001,0.00000
166.80000,3.01193,0.00000,0.99999,0.00000,0.00000
167.00000,3.01193,0.00002,0.99997,0.00001,0.00000
167.20000,3.01195,0.00001,0.99998,0.00001,0.00000
167.39999,3.01195,0.00001,0.99998,0.00001,0.00000
167.60001,3.01193,0.00001,0.99999,0.00001,0.00000
167.80000,3.01193,0.00000,0.99999,0.00000,0.00000
168.00000,3.01193,0.00002,0.99998,0.00000,0.00000
168.20000,3.01195,0.00000,0.99999,0.00000,0.00000
168.39999,3.01195,0.00003,0.99996,0.00001,0.00000
168.60001,3.01193,0.00001,0.99999,0.00000,0.00000
168.80000,3.01193,0.00003,0.99995,0.00001,0.00000
169.00000,3.01193,0.00002,0.99998,0.00000,0.00000
169.20000,3.01195,0.00005,0.99995,0.00001,0.00000
169.39999,3.01195,0.00002,0.99997,0.00001,0.00000
169.60001,3.01193,0.00019,0.99979,0.00002,0.00000
169.80000,3.01193,0.00001,0.99998,0.00001,0.00000
170.00000,3.01193,0.00004,0.99995,0.00001,0.00000
170.20000,3.01195,0.00001,0.99998,0.00000,0.00000
170.39999,3.01195,0.00002,0.99998,0.00000,0.00000
170.60001,3.01193,0.00001,0.99999,0.00000,0.00000
170.80000,3.01193,0.00001,0.99999,0.00000,0.00000
171.00000,3.01193,0.00001,0.99998,0.00001,0.00000
171.20000,3.01195,0.00001,0.99999,0.00000,0.00000
171.39999,3.01195,0.00001,0.99999,0.00000,0.00000
171.60001,3.01193,0.00002,0.99998,0.00001,0.00000
171.80000,3.01193,0.00000,1.00000,0.00000,0.00000
172.00000,3.01193,0.00000,0.99999,0.00000,0.00000
172.20000,3.01195,0.00001,0.99998,0.00001,0.00000
172.39999,3.01195,0.00001,0.99999,0.00000,0.00000
172.60001,3.01193,0.00003,0.99996,0.00001,0.00000
172.80000,3.01193,0.00005,0.99994,0.00001,0.00000
173.00000,3.01193,0.00002,0.99998,0.00000,0.00000
173.20000,3.01195,0.00002,0.99998,0.00000,0.00000
173.39999,3.01195,0.00127,0.99859,0.00008,0.00006
173.60001,3.01193,0.00006,0.99993,0.00001,0.00000
173.80000,3.01193,0.00111,0.99878,0.00008,0.00003
174.00000,3.01193,0.00019,0.99978,0.00002,0.00000
174.20000,3.01195,0.00145,0.99836,0.00017,0.00002
174.39999,3.01195,0.00018,0.99978,0.00004,0.00000
174.60001,3.01193,0.00048,0.99942,0.00010,0.00000
174.80000,3.01193,0.00010,0.99987,0.00002,0.00000
175.00000,3.01193,0.00015,0.99983,0.00002,0.00000
175.20000,3.01195,0.00002,0.99997,0.00000,0.00000
175.39999,3.01195,0.00003,0.99997,0.00000,0.00000
175.60001,3.01193,0.00002,0.99998,0.00000,0.00000
175.80000,3.01193,0.00002,0.99998,0.00000,0.00000
176.00000,3.01193,0.00003,0.99996,0.00001,0.00000
176.20000,3.01195,0.00002,0.99998,0.00000,0.00000
176.39999,3.01195,0.00004,0.99995,0.00001,0.00000
176.60001,3.01193,0.00011,0.99988,0.00001,0.00000
176.80000,3.01193,0.00000,1.00000,0.00000,0.00000
177.00000,3.01193,0.00003,0.99997,0.00001,0.00000
177.20000,3.01195,0.00000,0.99999,0.00000,0.00000
177.39999,3.01195,0.00001,0.99999,0.00000,0.00000
177.60001,3.01193,0.00000,0.99999,0.00000,0.00000
177.80000,3.01193,0.00001,0.99999,0.00000,0.00000
178.00000,3.01193,0.00001,0.99999,0.00000,0.00000
178.20000,3.01195,0.00002,0.99998,0.00001,0.00000
178.39999,3.01195,0.00001,0.99999,0.00000,0.00000
178.60001,3.01193,0.00002,0.99998,0.00000,0.00000
178.80000,3.01193,0.00000,0.99999,0.00000,0.00000
179.00000,3.01193,0.00002,0.99997,0.00001,0.00000
179.20000,3.01195,0.00000,0.99999,0.00000,0.00000
179.39999,3.01195,0.00003,0.99996,0.00001,0.00000
179.60001,3.01193,0.00000,1.00000,0.00000,0.00000
179.80000,3.01193,0.00002,0.99997,0.00001,0.00000
180.00000,3.01193,0.00000,0.99999,0.00000,0.00000
180.20000,3.01195,0.00001,0.99999,0.00000,0.00000
180.39999,3.01195,0.00000,0.99999,0.00000,0.00000
180.60001,3.01193,0.00003,0.99996,0.00001,0.00000
180.80000,3.01193,0.00000,1.00000,0.00000,0.00000
181.00000,3.01193,0.00001,0.99999,0.00000,0.00000
181.20000,3.01195,0.00000,0.99999,0.00000,0.00000
181.39999,3.01195,0.00000,0.99999,0.00000,0.00000
181.60001,3.01193,0.00001,0.99999,0.00000,0.00000
181.80000,3.01193,0.00004,0.99995,0.00000,0.00000
182.00000,3.01193,0.00001,0.99998,0.00000,0.00000
182.20000,3.01195,0.00002,0.99998,0.00001,0.00000
182.39999,3.01195,0.00003,0.99996,0.00001,0.00000
182.60001,3.01193,0.00005,0.99995,0.00001,0.00000
182.80000,3.01193,0.00001,0.99998,0.00000,0.00000
183.00000,3.01193,0.00003,0.99997,0.00000,0.00000
183.20000,3.01195,0.00005,0.99994,0.00001,0.00000
183.39999,3.01195,0.00003,0.99997,0.00000,0.00000
183.60001,3.01193,0.00004,0.99994,0.00002,0.00000
183.80000,3.01193,0.00001,0.99999,0.00000,0.00000
184.00000,3.01193,0.00002,0.99997,0.00001,0.00000
184.20000,3.01195,0.00001,0.99998,0.00001,0.00000
184.39999,3.01195,0.00009,0.99988,0.00003,0.00000
184.60001,3.01193,0.00001,0.99998,0.00001,0.00000
184.80000,3.01193,0.00001,0.99999,0.00000,0.00000
185.00000,3.01193,0.00001,0.99999,0.00000,0.00000
185.20000,3.01195,0.00001,0.99999,0.00000,0.00000
185.39999,3.01195,0.00000,0.99999,0.00000,0.00000
185.60001,3.01193,0.00001,0.99999,0.00000,0.00000
185.80000,3.01193,0.00000,1.00000,0.00000,0.00000
186.00000,3.01193,0.00000,0.99999,0.00000,0.00000
186.20000,3.01195,0.00001,0.99999,0.00001,0.00000
186.39999,3.01195,0.00000,1.00000,0.00000,0.00000
186.60001,3.01193,0.00000,0.99999,0.00000,0.00000
186.80000,3.01193,0.00000,0.99999,0.00000,0.00000
187.00000,3.01193,0.00000,1.00000,0.00000,0.00000
187.20000,3.01195,0.00000,1.00000,0.00000,0.00000
187.39999,3.01195,0.00000,1.00000,0.00000,0.00000
187.60001,3.01193,0.00000,0.99999,0.00000,0.00000
187.80000,3.01193,0.00001,0.99999,0.00000,0.00000
188.00000,3.01193,0.00000,0.99999,0.00000,0.00000
188.20000,3.01195,0.00001,0.99999,0.00001,0.00000
188.39999,3.01195,0.00001,0.99999,0.00000,0.00000
188.60001,3.01193,0.00001,0.99999,0.00000,0.00000
188.80000,3.01193,0.00001,0.99998,0.00000,0.00000
189.00000,3.01193,0.00000,1.00000,0.00000,0.00000
189.20000,3.01195,0.00002,0.99998,0.00001,0.00000
189.39999,3.01195,0.00000,0.99999,0.00000,0.00000
189.60001,3.01193,0.00001,0.99999,0.00001,0.00000
189.80000,3.01193,0.00000,0.99999,0.00000,0.00000
190.00000,3.01193,0.00003,0.99995,0.00001,0.00000
190.20000,3.01195,0.00001,0.99999,0.00000,0.00000
190.39999,3.01195,0.00000,0.99999,0.00000,0.00000
190.60001,3.01193,0.00001,0.99999,0.00000,0.00000
190.80000,3.01193,0.00001,0.99999,0.00000,0.00000
191.00000,3.01193,0.00002,0.99997,0.00001,0.00000
191.20000,3.01195,0.00000,0.99999,0.00000,0.00000
191.39999,3.01195,0.00001,0.99998,0.00000,0.00000
191.60001,3.01193,0.00001,0.99999,0.00000,0.00000
191.80000,3.01193,0.00000,1.00000,0.00000,0.00000
192.00000,3.01193,0.00000,0.99999,0.00000,0.00000
192.20000,3.01195,0.00001,0.99999,0.00001,0.00000
192.39999,3.01195,0.00000,0.99999,0.00000,0.00000
192.60001,3.01193,0.00000,1.00000,0.00000,0.00000
192.80000,3.01193,0.00001,0.99998,0.00000,0.00000
193.00000,3.01193,0.00001,0.99999,0.00000,0.00000
193.20000,3.01195,0.00001,0.99999,0.00000,0.00000
193.39999,3.01195,0.00001,0.99999,0.00000,0.00000
193.60001,3.01193,0.00002,0.99998,0.00000,0.00000
193.80000,3.01193,0.00001,0.99998,0.00000,0.00000
194.00000,3.01193,0.00002,0.99998,0.00000,0.00000
194.20000,3.01195,0.00003,0.99997,0.00000,0.00000
194.39999,3.01195,0.00001,0.99999,0.00000,0.00000
194.60001,3.01193,0.00001,0.99998,0.00000,0.00000
194.80000,3.01193,0.00003,0.99996,0.00001,0.00000
195.00000,3.01193,0.00005,0.99994,0.00001,0.00000
195.20000,3.01195,0.00003,0.99996,0.00001,0.00000
195.39999,3.01195,0.00004,0.99995,0.00001,0.00000
195.60001,3.01193,0.00003,0.99996,0.00001,0.00000
195.80000,3.01193,0.00005,0.99995,0.00000,0.00000
196.00000,3.01193,0.00008,0.99991,0.00001,0.00000
196.20000,3.01195,0.00008,0.99990,0.00002,0.00000
196.39999,3.01195,0.00006,0.99993,0.00001,0.00000
196.60001,3.01193,0.00005,0.99994,0.00001,0.00000
196.80000,3.01193,0.00045,0.99951,0.00003,0.00001
197.00000,3.01193,0.00012,0.99986,0.00002,0.00000
197.20000,3.01195,0.00007,0.99992,0.00001,0.00000
197.39999,3.01195,0.00035,0.99961,0.00004,0.00000
197.60001,3.01193,0.00003,0.99996,0.00001,0.00000
197.80000,3.01193,0.00078,0.99913,0.00007,0.00002
198.00000,3.01193,0.00009,0.99989,0.00001,0.00000
198.20000,3.01195,0.00005,0.99994,0.00000,0.00000
198.39999,3.01195,0.00005,0.99993,0.00001,0.00000
