Time(Seconds),Length(Seconds),Label(string),Confidence(double),Comment(string)
0.020047499999999996,1.8406649000000002,working,1,
1.8673539000000001,0.14589629999999995,impact,1,
2.0225044,1.0773175000000001,working,1,
3.1080818,0.12172100000000019,impact,1,
3.2401358,0.9588184,working,1,
4.2071296,0.13378950000000014,impact,1,
4.3475608,0.8772002000000003,working,1,
5.232397,0.14375199999999966,impact,1,
5.3860269999999995,0.9837152000000005,working,1,
6.378457,0.11354559999999969,impact,1,
6.5034144,0.9311402000000003,working,1,
7.4443482,0.12325479999999969,impact,1,
7.574784,0.9266562000000003,working,1,
8.5096156,0.11209620000000065,impact,1,
8.6294322,0.8829648000000002,working,1,
9.518414799999999,0.12126600000000057,impact,1,
9.6500137,1.0437905000000005,working,1,
10.702518999999999,0.13744800000000063,impact,1,
10.8486817,0.9242125000000007,working,1,
11.781609,0.10375190000000029,impact,1,
11.8935364,0.9068672000000003,working,1,
12.807045200000001,0.1276543999999997,impact,1,
12.941880600000001,0.9067827999999993,working,1,
13.8552206,0.13358779999999973,impact,1,
13.998062599999999,0.9066984000000002,working,1,
14.9140996,0.09935240000000053,impact,1,
15.0216274,0.8362058000000002,working,1,
15.864390400000001,0.11615810000000026,impact,1,
15.988724000000001,0.7881147999999976,working,1,
16.7899532,0.10897719999999955,impact,1,
16.907729500000002,0.8316375000000005,working,1,
17.7481662,0.12246219999999958,impact,1,
17.878888200000002,0.7691513999999984,working,1,
18.6581146,0.1507690000000017,impact,1,
18.8154408,0.6927254000000003,working,1,
19.5158022,0.10142559999999959,impact,1,
19.625403199999997,0.6829318000000012,working,1,
20.315970999999998,0.10287500000000128,impact,1,
20.426482,0.702265800000002,working,1,
21.136923200000002,0.10665079999999771,impact,1,
21.2517494,0.6716043999999975,working,1,
21.9315292,0.1271901999999973,impact,1,
22.0658582,0.6883257999999975,working,1,
22.765056400000002,0.14988709999999927,impact,1,
22.9241978,0.7621578000000002,working,1,
23.6955582,0.15233099999999944,impact,1,
23.856603999999997,0.9303146000000013,working,1,
24.795094,0.10943220000000042,impact,1,
24.9138647,0.7364168999999979,working,1,
25.658457000000002,0.13188509999999937,impact,1,
25.8001358,0.8231757999999976,working,1,
26.634184,0.13549219999999876,impact,1,
26.7789304,0.7816420000000012,working,1,
27.567129599999998,0.13333460000000227,impact,1,
27.7076452,0.7428052000000012,working,1,
28.457547,0.13100820000000044,impact,1,
28.5984332,0.7484571999999997,working,1,
29.3548078,0.1463646000000014,impact,1,
29.510966,0.8708961999999987,working,1,
30.3927346,0.07993399999999874,impact,1,
30.4798496,0.9677349999999976,working,1,
31.455759999999998,0.1425888000000014,impact,1,
31.6039116,0.822636400000001,working,1,
32.4331896,0.14457759999999598,impact,1,
32.587560800000006,0.6952535999999949,working,1,
33.2920686,0.13262640000000397,impact,1,
33.432331,0.7249206000000019,working,1,
34.167584600000005,0.11769190000000113,impact,1,
34.293452,0.7677020000000002,working,1,
35.06879,0.14798270000000024,impact,1,
35.227645200000005,0.9058727999999995,working,1,
36.1449298,0.1505953000000011,impact,1,
36.303700600000006,0.794048199999994,working,1,
37.106463600000005,0.159141399999996,impact,1,
37.2732594,2.8396439999999967,working,1,
